&   CARGA
&
&   ss  di hi m df hf m Demanda
&X  XX  XX XX X XX XX X XXXXXXXXXX
DP   1  19 00 0  F        48381.37
DP   1  19 00 1  F        47007.80
DP   1  19 01 0  F        45743.27
DP   1  19 01 1  F        44665.99
DP   1  19 02 0  F        43730.81
DP   1  19 02 1  F        42888.55
DP   1  19 03 0  F        42197.11
DP   1  19 03 1  F        41717.26
DP   1  19 04 0  F        41414.03
DP   1  19 04 1  F        41236.80
DP   1  19 05 0  F        41168.05
DP   1  19 05 1  F        41190.73
DP   1  19 06 0  F        41256.36
DP   1  19 06 1  F        41391.34
DP   1  19 07 0  F        41952.66
DP   1  19 07 1  F        43238.91
DP   1  19 08 0  F        44984.25
DP   1  19 08 1  F        46801.23
DP   1  19 09 0  F        48380.32
DP   1  19 09 1  F        49523.23
DP   1  19 10 0  F        50398.61
DP   1  19 10 1  F        51186.93
DP   1  19 11 0  F        51749.21
DP   1  19 11 1  F        51928.93
DP   1  19 12 0  F        51818.98
DP   1  19 12 1  F        51617.80
DP   1  19 13 0  F        51696.48
DP   1  19 13 1  F        52312.49
DP   1  19 14 0  F        53096.12
DP   1  19 14 1  F        53621.84
DP   1  19 15 0  F        53867.97
DP   1  19 15 1  F        53897.59
DP   1  19 16 0  F        53708.99
DP   1  19 16 1  F        53257.25
DP   1  19 17 0  F        52389.35
DP   1  19 17 1  F        51031.91
DP   1  19 18 0  F        49538.26
DP   1  19 18 1  F        48389.59
DP   1  19 19 0  F        48151.92
DP   1  19 19 1  F        49100.55
DP   1  19 20 0  F        50263.15
DP   1  19 20 1  F        50669.37
DP   1  19 21 0  F        50604.55
DP   1  19 21 1  F        50527.04
DP   1  19 22 0  F        50331.77
DP   1  19 22 1  F        49844.12
DP   1  19 23 0  F        49174.63
DP   1  19 23 1  F        48505.13
DP   2  19 00 0  F        15053.07
DP   2  19 00 1  F        14455.87
DP   2  19 01 0  F        13933.03
DP   2  19 01 1  F        13537.44
DP   2  19 02 0  F        13235.99
DP   2  19 02 1  F        12983.17
DP   2  19 03 0  F        12769.97
DP   2  19 03 1  F        12598.54
DP   2  19 04 0  F        12479.19
DP   2  19 04 1  F        12424.53
DP   2  19 05 0  F        12448.17
DP   2  19 05 1  F        12552.47
DP   2  19 06 0  F        12693.95
DP   2  19 06 1  F        12870.08
DP   2  19 07 0  F        13288.07
DP   2  19 07 1  F        14111.39
DP   2  19 08 0  F        15118.56
DP   2  19 08 1  F        16028.23
DP   2  19 09 0  F        16704.40
DP   2  19 09 1  F        17100.50
DP   2  19 10 0  F        17382.34
DP   2  19 10 1  F        17723.85
DP   2  19 11 0  F        18118.79
DP   2  19 11 1  F        18469.86
DP   2  19 12 0  F        18495.55
DP   2  19 12 1  F        18060.28
DP   2  19 13 0  F        17796.25
DP   2  19 13 1  F        18274.03
DP   2  19 14 0  F        19049.64
DP   2  19 14 1  F        19556.10
DP   2  19 15 0  F        19748.96
DP   2  19 15 1  F        19717.83
DP   2  19 16 0  F        19565.81
DP   2  19 16 1  F        19368.77
DP   2  19 17 0  F        19080.11
DP   2  19 17 1  F        18619.71
DP   2  19 18 0  F        17895.78
DP   2  19 18 1  F        16941.74
DP   2  19 19 0  F        16303.47
DP   2  19 19 1  F        16432.67
DP   2  19 20 0  F        16891.91
DP   2  19 20 1  F        17159.96
DP   2  19 21 0  F        17269.67
DP   2  19 21 1  F        17349.83
DP   2  19 22 0  F        17358.96
DP   2  19 22 1  F        17239.92
DP   2  19 23 0  F        17043.33
DP   2  19 23 1  F        16846.74
DP   3  19 00 0  F        13708.75
DP   3  19 00 1  F        13453.33
DP   3  19 01 0  F        13219.74
DP   3  19 01 1  F        13023.84
DP   3  19 02 0  F        12857.67
DP   3  19 02 1  F        12709.00
DP   3  19 03 0  F        12572.26
DP   3  19 03 1  F        12449.17
DP   3  19 04 0  F        12364.05
DP   3  19 04 1  F        12321.47
DP   3  19 05 0  F        12224.71
DP   3  19 05 1  F        11991.49
DP   3  19 06 0  F        11698.91
DP   3  19 06 1  F        11465.45
DP   3  19 07 0  F        11415.99
DP   3  19 07 1  F        11633.16
DP   3  19 08 0  F        12024.23
DP   3  19 08 1  F        12459.39
DP   3  19 09 0  F        12835.91
DP   3  19 09 1  F        13084.69
DP   3  19 10 0  F        13244.09
DP   3  19 10 1  F        13369.39
DP   3  19 11 0  F        13475.96
DP   3  19 11 1  F        13556.38
DP   3  19 12 0  F        13551.92
DP   3  19 12 1  F        13433.08
DP   3  19 13 0  F        13338.80
DP   3  19 13 1  F        13402.89
DP   3  19 14 0  F        13570.45
DP   3  19 14 1  F        13746.08
DP   3  19 15 0  F        13861.13
DP   3  19 15 1  F        13873.24
DP   3  19 16 0  F        13818.20
DP   3  19 16 1  F        13721.96
DP   3  19 17 0  F        13492.68
DP   3  19 17 1  F        13089.02
DP   3  19 18 0  F        12789.31
DP   3  19 18 1  F        12843.03
DP   3  19 19 0  F        13064.49
DP   3  19 19 1  F        13209.26
DP   3  19 20 0  F        13233.19
DP   3  19 20 1  F        13174.51
DP   3  19 21 0  F        13200.79
DP   3  19 21 1  F        13436.18
DP   3  19 22 0  F        13701.90
DP   3  19 22 1  F        13804.48
DP   3  19 23 0  F        13794.95
DP   3  19 23 1  F        13785.42
DP   4  19 00 0  F        7226.04
DP   4  19 00 1  F        7178.04
DP   4  19 01 0  F        7122.53
DP   4  19 01 1  F        7055.83
DP   4  19 02 0  F        6989.65
DP   4  19 02 1  F        6933.46
DP   4  19 03 0  F        6872.50
DP   4  19 03 1  F        6793.89
DP   4  19 04 0  F        6716.53
DP   4  19 04 1  F        6661.99
DP   4  19 05 0  F        6630.80
DP   4  19 05 1  F        6610.05
DP   4  19 06 0  F        6554.21
DP   4  19 06 1  F        6434.29
DP   4  19 07 0  F        6319.87
DP   4  19 07 1  F        6291.45
DP   4  19 08 0  F        6374.41
DP   4  19 08 1  F        6560.78
DP   4  19 09 0  F        6764.35
DP   4  19 09 1  F        6902.14
DP   4  19 10 0  F        6982.37
DP   4  19 10 1  F        7032.50
DP   4  19 11 0  F        7065.80
DP   4  19 11 1  F        7085.80
DP   4  19 12 0  F        7071.39
DP   4  19 12 1  F        7014.53
DP   4  19 13 0  F        6984.05
DP   4  19 13 1  F        7044.79
DP   4  19 14 0  F        7168.52
DP   4  19 14 1  F        7305.57
DP   4  19 15 0  F        7413.30
DP   4  19 15 1  F        7460.56
DP   4  19 16 0  F        7455.02
DP   4  19 16 1  F        7409.55
DP   4  19 17 0  F        7319.01
DP   4  19 17 1  F        7181.89
DP   4  19 18 0  F        7029.17
DP   4  19 18 1  F        6906.06
DP   4  19 19 0  F        6882.25
DP   4  19 19 1  F        6994.54
DP   4  19 20 0  F        7123.72
DP   4  19 20 1  F        7155.79
DP   4  19 21 0  F        7153.84
DP   4  19 21 1  F        7198.51
DP   4  19 22 0  F        7263.44
DP   4  19 22 1  F        7307.15
DP   4  19 23 0  F        7334.45
DP   4  19 23 1  F        7361.76
