&   CARGA
&
&   ss  di hi m df hf m Demanda
&X  XX  XX XX X XX XX X XXXXXXXXXX
DP   1  16 00 0  F        46391.91
DP   1  16 00 1  F        44974.69
DP   1  16 01 0  F        43685.89
DP   1  16 01 1  F        42623.23
DP   1  16 02 0  F        41761.57
DP   1  16 02 1  F        41052.04
DP   1  16 03 0  F        40473.64
DP   1  16 03 1  F        40019.31
DP   1  16 04 0  F        39709.71
DP   1  16 04 1  F        39563.54
DP   1  16 05 0  F        39563.84
DP   1  16 05 1  F        39687.41
DP   1  16 06 0  F        39921.68
DP   1  16 06 1  F        40316.04
DP   1  16 07 0  F        41157.09
DP   1  16 07 1  F        42662.32
DP   1  16 08 0  F        44535.61
DP   1  16 08 1  F        46391.65
DP   1  16 09 0  F        48002.02
DP   1  16 09 1  F        49244.64
DP   1  16 10 0  F        50266.02
DP   1  16 10 1  F        51205.90
DP   1  16 11 0  F        51908.44
DP   1  16 11 1  F        52211.85
DP   1  16 12 0  F        52226.05
DP   1  16 12 1  F        52161.01
DP   1  16 13 0  F        52355.17
DP   1  16 13 1  F        53038.18
DP   1  16 14 0  F        53875.91
DP   1  16 14 1  F        54481.10
DP   1  16 15 0  F        54817.77
DP   1  16 15 1  F        54947.00
DP   1  16 16 0  F        54966.73
DP   1  16 16 1  F        54871.68
DP   1  16 17 0  F        54206.63
DP   1  16 17 1  F        52645.51
DP   1  16 18 0  F        50828.61
DP   1  16 18 1  F        49565.38
DP   1  16 19 0  F        49375.36
DP   1  16 19 1  F        50413.09
DP   1  16 20 0  F        51663.08
DP   1  16 20 1  F        52145.08
DP   1  16 21 0  F        52190.05
DP   1  16 21 1  F        52274.47
DP   1  16 22 0  F        52145.77
DP   1  16 22 1  F        51495.57
DP   1  16 23 0  F        50521.38
DP   1  16 23 1  F        49547.19
DP   2  16 00 0  F        16054.42
DP   2  16 00 1  F        15418.39
DP   2  16 01 0  F        14857.68
DP   2  16 01 1  F        14426.25
DP   2  16 02 0  F        14092.56
DP   2  16 02 1  F        13812.28
DP   2  16 03 0  F        13575.51
DP   2  16 03 1  F        13382.44
DP   2  16 04 0  F        13239.16
DP   2  16 04 1  F        13156.72
DP   2  16 05 0  F        13159.92
DP   2  16 05 1  F        13260.42
DP   2  16 06 0  F        13403.54
DP   2  16 06 1  F        13573.14
DP   2  16 07 0  F        13973.46
DP   2  16 07 1  F        14772.99
DP   2  16 08 0  F        15776.68
DP   2  16 08 1  F        16721.16
DP   2  16 09 0  F        17433.47
DP   2  16 09 1  F        17832.08
DP   2  16 10 0  F        18110.89
DP   2  16 10 1  F        18470.50
DP   2  16 11 0  F        18862.87
DP   2  16 11 1  F        19152.52
DP   2  16 12 0  F        19102.77
DP   2  16 12 1  F        18628.16
DP   2  16 13 0  F        18349.24
DP   2  16 13 1  F        18808.07
DP   2  16 14 0  F        19526.73
DP   2  16 14 1  F        19921.96
DP   2  16 15 0  F        20009.02
DP   2  16 15 1  F        19936.20
DP   2  16 16 0  F        19785.35
DP   2  16 16 1  F        19596.81
DP   2  16 17 0  F        19311.06
DP   2  16 17 1  F        18843.95
DP   2  16 18 0  F        18112.48
DP   2  16 18 1  F        17152.19
DP   2  16 19 0  F        16471.69
DP   2  16 19 1  F        16501.10
DP   2  16 20 0  F        16883.64
DP   2  16 20 1  F        17170.69
DP   2  16 21 0  F        17333.10
DP   2  16 21 1  F        17424.26
DP   2  16 22 0  F        17408.06
DP   2  16 22 1  F        17249.59
DP   2  16 23 0  F        17008.21
DP   2  16 23 1  F        16766.82
DP   3  16 00 0  F        13924.37
DP   3  16 00 1  F        13669.58
DP   3  16 01 0  F        13430.68
DP   3  16 01 1  F        13220.47
DP   3  16 02 0  F        13039.39
DP   3  16 02 1  F        12883.75
DP   3  16 03 0  F        12745.68
DP   3  16 03 1  F        12623.93
DP   3  16 04 0  F        12548.04
DP   3  16 04 1  F        12523.07
DP   3  16 05 0  F        12425.31
DP   3  16 05 1  F        12154.93
DP   3  16 06 0  F        11836.28
DP   3  16 06 1  F        11633.38
DP   3  16 07 0  F        11644.89
DP   3  16 07 1  F        11919.90
DP   3  16 08 0  F        12374.71
DP   3  16 08 1  F        12890.58
DP   3  16 09 0  F        13341.30
DP   3  16 09 1  F        13633.96
DP   3  16 10 0  F        13816.19
DP   3  16 10 1  F        13958.06
DP   3  16 11 0  F        14079.02
DP   3  16 11 1  F        14170.68
DP   3  16 12 0  F        14164.13
DP   3  16 12 1  F        14025.50
DP   3  16 13 0  F        13921.86
DP   3  16 13 1  F        14011.65
DP   3  16 14 0  F        14217.88
DP   3  16 14 1  F        14419.06
DP   3  16 15 0  F        14551.23
DP   3  16 15 1  F        14580.63
DP   3  16 16 0  F        14536.93
DP   3  16 16 1  F        14434.83
DP   3  16 17 0  F        14165.54
DP   3  16 17 1  F        13680.17
DP   3  16 18 0  F        13292.79
DP   3  16 18 1  F        13286.95
DP   3  16 19 0  F        13461.13
DP   3  16 19 1  F        13553.35
DP   3  16 20 0  F        13544.78
DP   3  16 20 1  F        13497.71
DP   3  16 21 0  F        13555.91
DP   3  16 21 1  F        13814.45
DP   3  16 22 0  F        14092.04
DP   3  16 22 1  F        14199.30
DP   3  16 23 0  F        14190.89
DP   3  16 23 1  F        14182.49
DP   4  16 00 0  F        7680.45
DP   4  16 00 1  F        7631.14
DP   4  16 01 0  F        7573.65
DP   4  16 01 1  F        7503.15
DP   4  16 02 0  F        7428.17
DP   4  16 02 1  F        7356.66
DP   4  16 03 0  F        7280.85
DP   4  16 03 1  F        7194.52
DP   4  16 04 0  F        7113.30
DP   4  16 04 1  F        7054.08
DP   4  16 05 0  F        7016.89
DP   4  16 05 1  F        6988.45
DP   4  16 06 0  F        6919.23
DP   4  16 06 1  F        6778.51
DP   4  16 07 0  F        6647.02
DP   4  16 07 1  F        6615.97
DP   4  16 08 0  F        6706.96
DP   4  16 08 1  F        6905.66
DP   4  16 09 0  F        7123.52
DP   4  16 09 1  F        7277.39
DP   4  16 10 0  F        7379.71
DP   4  16 10 1  F        7458.98
DP   4  16 11 0  F        7512.37
DP   4  16 11 1  F        7528.24
DP   4  16 12 0  F        7490.95
DP   4  16 12 1  F        7404.59
DP   4  16 13 0  F        7356.16
DP   4  16 13 1  F        7422.68
DP   4  16 14 0  F        7558.53
DP   4  16 14 1  F        7694.46
DP   4  16 15 0  F        7789.41
DP   4  16 15 1  F        7818.40
DP   4  16 16 0  F        7792.54
DP   4  16 16 1  F        7726.91
DP   4  16 17 0  F        7616.33
DP   4  16 17 1  F        7458.01
DP   4  16 18 0  F        7278.89
DP   4  16 18 1  F        7122.70
DP   4  16 19 0  F        7070.52
DP   4  16 19 1  F        7171.30
DP   4  16 20 0  F        7307.88
DP   4  16 20 1  F        7362.77
DP   4  16 21 0  F        7383.18
DP   4  16 21 1  F        7437.02
DP   4  16 22 0  F        7510.45
DP   4  16 22 1  F        7576.13
DP   4  16 23 0  F        7634.46
DP   4  16 23 1  F        7692.78
