&   CARGA
&
&   ss  di hi m df hf m Demanda
&X  XX  XX XX X XX XX X XXXXXXXXXX
DP   1  15 00 0  F        42254.12
DP   1  15 00 1  F        41132.86
DP   1  15 01 0  F        40111.64
DP   1  15 01 1  F        39264.08
DP   1  15 02 0  F        38558.12
DP   1  15 02 1  F        37951.21
DP   1  15 03 0  F        37464.75
DP   1  15 03 1  F        37129.26
DP   1  15 04 0  F        36947.93
DP   1  15 04 1  F        36911.87
DP   1  15 05 0  F        36991.23
DP   1  15 05 1  F        37174.92
DP   1  15 06 0  F        37547.79
DP   1  15 06 1  F        38221.07
DP   1  15 07 0  F        39315.53
DP   1  15 07 1  F        40887.42
DP   1  15 08 0  F        42725.54
DP   1  15 08 1  F        44562.81
DP   1  15 09 0  F        46176.16
DP   1  15 09 1  F        47420.05
DP   1  15 10 0  F        48414.95
DP   1  15 10 1  F        49293.83
DP   1  15 11 0  F        49973.55
DP   1  15 11 1  F        50342.38
DP   1  15 12 0  F        50390.62
DP   1  15 12 1  F        50216.56
DP   1  15 13 0  F        50248.38
DP   1  15 13 1  F        50821.60
DP   1  15 14 0  F        51570.92
DP   1  15 14 1  F        52061.09
DP   1  15 15 0  F        52277.67
DP   1  15 15 1  F        52318.80
DP   1  15 16 0  F        52312.12
DP   1  15 16 1  F        52276.76
DP   1  15 17 0  F        51768.32
DP   1  15 17 1  F        50451.89
DP   1  15 18 0  F        48894.25
DP   1  15 18 1  F        47837.94
DP   1  15 19 0  F        47826.96
DP   1  15 19 1  F        49037.65
DP   1  15 20 0  F        50374.21
DP   1  15 20 1  F        50786.66
DP   1  15 21 0  F        50680.44
DP   1  15 21 1  F        50620.43
DP   1  15 22 0  F        50354.12
DP   1  15 22 1  F        49556.04
DP   1  15 23 0  F        48426.36
DP   1  15 23 1  F        47296.69
DP   2  15 00 0  F        14519.80
DP   2  15 00 1  F        14042.87
DP   2  15 01 0  F        13622.72
DP   2  15 01 1  F        13300.68
DP   2  15 02 0  F        13056.20
DP   2  15 02 1  F        12857.11
DP   2  15 03 0  F        12686.41
DP   2  15 03 1  F        12536.34
DP   2  15 04 0  F        12420.97
DP   2  15 04 1  F        12361.80
DP   2  15 05 0  F        12388.34
DP   2  15 05 1  F        12514.26
DP   2  15 06 0  F        12682.06
DP   2  15 06 1  F        12872.42
DP   2  15 07 0  F        13290.20
DP   2  15 07 1  F        14101.87
DP   2  15 08 0  F        15096.27
DP   2  15 08 1  F        16004.56
DP   2  15 09 0  F        16704.76
DP   2  15 09 1  F        17154.44
DP   2  15 10 0  F        17482.51
DP   2  15 10 1  F        17830.32
DP   2  15 11 0  F        18217.62
DP   2  15 11 1  F        18577.21
DP   2  15 12 0  F        18615.83
DP   2  15 12 1  F        18182.14
DP   2  15 13 0  F        17918.78
DP   2  15 13 1  F        18405.67
DP   2  15 14 0  F        19178.02
DP   2  15 14 1  F        19650.07
DP   2  15 15 0  F        19796.74
DP   2  15 15 1  F        19734.69
DP   2  15 16 0  F        19586.63
DP   2  15 16 1  F        19435.82
DP   2  15 17 0  F        19201.50
DP   2  15 17 1  F        18768.78
DP   2  15 18 0  F        18050.18
DP   2  15 18 1  F        17087.70
DP   2  15 19 0  F        16413.92
DP   2  15 19 1  F        16476.85
DP   2  15 20 0  F        16895.58
DP   2  15 20 1  F        17196.66
DP   2  15 21 0  F        17365.28
DP   2  15 21 1  F        17472.72
DP   2  15 22 0  F        17475.89
DP   2  15 22 1  F        17329.73
DP   2  15 23 0  F        17095.59
DP   2  15 23 1  F        16861.45
DP   3  15 00 0  F        13348.14
DP   3  15 00 1  F        13125.27
DP   3  15 01 0  F        12916.33
DP   3  15 01 1  F        12732.93
DP   3  15 02 0  F        12577.47
DP   3  15 02 1  F        12446.43
DP   3  15 03 0  F        12321.88
DP   3  15 03 1  F        12194.39
DP   3  15 04 0  F        12103.05
DP   3  15 04 1  F        12066.32
DP   3  15 05 0  F        11971.89
DP   3  15 05 1  F        11726.89
DP   3  15 06 0  F        11447.08
DP   3  15 06 1  F        11284.52
DP   3  15 07 0  F        11327.55
DP   3  15 07 1  F        11620.46
DP   3  15 08 0  F        12094.93
DP   3  15 08 1  F        12644.13
DP   3  15 09 0  F        13119.76
DP   3  15 09 1  F        13410.44
DP   3  15 10 0  F        13593.80
DP   3  15 10 1  F        13767.63
DP   3  15 11 0  F        13921.32
DP   3  15 11 1  F        14014.41
DP   3  15 12 0  F        13995.59
DP   3  15 12 1  F        13856.73
DP   3  15 13 0  F        13773.49
DP   3  15 13 1  F        13903.12
DP   3  15 14 0  F        14145.45
DP   3  15 14 1  F        14357.59
DP   3  15 15 0  F        14483.26
DP   3  15 15 1  F        14502.15
DP   3  15 16 0  F        14451.42
DP   3  15 16 1  F        14349.00
DP   3  15 17 0  F        14078.65
DP   3  15 17 1  F        13585.46
DP   3  15 18 0  F        13194.23
DP   3  15 18 1  F        13197.97
DP   3  15 19 0  F        13382.83
DP   3  15 19 1  F        13473.80
DP   3  15 20 0  F        13457.89
DP   3  15 20 1  F        13408.77
DP   3  15 21 0  F        13484.68
DP   3  15 21 1  F        13787.24
DP   3  15 22 0  F        14107.25
DP   3  15 22 1  F        14228.05
DP   3  15 23 0  F        14214.10
DP   3  15 23 1  F        14200.16
DP   4  15 00 0  F        7315.69
DP   4  15 00 1  F        7267.77
DP   4  15 01 0  F        7218.25
DP   4  15 01 1  F        7166.22
DP   4  15 02 0  F        7113.46
DP   4  15 02 1  F        7060.34
DP   4  15 03 0  F        6998.96
DP   4  15 03 1  F        6924.36
DP   4  15 04 0  F        6851.66
DP   4  15 04 1  F        6798.50
DP   4  15 05 0  F        6772.39
DP   4  15 05 1  F        6765.23
DP   4  15 06 0  F        6716.45
DP   4  15 06 1  F        6585.08
DP   4  15 07 0  F        6461.07
DP   4  15 07 1  F        6446.31
DP   4  15 08 0  F        6559.63
DP   4  15 08 1  F        6780.94
DP   4  15 09 0  F        7017.69
DP   4  15 09 1  F        7183.18
DP   4  15 10 0  F        7286.69
DP   4  15 10 1  F        7356.82
DP   4  15 11 0  F        7403.55
DP   4  15 11 1  F        7427.52
DP   4  15 12 0  F        7410.76
DP   4  15 12 1  F        7350.36
DP   4  15 13 0  F        7322.26
DP   4  15 13 1  F        7396.31
DP   4  15 14 0  F        7539.32
DP   4  15 14 1  F        7693.06
DP   4  15 15 0  F        7802.27
DP   4  15 15 1  F        7828.61
DP   4  15 16 0  F        7798.61
DP   4  15 16 1  F        7743.16
DP   4  15 17 0  F        7645.85
DP   4  15 17 1  F        7489.09
DP   4  15 18 0  F        7297.97
DP   4  15 18 1  F        7120.90
DP   4  15 19 0  F        7056.75
DP   4  15 19 1  F        7168.03
DP   4  15 20 0  F        7321.07
DP   4  15 20 1  F        7381.82
DP   4  15 21 0  F        7410.79
DP   4  15 21 1  F        7488.65
DP   4  15 22 0  F        7582.28
DP   4  15 22 1  F        7644.19
DP   4  15 23 0  F        7683.20
DP   4  15 23 1  F        7722.22
