&   CARGA
&
&   ss  di hi m df hf m Demanda
&X  XX  XX XX X XX XX X XXXXXXXXXX
DP   1  17 00 0  F        48537.41
DP   1  17 00 1  F        47120.43
DP   1  17 01 0  F        45789.12
DP   1  17 01 1  F        44616.69
DP   1  17 02 0  F        43626.53
DP   1  17 02 1  F        42823.33
DP   1  17 03 0  F        42187.02
DP   1  17 03 1  F        41697.35
DP   1  17 04 0  F        41358.28
DP   1  17 04 1  F        41173.81
DP   1  17 05 0  F        41124.01
DP   1  17 05 1  F        41181.92
DP   1  17 06 0  F        41316.35
DP   1  17 06 1  F        41566.52
DP   1  17 07 0  F        42257.57
DP   1  17 07 1  F        43651.62
DP   1  17 08 0  F        45472.77
DP   1  17 08 1  F        47339.66
DP   1  17 09 0  F        48986.99
DP   1  17 09 1  F        50251.15
DP   1  17 10 0  F        51259.12
DP   1  17 10 1  F        52148.09
DP   1  17 11 0  F        52805.60
DP   1  17 11 1  F        53105.73
DP   1  17 12 0  F        53118.48
DP   1  17 12 1  F        53017.01
DP   1  17 13 0  F        53191.17
DP   1  17 13 1  F        53919.28
DP   1  17 14 0  F        54816.62
DP   1  17 14 1  F        55437.28
DP   1  17 15 0  F        55753.37
DP   1  17 15 1  F        55845.42
DP   1  17 16 0  F        55809.52
DP   1  17 16 1  F        55642.27
DP   1  17 17 0  F        54926.53
DP   1  17 17 1  F        53359.25
DP   1  17 18 0  F        51507.41
DP   1  17 18 1  F        50110.33
DP   1  17 19 0  F        49726.65
DP   1  17 19 1  F        50584.58
DP   1  17 20 0  F        51771.16
DP   1  17 20 1  F        52359.92
DP   1  17 21 0  F        52511.62
DP   1  17 21 1  F        52551.21
DP   1  17 22 0  F        52373.39
DP   1  17 22 1  F        51836.65
DP   1  17 23 0  F        51084.77
DP   1  17 23 1  F        50332.89
DP   2  17 00 0  F        15228.85
DP   2  17 00 1  F        14600.48
DP   2  17 01 0  F        14054.61
DP   2  17 01 1  F        13649.30
DP   2  17 02 0  F        13344.92
DP   2  17 02 1  F        13088.72
DP   2  17 03 0  F        12873.41
DP   2  17 03 1  F        12702.90
DP   2  17 04 0  F        12580.79
DP   2  17 04 1  F        12515.41
DP   2  17 05 0  F        12534.40
DP   2  17 05 1  F        12652.82
DP   2  17 06 0  F        12816.20
DP   2  17 06 1  F        13002.87
DP   2  17 07 0  F        13392.06
DP   2  17 07 1  F        14133.10
DP   2  17 08 0  F        15054.87
DP   2  17 08 1  F        15921.48
DP   2  17 09 0  F        16558.44
DP   2  17 09 1  F        16877.47
DP   2  17 10 0  F        17073.68
DP   2  17 10 1  F        17349.93
DP   2  17 11 0  F        17656.51
DP   2  17 11 1  F        17860.39
DP   2  17 12 0  F        17747.80
DP   2  17 12 1  F        17242.56
DP   2  17 13 0  F        16899.46
DP   2  17 13 1  F        17209.25
DP   2  17 14 0  F        17775.39
DP   2  17 14 1  F        18099.93
DP   2  17 15 0  F        18166.60
DP   2  17 15 1  F        18077.94
DP   2  17 16 0  F        17930.16
DP   2  17 16 1  F        17786.88
DP   2  17 17 0  F        17587.90
DP   2  17 17 1  F        17247.16
DP   2  17 18 0  F        16699.03
DP   2  17 18 1  F        15973.76
DP   2  17 19 0  F        15464.63
DP   2  17 19 1  F        15503.86
DP   2  17 20 0  F        15816.39
DP   2  17 20 1  F        16050.24
DP   2  17 21 0  F        16152.77
DP   2  17 21 1  F        16142.73
DP   2  17 22 0  F        16024.91
DP   2  17 22 1  F        15809.28
DP   2  17 23 0  F        15540.41
DP   2  17 23 1  F        15271.54
DP   3  17 00 0  F        13583.55
DP   3  17 00 1  F        13340.50
DP   3  17 01 0  F        13112.20
DP   3  17 01 1  F        12910.98
DP   3  17 02 0  F        12739.48
DP   3  17 02 1  F        12595.13
DP   3  17 03 0  F        12464.35
DP   3  17 03 1  F        12340.89
DP   3  17 04 0  F        12258.82
DP   3  17 04 1  F        12230.74
DP   3  17 05 0  F        12143.03
DP   3  17 05 1  F        11900.18
DP   3  17 06 0  F        11605.35
DP   3  17 06 1  F        11403.72
DP   3  17 07 0  F        11409.72
DP   3  17 07 1  F        11688.40
DP   3  17 08 0  F        12137.99
DP   3  17 08 1  F        12622.39
DP   3  17 09 0  F        13035.20
DP   3  17 09 1  F        13305.54
DP   3  17 10 0  F        13474.93
DP   3  17 10 1  F        13603.33
DP   3  17 11 0  F        13712.04
DP   3  17 11 1  F        13796.65
DP   3  17 12 0  F        13788.36
DP   3  17 12 1  F        13651.94
DP   3  17 13 0  F        13550.90
DP   3  17 13 1  F        13640.52
DP   3  17 14 0  F        13844.49
DP   3  17 14 1  F        14041.65
DP   3  17 15 0  F        14162.98
DP   3  17 15 1  F        14172.71
DP   3  17 16 0  F        14115.95
DP   3  17 16 1  F        14022.72
DP   3  17 17 0  F        13781.84
DP   3  17 17 1  F        13336.45
DP   3  17 18 0  F        12988.22
DP   3  17 18 1  F        13010.83
DP   3  17 19 0  F        13207.32
DP   3  17 19 1  F        13321.25
DP   3  17 20 0  F        13328.82
DP   3  17 20 1  F        13286.88
DP   3  17 21 0  F        13342.19
DP   3  17 21 1  F        13593.94
DP   3  17 22 0  F        13861.19
DP   3  17 22 1  F        13954.38
DP   3  17 23 0  F        13929.83
DP   3  17 23 1  F        13905.27
DP   4  17 00 0  F        7400.58
DP   4  17 00 1  F        7347.40
DP   4  17 01 0  F        7288.09
DP   4  17 01 1  F        7219.44
DP   4  17 02 0  F        7149.76
DP   4  17 02 1  F        7086.25
DP   4  17 03 0  F        7019.94
DP   4  17 03 1  F        6943.57
DP   4  17 04 0  F        6872.71
DP   4  17 04 1  F        6823.51
DP   4  17 05 0  F        6791.55
DP   4  17 05 1  F        6762.25
DP   4  17 06 0  F        6700.85
DP   4  17 06 1  F        6587.67
DP   4  17 07 0  F        6483.49
DP   4  17 07 1  F        6458.08
DP   4  17 08 0  F        6536.85
DP   4  17 08 1  F        6716.67
DP   4  17 09 0  F        6924.66
DP   4  17 09 1  F        7087.64
DP   4  17 10 0  F        7200.99
DP   4  17 10 1  F        7277.36
DP   4  17 11 0  F        7329.77
DP   4  17 11 1  F        7363.14
DP   4  17 12 0  F        7349.57
DP   4  17 12 1  F        7276.65
DP   4  17 13 0  F        7226.90
DP   4  17 13 1  F        7279.15
DP   4  17 14 0  F        7402.47
DP   4  17 14 1  F        7539.63
DP   4  17 15 0  F        7637.94
DP   4  17 15 1  F        7660.44
DP   4  17 16 0  F        7628.76
DP   4  17 16 1  F        7569.18
DP   4  17 17 0  F        7468.34
DP   4  17 17 1  F        7313.90
DP   4  17 18 0  F        7137.30
DP   4  17 18 1  F        6987.01
DP   4  17 19 0  F        6935.74
DP   4  17 19 1  F        7025.96
DP   4  17 20 0  F        7154.91
DP   4  17 20 1  F        7218.03
DP   4  17 21 0  F        7248.72
DP   4  17 21 1  F        7299.57
DP   4  17 22 0  F        7361.96
DP   4  17 22 1  F        7416.95
DP   4  17 23 0  F        7465.74
DP   4  17 23 1  F        7514.54
