&   CARGA
&
&   ss  di hi m df hf m Demanda
&X  XX  XX XX X XX XX X XXXXXXXXXX
DP   1  21 00 0  F        43811.90
DP   1  21 00 1  F        42695.38
DP   1  21 01 0  F        41659.55
DP   1  21 01 1  F        40759.30
DP   1  21 02 0  F        39946.42
DP   1  21 02 1  F        39171.84
DP   1  21 03 0  F        38486.34
DP   1  21 03 1  F        37949.06
DP   1  21 04 0  F        37552.73
DP   1  21 04 1  F        37257.16
DP   1  21 05 0  F        36956.87
DP   1  21 05 1  F        36548.77
DP   1  21 06 0  F        36004.80
DP   1  21 06 1  F        35378.07
DP   1  21 07 0  F        34971.56
DP   1  21 07 1  F        35056.17
DP   1  21 08 0  F        35524.87
DP   1  21 08 1  F        36183.27
DP   1  21 09 0  F        36865.67
DP   1  21 09 1  F        37444.93
DP   1  21 10 0  F        37919.52
DP   1  21 10 1  F        38321.65
DP   1  21 11 0  F        38692.75
DP   1  21 11 1  F        39054.26
DP   1  21 12 0  F        39338.11
DP   1  21 12 1  F        39478.52
DP   1  21 13 0  F        39508.12
DP   1  21 13 1  F        39481.60
DP   1  21 14 0  F        39443.47
DP   1  21 14 1  F        39423.14
DP   1  21 15 0  F        39399.85
DP   1  21 15 1  F        39367.20
DP   1  21 16 0  F        39426.24
DP   1  21 16 1  F        39656.52
DP   1  21 17 0  F        39944.00
DP   1  21 17 1  F        40175.00
DP   1  21 18 0  F        40430.84
DP   1  21 18 1  F        40876.33
DP   1  21 19 0  F        41815.23
DP   1  21 19 1  F        43361.55
DP   1  21 20 0  F        44731.31
DP   1  21 20 1  F        45189.43
DP   1  21 21 0  F        45094.31
DP   1  21 21 1  F        44942.58
DP   1  21 22 0  F        44690.23
DP   1  21 22 1  F        44211.28
DP   1  21 23 0  F        43592.45
DP   1  21 23 1  F        42973.61
DP   2  21 00 0  F        13162.00
DP   2  21 00 1  F        12668.77
DP   2  21 01 0  F        12221.95
DP   2  21 01 1  F        11858.33
DP   2  21 02 0  F        11576.09
DP   2  21 02 1  F        11359.80
DP   2  21 03 0  F        11178.05
DP   2  21 03 1  F        11008.04
DP   2  21 04 0  F        10877.36
DP   2  21 04 1  F        10814.73
DP   2  21 05 0  F        10803.10
DP   2  21 05 1  F        10812.02
DP   2  21 06 0  F        10803.39
DP   2  21 06 1  F        10776.77
DP   2  21 07 0  F        10890.09
DP   2  21 07 1  F        11274.24
DP   2  21 08 0  F        11793.43
DP   2  21 08 1  F        12270.02
DP   2  21 09 0  F        12625.70
DP   2  21 09 1  F        12840.00
DP   2  21 10 0  F        13024.46
DP   2  21 10 1  F        13286.54
DP   2  21 11 0  F        13585.34
DP   2  21 11 1  F        13832.36
DP   2  21 12 0  F        13896.82
DP   2  21 12 1  F        13718.15
DP   2  21 13 0  F        13558.72
DP   2  21 13 1  F        13662.95
DP   2  21 14 0  F        13880.60
DP   2  21 14 1  F        14011.90
DP   2  21 15 0  F        14053.72
DP   2  21 15 1  F        14050.55
DP   2  21 16 0  F        14040.74
DP   2  21 16 1  F        14054.56
DP   2  21 17 0  F        14096.04
DP   2  21 17 1  F        14140.75
DP   2  21 18 0  F        14076.74
DP   2  21 18 1  F        13859.73
DP   2  21 19 0  F        13803.65
DP   2  21 19 1  F        14172.15
DP   2  21 20 0  F        14669.43
DP   2  21 20 1  F        14947.54
DP   2  21 21 0  F        15009.41
DP   2  21 21 1  F        14935.80
DP   2  21 22 0  F        14767.90
DP   2  21 22 1  F        14537.07
DP   2  21 23 0  F        14274.76
DP   2  21 23 1  F        14012.44
DP   3  21 00 0  F        13090.72
DP   3  21 00 1  F        12893.22
DP   3  21 01 0  F        12709.02
DP   3  21 01 1  F        12548.53
DP   3  21 02 0  F        12410.50
DP   3  21 02 1  F        12288.73
DP   3  21 03 0  F        12168.94
DP   3  21 03 1  F        12044.38
DP   3  21 04 0  F        11946.66
DP   3  21 04 1  F        11886.94
DP   3  21 05 0  F        11756.26
DP   3  21 05 1  F        11460.26
DP   3  21 06 0  F        11083.08
DP   3  21 06 1  F        10745.05
DP   3  21 07 0  F        10532.62
DP   3  21 07 1  F        10493.63
DP   3  21 08 0  F        10555.37
DP   3  21 08 1  F        10627.98
DP   3  21 09 0  F        10673.86
DP   3  21 09 1  F        10680.91
DP   3  21 10 0  F        10687.12
DP   3  21 10 1  F        10730.73
DP   3  21 11 0  F        10801.08
DP   3  21 11 1  F        10875.08
DP   3  21 12 0  F        10928.72
DP   3  21 12 1  F        10947.85
DP   3  21 13 0  F        10958.64
DP   3  21 13 1  F        10988.70
DP   3  21 14 0  F        11031.25
DP   3  21 14 1  F        11070.64
DP   3  21 15 0  F        11090.37
DP   3  21 15 1  F        11082.78
DP   3  21 16 0  F        11076.56
DP   3  21 16 1  F        11093.94
DP   3  21 17 0  F        11095.09
DP   3  21 17 1  F        11082.65
DP   3  21 18 0  F        11291.53
DP   3  21 18 1  F        11884.59
DP   3  21 19 0  F        12504.46
DP   3  21 19 1  F        12784.44
DP   3  21 20 0  F        12840.73
DP   3  21 20 1  F        12871.87
DP   3  21 21 0  F        12922.73
DP   3  21 21 1  F        12991.83
DP   3  21 22 0  F        13045.90
DP   3  21 22 1  F        13055.27
DP   3  21 23 0  F        13036.52
DP   3  21 23 1  F        13017.76
DP   4  21 00 0  F        7025.08
DP   4  21 00 1  F        6974.58
DP   4  21 01 0  F        6928.47
DP   4  21 01 1  F        6888.68
DP   4  21 02 0  F        6847.33
DP   4  21 02 1  F        6796.30
DP   4  21 03 0  F        6736.28
DP   4  21 03 1  F        6671.38
DP   4  21 04 0  F        6610.47
DP   4  21 04 1  F        6562.30
DP   4  21 05 0  F        6530.34
DP   4  21 05 1  F        6506.20
DP   4  21 06 0  F        6439.58
DP   4  21 06 1  F        6294.62
DP   4  21 07 0  F        6135.30
DP   4  21 07 1  F        6033.15
DP   4  21 08 0  F        5990.07
DP   4  21 08 1  F        5987.44
DP   4  21 09 0  F        5994.08
DP   4  21 09 1  F        5984.53
DP   4  21 10 0  F        5968.79
DP   4  21 10 1  F        5962.08
DP   4  21 11 0  F        5965.20
DP   4  21 11 1  F        5974.13
DP   4  21 12 0  F        5979.93
DP   4  21 12 1  F        5979.45
DP   4  21 13 0  F        5997.58
DP   4  21 13 1  F        6054.87
DP   4  21 14 0  F        6126.43
DP   4  21 14 1  F        6182.42
DP   4  21 15 0  F        6218.64
DP   4  21 15 1  F        6237.42
DP   4  21 16 0  F        6241.42
DP   4  21 16 1  F        6233.43
DP   4  21 17 0  F        6216.09
DP   4  21 17 1  F        6199.89
DP   4  21 18 0  F        6226.51
DP   4  21 18 1  F        6333.08
DP   4  21 19 0  F        6507.11
DP   4  21 19 1  F        6712.94
DP   4  21 20 0  F        6871.74
DP   4  21 20 1  F        6924.02
DP   4  21 21 0  F        6930.75
DP   4  21 21 1  F        6963.23
DP   4  21 22 0  F        7013.56
DP   4  21 22 1  F        7059.47
DP   4  21 23 0  F        7100.47
DP   4  21 23 1  F        7141.46
