&   CARGA
&
&   ss  di hi m df hf m Demanda
&X  XX  XX XX X XX XX X XXXXXXXXXX
DP   1  20 00 0  F        47660.62
DP   1  20 00 1  F        46422.09
DP   1  20 01 0  F        45257.41
DP   1  20 01 1  F        44222.06
DP   1  20 02 0  F        43297.97
DP   1  20 02 1  F        42465.30
DP   1  20 03 0  F        41770.66
DP   1  20 03 1  F        41259.70
DP   1  20 04 0  F        40907.75
DP   1  20 04 1  F        40666.25
DP   1  20 05 0  F        40461.46
DP   1  20 05 1  F        40221.48
DP   1  20 06 0  F        39906.95
DP   1  20 06 1  F        39569.93
DP   1  20 07 0  F        39595.60
DP   1  20 07 1  F        40309.59
DP   1  20 08 0  F        41466.17
DP   1  20 08 1  F        42716.16
DP   1  20 09 0  F        43868.05
DP   1  20 09 1  F        44802.63
DP   1  20 10 0  F        45532.02
DP   1  20 10 1  F        46089.48
DP   1  20 11 0  F        46461.40
DP   1  20 11 1  F        46640.47
DP   1  20 12 0  F        46691.52
DP   1  20 12 1  F        46696.00
DP   1  20 13 0  F        46729.90
DP   1  20 13 1  F        46837.69
DP   1  20 14 0  F        46943.16
DP   1  20 14 1  F        46963.94
DP   1  20 15 0  F        46913.62
DP   1  20 15 1  F        46826.51
DP   1  20 16 0  F        46723.75
DP   1  20 16 1  F        46598.04
DP   1  20 17 0  F        46341.39
DP   1  20 17 1  F        45896.61
DP   1  20 18 0  F        45510.49
DP   1  20 18 1  F        45489.27
DP   1  20 19 0  F        46072.93
DP   1  20 19 1  F        47290.76
DP   1  20 20 0  F        48395.37
DP   1  20 20 1  F        48687.41
DP   1  20 21 0  F        48436.27
DP   1  20 21 1  F        48049.43
DP   1  20 22 0  F        47517.88
DP   1  20 22 1  F        46768.82
DP   1  20 23 0  F        45890.84
DP   1  20 23 1  F        45012.86
DP   2  20 00 0  F        15165.11
DP   2  20 00 1  F        14581.55
DP   2  20 01 0  F        14066.54
DP   2  20 01 1  F        13667.82
DP   2  20 02 0  F        13349.98
DP   2  20 02 1  F        13067.25
DP   2  20 03 0  F        12815.60
DP   2  20 03 1  F        12603.38
DP   2  20 04 0  F        12446.87
DP   2  20 04 1  F        12360.32
DP   2  20 05 0  F        12341.96
DP   2  20 05 1  F        12375.58
DP   2  20 06 0  F        12403.09
DP   2  20 06 1  F        12409.41
DP   2  20 07 0  F        12593.34
DP   2  20 07 1  F        13123.79
DP   2  20 08 0  F        13836.11
DP   2  20 08 1  F        14506.37
DP   2  20 09 0  F        15006.97
DP   2  20 09 1  F        15280.69
DP   2  20 10 0  F        15455.48
DP   2  20 10 1  F        15668.64
DP   2  20 11 0  F        15909.75
DP   2  20 11 1  F        16106.13
DP   2  20 12 0  F        16083.80
DP   2  20 12 1  F        15756.95
DP   2  20 13 0  F        15493.84
DP   2  20 13 1  F        15631.62
DP   2  20 14 0  F        15928.76
DP   2  20 14 1  F        16072.97
DP   2  20 15 0  F        16047.48
DP   2  20 15 1  F        15916.39
DP   2  20 16 0  F        15771.84
DP   2  20 16 1  F        15685.64
DP   2  20 17 0  F        15620.22
DP   2  20 17 1  F        15509.05
DP   2  20 18 0  F        15279.31
DP   2  20 18 1  F        14928.58
DP   2  20 19 0  F        14742.29
DP   2  20 19 1  F        14954.83
DP   2  20 20 0  F        15308.38
DP   2  20 20 1  F        15492.66
DP   2  20 21 0  F        15479.48
DP   2  20 21 1  F        15313.16
DP   2  20 22 0  F        15045.84
DP   2  20 22 1  F        14726.52
DP   2  20 23 0  F        14383.75
DP   2  20 23 1  F        14040.99
DP   3  20 00 0  F        13448.72
DP   3  20 00 1  F        13236.98
DP   3  20 01 0  F        13037.43
DP   3  20 01 1  F        12860.40
DP   3  20 02 0  F        12708.73
DP   3  20 02 1  F        12580.28
DP   3  20 03 0  F        12460.37
DP   3  20 03 1  F        12340.61
DP   3  20 04 0  F        12250.27
DP   3  20 04 1  F        12199.22
DP   3  20 05 0  F        12082.26
DP   3  20 05 1  F        11808.99
DP   3  20 06 0  F        11463.33
DP   3  20 06 1  F        11167.57
DP   3  20 07 0  F        11023.03
DP   3  20 07 1  F        11089.35
DP   3  20 08 0  F        11280.43
DP   3  20 08 1  F        11487.21
DP   3  20 09 0  F        11654.69
DP   3  20 09 1  F        11756.56
DP   3  20 10 0  F        11827.33
DP   3  20 10 1  F        11905.44
DP   3  20 11 0  F        11984.51
DP   3  20 11 1  F        12044.42
DP   3  20 12 0  F        12055.12
DP   3  20 12 1  F        12003.84
DP   3  20 13 0  F        11957.02
DP   3  20 13 1  F        11976.42
DP   3  20 14 0  F        12026.12
DP   3  20 14 1  F        12057.04
DP   3  20 15 0  F        12065.16
DP   3  20 15 1  F        12056.80
DP   3  20 16 0  F        12034.47
DP   3  20 16 1  F        11997.65
DP   3  20 17 0  F        11937.54
DP   3  20 17 1  F        11885.89
DP   3  20 18 0  F        12045.09
DP   3  20 18 1  F        12547.85
DP   3  20 19 0  F        13077.57
DP   3  20 19 1  F        13307.31
DP   3  20 20 0  F        13318.29
DP   3  20 20 1  F        13272.51
DP   3  20 21 0  F        13247.03
DP   3  20 21 1  F        13275.98
DP   3  20 22 0  F        13306.46
DP   3  20 22 1  F        13282.36
DP   3  20 23 0  F        13221.70
DP   3  20 23 1  F        13161.05
DP   4  20 00 0  F        7288.03
DP   4  20 00 1  F        7252.02
DP   4  20 01 0  F        7210.54
DP   4  20 01 1  F        7159.54
DP   4  20 02 0  F        7100.60
DP   4  20 02 1  F        7036.00
DP   4  20 03 0  F        6964.87
DP   4  20 03 1  F        6888.37
DP   4  20 04 0  F        6818.66
DP   4  20 04 1  F        6767.45
DP   4  20 05 0  F        6733.76
DP   4  20 05 1  F        6705.24
DP   4  20 06 0  F        6637.00
DP   4  20 06 1  F        6499.87
DP   4  20 07 0  F        6360.18
DP   4  20 07 1  F        6292.76
DP   4  20 08 0  F        6311.02
DP   4  20 08 1  F        6401.37
DP   4  20 09 0  F        6503.75
DP   4  20 09 1  F        6565.12
DP   4  20 10 0  F        6607.00
DP   4  20 10 1  F        6657.82
DP   4  20 11 0  F        6698.95
DP   4  20 11 1  F        6706.88
DP   4  20 12 0  F        6685.72
DP   4  20 12 1  F        6650.45
DP   4  20 13 0  F        6631.93
DP   4  20 13 1  F        6657.12
DP   4  20 14 0  F        6721.23
DP   4  20 14 1  F        6805.74
DP   4  20 15 0  F        6868.75
DP   4  20 15 1  F        6875.97
DP   4  20 16 0  F        6846.90
DP   4  20 16 1  F        6807.07
DP   4  20 17 0  F        6752.14
DP   4  20 17 1  F        6681.59
DP   4  20 18 0  F        6640.05
DP   4  20 18 1  F        6673.63
DP   4  20 19 0  F        6789.26
DP   4  20 19 1  F        6966.03
DP   4  20 20 0  F        7110.88
DP   4  20 20 1  F        7146.59
DP   4  20 21 0  F        7131.41
DP   4  20 21 1  F        7137.83
DP   4  20 22 0  F        7159.75
DP   4  20 22 1  F        7176.59
DP   4  20 23 0  F        7188.31
DP   4  20 23 1  F        7200.03
