&   CARGA
&
&   ss  di hi m df hf m Demanda
&X  XX  XX XX X XX XX X XXXXXXXXXX
DP   1  18 00 0  F        48855.85
DP   1  18 00 1  F        47438.95
DP   1  18 01 0  F        46125.62
DP   1  18 01 1  F        44996.49
DP   1  18 02 0  F        44040.60
DP   1  18 02 1  F        43229.05
DP   1  18 03 0  F        42553.04
DP   1  18 03 1  F        42017.10
DP   1  18 04 0  F        41659.13
DP   1  18 04 1  F        41505.16
DP   1  18 05 0  F        41500.38
DP   1  18 05 1  F        41572.52
DP   1  18 06 0  F        41660.22
DP   1  18 06 1  F        41795.83
DP   1  18 07 0  F        42375.45
DP   1  18 07 1  F        43722.39
DP   1  18 08 0  F        45504.97
DP   1  18 08 1  F        47279.40
DP   1  18 09 0  F        48808.48
DP   1  18 09 1  F        49968.28
DP   1  18 10 0  F        50881.21
DP   1  18 10 1  F        51676.11
DP   1  18 11 0  F        52260.94
DP   1  18 11 1  F        52526.01
DP   1  18 12 0  F        52511.90
DP   1  18 12 1  F        52357.03
DP   1  18 13 0  F        52441.12
DP   1  18 13 1  F        53047.86
DP   1  18 14 0  F        53835.63
DP   1  18 14 1  F        54397.69
DP   1  18 15 0  F        54692.07
DP   1  18 15 1  F        54772.33
DP   1  18 16 0  F        54709.30
DP   1  18 16 1  F        54497.00
DP   1  18 17 0  F        53804.99
DP   1  18 17 1  F        52400.19
DP   1  18 18 0  F        50763.37
DP   1  18 18 1  F        49528.46
DP   1  18 19 0  F        49228.34
DP   1  18 19 1  F        50088.76
DP   1  18 20 0  F        51207.95
DP   1  18 20 1  F        51685.36
DP   1  18 21 0  F        51753.00
DP   1  18 21 1  F        51789.89
DP   1  18 22 0  F        51630.81
DP   1  18 22 1  F        51066.11
DP   1  18 23 0  F        50252.77
DP   1  18 23 1  F        49439.43
DP   2  18 00 0  F        14554.85
DP   2  18 00 1  F        13984.13
DP   2  18 01 0  F        13476.35
DP   2  18 01 1  F        13078.75
DP   2  18 02 0  F        12775.72
DP   2  18 02 1  F        12539.02
DP   2  18 03 0  F        12352.56
DP   2  18 03 1  F        12207.11
DP   2  18 04 0  F        12108.64
DP   2  18 04 1  F        12069.48
DP   2  18 05 0  F        12112.03
DP   2  18 05 1  F        12246.73
DP   2  18 06 0  F        12426.08
DP   2  18 06 1  F        12636.45
DP   2  18 07 0  F        13057.69
DP   2  18 07 1  F        13834.61
DP   2  18 08 0  F        14778.37
DP   2  18 08 1  F        15640.41
DP   2  18 09 0  F        16267.03
DP   2  18 09 1  F        16592.47
DP   2  18 10 0  F        16807.87
DP   2  18 10 1  F        17109.17
DP   2  18 11 0  F        17454.51
DP   2  18 11 1  F        17715.87
DP   2  18 12 0  F        17658.53
DP   2  18 12 1  F        17187.47
DP   2  18 13 0  F        16873.16
DP   2  18 13 1  F        17225.51
DP   2  18 14 0  F        17846.79
DP   2  18 14 1  F        18230.69
DP   2  18 15 0  F        18344.13
DP   2  18 15 1  F        18279.86
DP   2  18 16 0  F        18160.48
DP   2  18 16 1  F        18070.90
DP   2  18 17 0  F        17915.36
DP   2  18 17 1  F        17569.10
DP   2  18 18 0  F        16972.17
DP   2  18 18 1  F        16180.18
DP   2  18 19 0  F        15646.09
DP   2  18 19 1  F        15742.40
DP   2  18 20 0  F        16122.24
DP   2  18 20 1  F        16363.25
DP   2  18 21 0  F        16460.31
DP   2  18 21 1  F        16487.32
DP   2  18 22 0  F        16416.77
DP   2  18 22 1  F        16217.16
DP   2  18 23 0  F        15942.36
DP   2  18 23 1  F        15667.56
DP   3  18 00 0  F        13741.20
DP   3  18 00 1  F        13485.05
DP   3  18 01 0  F        13251.44
DP   3  18 01 1  F        13056.38
DP   3  18 02 0  F        12889.70
DP   3  18 02 1  F        12737.54
DP   3  18 03 0  F        12597.37
DP   3  18 03 1  F        12474.86
DP   3  18 04 0  F        12397.24
DP   3  18 04 1  F        12367.67
DP   3  18 05 0  F        12271.59
DP   3  18 05 1  F        12015.03
DP   3  18 06 0  F        11704.04
DP   3  18 06 1  F        11486.39
DP   3  18 07 0  F        11476.43
DP   3  18 07 1  F        11737.51
DP   3  18 08 0  F        12162.11
DP   3  18 08 1  F        12612.56
DP   3  18 09 0  F        13001.21
DP   3  18 09 1  F        13273.17
DP   3  18 10 0  F        13454.40
DP   3  18 10 1  F        13586.08
DP   3  18 11 0  F        13689.49
DP   3  18 11 1  F        13765.86
DP   3  18 12 0  F        13756.24
DP   3  18 12 1  F        13631.87
DP   3  18 13 0  F        13544.96
DP   3  18 13 1  F        13638.38
DP   3  18 14 0  F        13836.85
DP   3  18 14 1  F        14024.44
DP   3  18 15 0  F        14140.96
DP   3  18 15 1  F        14156.76
DP   3  18 16 0  F        14108.68
DP   3  18 16 1  F        14017.55
DP   3  18 17 0  F        13773.58
DP   3  18 17 1  F        13325.24
DP   3  18 18 0  F        12984.53
DP   3  18 18 1  F        13031.13
DP   3  18 19 0  F        13251.65
DP   3  18 19 1  F        13373.29
DP   3  18 20 0  F        13378.43
DP   3  18 20 1  F        13333.92
DP   3  18 21 0  F        13389.28
DP   3  18 21 1  F        13644.24
DP   3  18 22 0  F        13916.82
DP   3  18 22 1  F        14016.24
DP   3  18 23 0  F        13998.27
DP   3  18 23 1  F        13980.29
DP   4  18 00 0  F        7418.68
DP   4  18 00 1  F        7362.70
DP   4  18 01 0  F        7299.50
DP   4  18 01 1  F        7225.89
DP   4  18 02 0  F        7154.80
DP   4  18 02 1  F        7096.19
DP   4  18 03 0  F        7032.23
DP   4  18 03 1  F        6947.80
DP   4  18 04 0  F        6866.64
DP   4  18 04 1  F        6814.43
DP   4  18 05 0  F        6785.98
DP   4  18 05 1  F        6761.95
DP   4  18 06 0  F        6697.40
DP   4  18 06 1  F        6567.03
DP   4  18 07 0  F        6449.60
DP   4  18 07 1  F        6431.16
DP   4  18 08 0  F        6522.80
DP   4  18 08 1  F        6702.99
DP   4  18 09 0  F        6894.52
DP   4  18 09 1  F        7026.16
DP   4  18 10 0  F        7106.21
DP   4  18 10 1  F        7158.50
DP   4  18 11 0  F        7189.48
DP   4  18 11 1  F        7197.80
DP   4  18 12 0  F        7168.21
DP   4  18 12 1  F        7099.54
DP   4  18 13 0  F        7060.87
DP   4  18 13 1  F        7115.29
DP   4  18 14 0  F        7231.51
DP   4  18 14 1  F        7356.36
DP   4  18 15 0  F        7443.61
DP   4  18 15 1  F        7461.27
DP   4  18 16 0  F        7427.53
DP   4  18 16 1  F        7365.88
DP   4  18 17 0  F        7270.79
DP   4  18 17 1  F        7136.90
DP   4  18 18 0  F        6988.46
DP   4  18 18 1  F        6864.11
DP   4  18 19 0  F        6830.40
DP   4  18 19 1  F        6925.84
DP   4  18 20 0  F        7048.80
DP   4  18 20 1  F        7098.20
DP   4  18 21 0  F        7115.04
DP   4  18 21 1  F        7158.92
DP   4  18 22 0  F        7221.49
DP   4  18 22 1  F        7282.20
DP   4  18 23 0  F        7339.61
DP   4  18 23 1  F        7397.01
