&   CARGA
&
&   ss  di hi m df hf m Demanda
&X  XX  XX XX X XX XX X XXXXXXXXXX
DP   1  15 00 0  F        43175.28
DP   1  15 00 1  F        42202.40
DP   1  15 01 0  F        41238.48
DP   1  15 01 1  F        40303.38
DP   1  15 02 0  F        39460.46
DP   1  15 02 1  F        38766.52
DP   1  15 03 0  F        38208.58
DP   1  15 03 1  F        37772.34
DP   1  15 04 0  F        37508.01
DP   1  15 04 1  F        37461.90
DP   1  15 05 0  F        37600.12
DP   1  15 05 1  F        37877.02
DP   1  15 06 0  F        38280.07
DP   1  15 06 1  F        38867.11
DP   1  15 07 0  F        39944.31
DP   1  15 07 1  F        41732.95
DP   1  15 08 0  F        43866.58
DP   1  15 08 1  F        45893.92
DP   1  15 09 0  F        47612.19
DP   1  15 09 1  F        48927.75
DP   1  15 10 0  F        49935.02
DP   1  15 10 1  F        50758.87
DP   1  15 11 0  F        51457.95
DP   1  15 11 1  F        52041.75
DP   1  15 12 0  F        52389.38
DP   1  15 12 1  F        52439.23
DP   1  15 13 0  F        52497.12
DP   1  15 13 1  F        52854.03
DP   1  15 14 0  F        53374.17
DP   1  15 14 1  F        53842.84
DP   1  15 15 0  F        54156.40
DP   1  15 15 1  F        54266.96
DP   1  15 16 0  F        54238.40
DP   1  15 16 1  F        54092.05
DP   1  15 17 0  F        53567.02
DP   1  15 17 1  F        52454.57
DP   1  15 18 0  F        51036.57
DP   1  15 18 1  F        49782.82
DP   1  15 19 0  F        49424.08
DP   1  15 19 1  F        50396.52
DP   1  15 20 0  F        51697.07
DP   1  15 20 1  F        52280.65
DP   1  15 21 0  F        52373.54
DP   1  15 21 1  F        52382.39
DP   1  15 22 0  F        52163.79
DP   1  15 22 1  F        51526.02
DP   1  15 23 0  F        50634.09
DP   1  15 23 1  F        49742.15
DP   2  15 00 0  F        14141.64
DP   2  15 00 1  F        13771.28
DP   2  15 01 0  F        13406.22
DP   2  15 01 1  F        13054.98
DP   2  15 02 0  F        12739.02
DP   2  15 02 1  F        12478.31
DP   2  15 03 0  F        12273.91
DP   2  15 03 1  F        12122.37
DP   2  15 04 0  F        12021.07
DP   2  15 04 1  F        11972.04
DP   2  15 05 0  F        11995.22
DP   2  15 05 1  F        12104.18
DP   2  15 06 0  F        12269.06
DP   2  15 06 1  F        12494.72
DP   2  15 07 0  F        12968.26
DP   2  15 07 1  F        13841.26
DP   2  15 08 0  F        14940.88
DP   2  15 08 1  F        16020.21
DP   2  15 09 0  F        16860.53
DP   2  15 09 1  F        17330.55
DP   2  15 10 0  F        17620.47
DP   2  15 10 1  F        17938.76
DP   2  15 11 0  F        18245.45
DP   2  15 11 1  F        18430.19
DP   2  15 12 0  F        18349.63
DP   2  15 12 1  F        17981.17
DP   2  15 13 0  F        17818.23
DP   2  15 13 1  F        18284.01
DP   2  15 14 0  F        19004.99
DP   2  15 14 1  F        19502.54
DP   2  15 15 0  F        19674.37
DP   2  15 15 1  F        19565.49
DP   2  15 16 0  F        19433.63
DP   2  15 16 1  F        19478.98
DP   2  15 17 0  F        19458.64
DP   2  15 17 1  F        19087.83
DP   2  15 18 0  F        18357.22
DP   2  15 18 1  F        17406.59
DP   2  15 19 0  F        16696.68
DP   2  15 19 1  F        16617.53
DP   2  15 20 0  F        16955.34
DP   2  15 20 1  F        17383.54
DP   2  15 21 0  F        17728.18
DP   2  15 21 1  F        17879.39
DP   2  15 22 0  F        17831.10
DP   2  15 22 1  F        17614.88
DP   2  15 23 0  F        17308.85
DP   2  15 23 1  F        17002.83
DP   3  15 00 0  F        13474.66
DP   3  15 00 1  F        13228.60
DP   3  15 01 0  F        13016.90
DP   3  15 01 1  F        12861.54
DP   3  15 02 0  F        12735.15
DP   3  15 02 1  F        12603.70
DP   3  15 03 0  F        12455.89
DP   3  15 03 1  F        12301.60
DP   3  15 04 0  F        12212.72
DP   3  15 04 1  F        12227.01
DP   3  15 05 0  F        12183.93
DP   3  15 05 1  F        11943.75
DP   3  15 06 0  F        11648.58
DP   3  15 06 1  F        11487.96
DP   3  15 07 0  F        11559.62
DP   3  15 07 1  F        11897.07
DP   3  15 08 0  F        12368.96
DP   3  15 08 1  F        12826.47
DP   3  15 09 0  F        13216.01
DP   3  15 09 1  F        13518.90
DP   3  15 10 0  F        13760.89
DP   3  15 10 1  F        13966.47
DP   3  15 11 0  F        14110.66
DP   3  15 11 1  F        14161.39
DP   3  15 12 0  F        14107.60
DP   3  15 12 1  F        13969.42
DP   3  15 13 0  F        13870.69
DP   3  15 13 1  F        13916.79
DP   3  15 14 0  F        14035.73
DP   3  15 14 1  F        14128.16
DP   3  15 15 0  F        14162.65
DP   3  15 15 1  F        14143.14
DP   3  15 16 0  F        14146.96
DP   3  15 16 1  F        14195.92
DP   3  15 17 0  F        14016.26
DP   3  15 17 1  F        13426.36
DP   3  15 18 0  F        12908.72
DP   3  15 18 1  F        12933.61
DP   3  15 19 0  F        13258.17
DP   3  15 19 1  F        13529.10
DP   3  15 20 0  F        13664.33
DP   3  15 20 1  F        13685.60
DP   3  15 21 0  F        13758.62
DP   3  15 21 1  F        14013.48
DP   3  15 22 0  F        14293.89
DP   3  15 22 1  F        14426.78
DP   3  15 23 0  F        14458.51
DP   3  15 23 1  F        14490.23
DP   4  15 00 0  F        7143.82
DP   4  15 00 1  F        7130.98
DP   4  15 01 0  F        7103.02
DP   4  15 01 1  F        7050.89
DP   4  15 02 0  F        6989.80
DP   4  15 02 1  F        6935.97
DP   4  15 03 0  F        6885.42
DP   4  15 03 1  F        6830.09
DP   4  15 04 0  F        6765.88
DP   4  15 04 1  F        6695.38
DP   4  15 05 0  F        6644.09
DP   4  15 05 1  F        6623.80
DP   4  15 06 0  F        6568.69
DP   4  15 06 1  F        6437.36
DP   4  15 07 0  F        6363.64
DP   4  15 07 1  F        6473.55
DP   4  15 08 0  F        6686.66
DP   4  15 08 1  F        6889.91
DP   4  15 09 0  F        7046.27
DP   4  15 09 1  F        7145.23
DP   4  15 10 0  F        7206.27
DP   4  15 10 1  F        7253.50
DP   4  15 11 0  F        7299.25
DP   4  15 11 1  F        7342.17
DP   4  15 12 0  F        7337.72
DP   4  15 12 1  F        7263.23
DP   4  15 13 0  F        7226.74
DP   4  15 13 1  F        7323.50
DP   4  15 14 0  F        7466.98
DP   4  15 14 1  F        7557.94
DP   4  15 15 0  F        7628.08
DP   4  15 15 1  F        7719.86
DP   4  15 16 0  F        7787.82
DP   4  15 16 1  F        7772.48
DP   4  15 17 0  F        7646.29
DP   4  15 17 1  F        7411.50
DP   4  15 18 0  F        7157.80
DP   4  15 18 1  F        6987.78
DP   4  15 19 0  F        6968.18
DP   4  15 19 1  F        7115.65
DP   4  15 20 0  F        7282.35
DP   4  15 20 1  F        7330.87
DP   4  15 21 0  F        7330.00
DP   4  15 21 1  F        7371.06
DP   4  15 22 0  F        7429.37
DP   4  15 22 1  F        7463.23
DP   4  15 23 0  F        7478.86
DP   4  15 23 1  F        7494.50
