&   CARGA
&
&   ss  di hi m df hf m Demanda
&X  XX  XX XX X XX XX X XXXXXXXXXX
DP   1  19 00 0  F        48849.61
DP   1  19 00 1  F        47463.85
DP   1  19 01 0  F        46180.02
DP   1  19 01 1  F        45075.60
DP   1  19 02 0  F        44130.18
DP   1  19 02 1  F        43312.27
DP   1  19 03 0  F        42644.00
DP   1  19 03 1  F        42152.88
DP   1  19 04 0  F        41834.38
DP   1  19 04 1  F        41672.27
DP   1  19 05 0  F        41635.69
DP   1  19 05 1  F        41692.27
DP   1  19 06 0  F        41818.34
DP   1  19 06 1  F        42056.16
DP   1  19 07 0  F        42703.01
DP   1  19 07 1  F        44001.11
DP   1  19 08 0  F        45717.53
DP   1  19 08 1  F        47507.83
DP   1  19 09 0  F        49056.99
DP   1  19 09 1  F        50157.85
DP   1  19 10 0  F        51005.52
DP   1  19 10 1  F        51803.82
DP   1  19 11 0  F        52389.48
DP   1  19 11 1  F        52577.56
DP   1  19 12 0  F        52463.85
DP   1  19 12 1  F        52253.71
DP   1  19 13 0  F        52310.17
DP   1  19 13 1  F        52885.14
DP   1  19 14 0  F        53628.30
DP   1  19 14 1  F        54132.56
DP   1  19 15 0  F        54365.93
DP   1  19 15 1  F        54378.40
DP   1  19 16 0  F        54172.50
DP   1  19 16 1  F        53713.20
DP   1  19 17 0  F        52862.61
DP   1  19 17 1  F        51552.98
DP   1  19 18 0  F        50099.87
DP   1  19 18 1  F        48950.73
DP   1  19 19 0  F        48697.23
DP   1  19 19 1  F        49643.77
DP   1  19 20 0  F        50801.47
DP   1  19 20 1  F        51178.42
DP   1  19 21 0  F        51063.74
DP   1  19 21 1  F        50925.70
DP   1  19 22 0  F        50667.90
DP   1  19 22 1  F        50122.13
DP   1  19 23 0  F        49397.69
DP   1  19 23 1  F        48673.25
DP   2  19 00 0  F        15416.75
DP   2  19 00 1  F        14833.02
DP   2  19 01 0  F        14310.70
DP   2  19 01 1  F        13893.74
DP   2  19 02 0  F        13556.36
DP   2  19 02 1  F        13266.19
DP   2  19 03 0  F        13034.25
DP   2  19 03 1  F        12874.17
DP   2  19 04 0  F        12766.69
DP   2  19 04 1  F        12697.41
DP   2  19 05 0  F        12704.37
DP   2  19 05 1  F        12815.09
DP   2  19 06 0  F        12962.56
DP   2  19 06 1  F        13115.48
DP   2  19 07 0  F        13479.89
DP   2  19 07 1  F        14228.66
DP   2  19 08 0  F        15164.45
DP   2  19 08 1  F        16026.71
DP   2  19 09 0  F        16672.25
DP   2  19 09 1  F        17041.80
DP   2  19 10 0  F        17294.52
DP   2  19 10 1  F        17599.01
DP   2  19 11 0  F        17943.23
DP   2  19 11 1  F        18229.79
DP   2  19 12 0  F        18200.52
DP   2  19 12 1  F        17736.01
DP   2  19 13 0  F        17432.51
DP   2  19 13 1  F        17826.37
DP   2  19 14 0  F        18498.53
DP   2  19 14 1  F        18916.13
DP   2  19 15 0  F        19046.41
DP   2  19 15 1  F        18982.22
DP   2  19 16 0  F        18818.47
DP   2  19 16 1  F        18622.80
DP   2  19 17 0  F        18351.42
DP   2  19 17 1  F        17933.36
DP   2  19 18 0  F        17300.44
DP   2  19 18 1  F        16489.51
DP   2  19 19 0  F        15954.83
DP   2  19 19 1  F        16065.57
DP   2  19 20 0  F        16433.02
DP   2  19 20 1  F        16604.12
DP   2  19 21 0  F        16626.22
DP   2  19 21 1  F        16630.05
DP   2  19 22 0  F        16579.40
DP   2  19 22 1  F        16420.36
DP   2  19 23 0  F        16195.12
DP   2  19 23 1  F        15969.88
DP   3  19 00 0  F        14353.12
DP   3  19 00 1  F        14103.08
DP   3  19 01 0  F        13866.26
DP   3  19 01 1  F        13653.92
DP   3  19 02 0  F        13469.43
DP   3  19 02 1  F        13311.46
DP   3  19 03 0  F        13167.66
DP   3  19 03 1  F        13033.01
DP   3  19 04 0  F        12942.83
DP   3  19 04 1  F        12906.53
DP   3  19 05 0  F        12789.44
DP   3  19 05 1  F        12482.62
DP   3  19 06 0  F        12123.98
DP   3  19 06 1  F        11893.06
DP   3  19 07 0  F        11889.07
DP   3  19 07 1  F        12156.16
DP   3  19 08 0  F        12598.54
DP   3  19 08 1  F        13086.94
DP   3  19 09 0  F        13498.06
DP   3  19 09 1  F        13747.01
DP   3  19 10 0  F        13896.67
DP   3  19 10 1  F        14027.68
DP   3  19 11 0  F        14143.77
DP   3  19 11 1  F        14220.25
DP   3  19 12 0  F        14195.37
DP   3  19 12 1  F        14047.11
DP   3  19 13 0  F        13949.44
DP   3  19 13 1  F        14060.57
DP   3  19 14 0  F        14279.87
DP   3  19 14 1  F        14466.94
DP   3  19 15 0  F        14581.13
DP   3  19 15 1  F        14611.14
DP   3  19 16 0  F        14563.24
DP   3  19 16 1  F        14427.86
DP   3  19 17 0  F        14114.62
DP   3  19 17 1  F        13605.46
DP   3  19 18 0  F        13252.49
DP   3  19 18 1  F        13356.50
DP   3  19 19 0  F        13642.99
DP   3  19 19 1  F        13775.87
DP   3  19 20 0  F        13748.10
DP   3  19 20 1  F        13658.58
DP   3  19 21 0  F        13700.87
DP   3  19 21 1  F        14002.63
DP   3  19 22 0  F        14333.10
DP   3  19 22 1  F        14449.65
DP   3  19 23 0  F        14420.40
DP   3  19 23 1  F        14391.14
DP   4  19 00 0  F        7923.44
DP   4  19 00 1  F        7870.96
DP   4  19 01 0  F        7805.83
DP   4  19 01 1  F        7721.17
DP   4  19 02 0  F        7633.38
DP   4  19 02 1  F        7558.39
DP   4  19 03 0  F        7487.14
DP   4  19 03 1  F        7408.71
DP   4  19 04 0  F        7329.52
DP   4  19 04 1  F        7260.17
DP   4  19 05 0  F        7210.50
DP   4  19 05 1  F        7178.19
DP   4  19 06 0  F        7113.03
DP   4  19 06 1  F        6977.82
DP   4  19 07 0  F        6835.23
DP   4  19 07 1  F        6762.70
DP   4  19 08 0  F        6796.87
DP   4  19 08 1  F        6943.95
DP   4  19 09 0  F        7129.22
DP   4  19 09 1  F        7275.35
DP   4  19 10 0  F        7375.62
DP   4  19 10 1  F        7441.34
DP   4  19 11 0  F        7485.44
DP   4  19 11 1  F        7514.62
DP   4  19 12 0  F        7509.08
DP   4  19 12 1  F        7460.81
DP   4  19 13 0  F        7435.33
DP   4  19 13 1  F        7494.40
DP   4  19 14 0  F        7611.14
DP   4  19 14 1  F        7737.90
DP   4  19 15 0  F        7832.49
DP   4  19 15 1  F        7864.13
DP   4  19 16 0  F        7842.10
DP   4  19 16 1  F        7780.96
DP   4  19 17 0  F        7676.09
DP   4  19 17 1  F        7525.20
DP   4  19 18 0  F        7354.41
DP   4  19 18 1  F        7205.51
DP   4  19 19 0  F        7154.58
DP   4  19 19 1  F        7248.80
DP   4  19 20 0  F        7385.46
DP   4  19 20 1  F        7457.72
DP   4  19 21 0  F        7492.23
DP   4  19 21 1  F        7536.97
DP   4  19 22 0  F        7591.89
DP   4  19 22 1  F        7647.07
DP   4  19 23 0  F        7701.31
DP   4  19 23 1  F        7755.55
DP   1  20 00 0  F        47804.04
DP   1  20 00 1  F        46543.11
DP   1  20 01 0  F        45363.66
DP   1  20 01 1  F        44327.09
DP   1  20 02 0  F        43414.52
DP   1  20 02 1  F        42602.06
DP   1  20 03 0  F        41925.98
DP   1  20 03 1  F        41422.61
DP   1  20 04 0  F        41068.47
DP   1  20 04 1  F        40823.84
DP   1  20 05 0  F        40643.93
DP   1  20 05 1  F        40479.74
DP   1  20 06 0  F        40270.44
DP   1  20 06 1  F        40035.51
DP   1  20 07 0  F        40127.37
DP   1  20 07 1  F        40850.17
DP   1  20 08 0  F        41981.88
DP   1  20 08 1  F        43202.94
DP   1  20 09 0  F        44329.68
DP   1  20 09 1  F        45245.52
DP   1  20 10 0  F        45966.19
DP   1  20 10 1  F        46525.20
DP   1  20 11 0  F        46894.82
DP   1  20 11 1  F        47056.18
DP   1  20 12 0  F        47087.06
DP   1  20 12 1  F        47079.32
DP   1  20 13 0  F        47084.52
DP   1  20 13 1  F        47128.72
DP   1  20 14 0  F        47176.20
DP   1  20 14 1  F        47183.04
DP   1  20 15 0  F        47134.08
DP   1  20 15 1  F        47030.03
DP   1  20 16 0  F        46906.33
DP   1  20 16 1  F        46781.17
DP   1  20 17 0  F        46568.98
DP   1  20 17 1  F        46215.85
DP   1  20 18 0  F        45898.32
DP   1  20 18 1  F        45865.11
DP   1  20 19 0  F        46423.34
DP   1  20 19 1  F        47667.81
DP   1  20 20 0  F        48785.61
DP   1  20 20 1  F        49008.77
DP   1  20 21 0  F        48656.70
DP   1  20 21 1  F        48198.86
DP   1  20 22 0  F        47617.55
DP   1  20 22 1  F        46818.40
DP   1  20 23 0  F        45887.75
DP   1  20 23 1  F        44957.10
DP   2  20 00 0  F        14985.51
DP   2  20 00 1  F        14452.87
DP   2  20 01 0  F        13966.82
DP   2  20 01 1  F        13561.38
DP   2  20 02 0  F        13220.24
DP   2  20 02 1  F        12920.40
DP   2  20 03 0  F        12662.40
DP   2  20 03 1  F        12453.57
DP   2  20 04 0  F        12304.97
DP   2  20 04 1  F        12224.45
DP   2  20 05 0  F        12203.28
DP   2  20 05 1  F        12219.88
DP   2  20 06 0  F        12217.88
DP   2  20 06 1  F        12181.88
DP   2  20 07 0  F        12295.46
DP   2  20 07 1  F        12716.55
DP   2  20 08 0  F        13301.77
DP   2  20 08 1  F        13855.42
DP   2  20 09 0  F        14273.80
DP   2  20 09 1  F        14513.10
DP   2  20 10 0  F        14676.92
DP   2  20 10 1  F        14873.46
DP   2  20 11 0  F        15081.90
DP   2  20 11 1  F        15234.98
DP   2  20 12 0  F        15208.69
DP   2  20 12 1  F        14945.15
DP   2  20 13 0  F        14707.65
DP   2  20 13 1  F        14739.28
DP   2  20 14 0  F        14881.10
DP   2  20 14 1  F        14923.69
DP   2  20 15 0  F        14857.68
DP   2  20 15 1  F        14728.29
DP   2  20 16 0  F        14599.05
DP   2  20 16 1  F        14524.83
DP   2  20 17 0  F        14507.50
DP   2  20 17 1  F        14518.50
DP   2  20 18 0  F        14460.55
DP   2  20 18 1  F        14286.91
DP   2  20 19 0  F        14221.92
DP   2  20 19 1  F        14455.15
DP   2  20 20 0  F        14766.09
DP   2  20 20 1  F        14891.66
DP   2  20 21 0  F        14808.65
DP   2  20 21 1  F        14561.36
DP   2  20 22 0  F        14224.45
DP   2  20 22 1  F        13867.03
DP   2  20 23 0  F        13505.91
DP   2  20 23 1  F        13144.78
DP   3  20 00 0  F        14093.08
DP   3  20 00 1  F        13875.38
DP   3  20 01 0  F        13664.26
DP   3  20 01 1  F        13467.57
DP   3  20 02 0  F        13298.17
DP   3  20 02 1  F        13162.92
DP   3  20 03 0  F        13039.49
DP   3  20 03 1  F        12911.37
DP   3  20 04 0  F        12814.25
DP   3  20 04 1  F        12762.01
DP   3  20 05 0  F        12628.80
DP   3  20 05 1  F        12308.52
DP   3  20 06 0  F        11913.55
DP   3  20 06 1  F        11597.66
DP   3  20 07 0  F        11461.44
DP   3  20 07 1  F        11555.62
DP   3  20 08 0  F        11784.55
DP   3  20 08 1  F        12028.64
DP   3  20 09 0  F        12219.02
DP   3  20 09 1  F        12320.73
DP   3  20 10 0  F        12383.88
DP   3  20 10 1  F        12463.77
DP   3  20 11 0  F        12551.44
DP   3  20 11 1  F        12619.56
DP   3  20 12 0  F        12631.36
DP   3  20 12 1  F        12571.63
DP   3  20 13 0  F        12520.67
DP   3  20 13 1  F        12552.62
DP   3  20 14 0  F        12621.46
DP   3  20 14 1  F        12665.65
DP   3  20 15 0  F        12681.76
DP   3  20 15 1  F        12678.42
DP   3  20 16 0  F        12654.45
DP   3  20 16 1  F        12601.16
DP   3  20 17 0  F        12489.83
DP   3  20 17 1  F        12345.42
DP   3  20 18 0  F        12427.85
DP   3  20 18 1  F        12921.11
DP   3  20 19 0  F        13470.40
DP   3  20 19 1  F        13701.65
DP   3  20 20 0  F        13702.28
DP   3  20 20 1  F        13652.25
DP   3  20 21 0  F        13639.98
DP   3  20 21 1  F        13703.78
DP   3  20 22 0  F        13773.09
DP   3  20 22 1  F        13774.10
DP   3  20 23 0  F        13728.96
DP   3  20 23 1  F        13683.82
DP   4  20 00 0  F        7801.32
DP   4  20 00 1  F        7761.22
DP   4  20 01 0  F        7710.20
DP   4  20 01 1  F        7641.82
DP   4  20 02 0  F        7567.57
DP   4  20 02 1  F        7498.74
DP   4  20 03 0  F        7428.02
DP   4  20 03 1  F        7348.49
DP   4  20 04 0  F        7273.40
DP   4  20 04 1  F        7216.76
DP   4  20 05 0  F        7175.28
DP   4  20 05 1  F        7135.44
DP   4  20 06 0  F        7059.91
DP   4  20 06 1  F        6924.41
DP   4  20 07 0  F        6780.52
DP   4  20 07 1  F        6688.62
DP   4  20 08 0  F        6668.18
DP   4  20 08 1  F        6718.55
DP   4  20 09 0  F        6799.31
DP   4  20 09 1  F        6869.53
DP   4  20 10 0  F        6925.92
DP   4  20 10 1  F        6972.35
DP   4  20 11 0  F        7003.64
DP   4  20 11 1  F        7012.97
DP   4  20 12 0  F        6995.71
DP   4  20 12 1  F        6955.91
DP   4  20 13 0  F        6929.93
DP   4  20 13 1  F        6950.31
DP   4  20 14 0  F        7002.13
DP   4  20 14 1  F        7059.40
DP   4  20 15 0  F        7099.63
DP   4  20 15 1  F        7106.60
DP   4  20 16 0  F        7085.73
DP   4  20 16 1  F        7045.33
DP   4  20 17 0  F        6983.38
DP   4  20 17 1  F        6905.16
DP   4  20 18 0  F        6855.34
DP   4  20 18 1  F        6877.65
DP   4  20 19 0  F        6972.50
DP   4  20 19 1  F        7118.69
DP   4  20 20 0  F        7251.76
DP   4  20 20 1  F        7316.14
DP   4  20 21 0  F        7335.10
DP   4  20 21 1  F        7345.31
DP   4  20 22 0  F        7358.23
DP   4  20 22 1  F        7377.53
DP   4  20 23 0  F        7400.78
DP   4  20 23 1  F        7424.03
DP   1  21 00 0  F        43588.26
DP   1  21 00 1  F        42434.03
DP   1  21 01 0  F        41367.73
DP   1  21 01 1  F        40451.16
DP   1  21 02 0  F        39641.72
DP   1  21 02 1  F        38892.52
DP   1  21 03 0  F        38244.06
DP   1  21 03 1  F        37742.48
DP   1  21 04 0  F        37369.05
DP   1  21 04 1  F        37082.35
DP   1  21 05 0  F        36814.95
DP   1  21 05 1  F        36496.72
DP   1  21 06 0  F        36072.52
DP   1  21 06 1  F        35555.32
DP   1  21 07 0  F        35215.45
DP   1  21 07 1  F        35305.23
DP   1  21 08 0  F        35747.66
DP   1  21 08 1  F        36381.77
DP   1  21 09 0  F        37040.32
DP   1  21 09 1  F        37588.36
DP   1  21 10 0  F        38026.37
DP   1  21 10 1  F        38392.61
DP   1  21 11 0  F        38740.92
DP   1  21 11 1  F        39097.54
DP   1  21 12 0  F        39362.70
DP   1  21 12 1  F        39444.76
DP   1  21 13 0  F        39410.62
DP   1  21 13 1  F        39348.80
DP   1  21 14 0  F        39275.61
DP   1  21 14 1  F        39190.60
DP   1  21 15 0  F        39098.27
DP   1  21 15 1  F        39022.44
DP   1  21 16 0  F        39059.25
DP   1  21 16 1  F        39287.34
DP   1  21 17 0  F        39643.15
DP   1  21 17 1  F        40036.47
DP   1  21 18 0  F        40412.62
DP   1  21 18 1  F        40817.59
DP   1  21 19 0  F        41664.38
DP   1  21 19 1  F        43189.92
DP   1  21 20 0  F        44559.58
DP   1  21 20 1  F        44966.26
DP   1  21 21 0  F        44784.38
DP   1  21 21 1  F        44544.12
DP   1  21 22 0  F        44217.02
DP   1  21 22 1  F        43684.22
DP   1  21 23 0  F        43023.94
DP   1  21 23 1  F        42363.66
DP   2  21 00 0  F        13138.05
DP   2  21 00 1  F        12647.19
DP   2  21 01 0  F        12201.42
DP   2  21 01 1  F        11835.58
DP   2  21 02 0  F        11543.49
DP   2  21 02 1  F        11307.83
DP   2  21 03 0  F        11107.56
DP   2  21 03 1  F        10930.38
DP   2  21 04 0  F        10802.63
DP   2  21 04 1  F        10748.49
DP   2  21 05 0  F        10744.73
DP   2  21 05 1  F        10755.28
DP   2  21 06 0  F        10739.90
DP   2  21 06 1  F        10696.50
DP   2  21 07 0  F        10779.52
DP   2  21 07 1  F        11117.40
DP   2  21 08 0  F        11577.86
DP   2  21 08 1  F        11991.59
DP   2  21 09 0  F        12301.61
DP   2  21 09 1  F        12503.01
DP   2  21 10 0  F        12686.64
DP   2  21 10 1  F        12935.86
DP   2  21 11 0  F        13208.31
DP   2  21 11 1  F        13422.30
DP   2  21 12 0  F        13464.65
DP   2  21 12 1  F        13284.10
DP   2  21 13 0  F        13108.63
DP   2  21 13 1  F        13150.97
DP   2  21 14 0  F        13283.46
DP   2  21 14 1  F        13339.80
DP   2  21 15 0  F        13339.42
DP   2  21 15 1  F        13337.61
DP   2  21 16 0  F        13347.44
DP   2  21 16 1  F        13375.69
DP   2  21 17 0  F        13446.09
DP   2  21 17 1  F        13558.40
DP   2  21 18 0  F        13599.51
DP   2  21 18 1  F        13509.92
DP   2  21 19 0  F        13557.31
DP   2  21 19 1  F        13961.17
DP   2  21 20 0  F        14421.19
DP   2  21 20 1  F        14601.04
DP   2  21 21 0  F        14540.35
DP   2  21 21 1  F        14357.21
DP   2  21 22 0  F        14107.67
DP   2  21 22 1  F        13827.69
DP   2  21 23 0  F        13534.78
DP   2  21 23 1  F        13241.86
DP   3  21 00 0  F        13686.35
DP   3  21 00 1  F        13478.05
DP   3  21 01 0  F        13279.86
DP   3  21 01 1  F        13101.12
DP   3  21 02 0  F        12948.04
DP   3  21 02 1  F        12820.39
DP   3  21 03 0  F        12695.31
DP   3  21 03 1  F        12558.21
DP   3  21 04 0  F        12450.30
DP   3  21 04 1  F        12390.75
DP   3  21 05 0  F        12254.63
DP   3  21 05 1  F        11933.02
DP   3  21 06 0  F        11525.03
DP   3  21 06 1  F        11168.10
DP   3  21 07 0  F        10944.76
DP   3  21 07 1  F        10897.10
DP   3  21 08 0  F        10960.18
DP   3  21 08 1  F        11050.28
DP   3  21 09 0  F        11115.69
DP   3  21 09 1  F        11129.91
DP   3  21 10 0  F        11135.42
DP   3  21 10 1  F        11178.00
DP   3  21 11 0  F        11247.65
DP   3  21 11 1  F        11320.72
DP   3  21 12 0  F        11374.73
DP   3  21 12 1  F        11396.58
DP   3  21 13 0  F        11409.72
DP   3  21 13 1  F        11439.15
DP   3  21 14 0  F        11479.41
DP   3  21 14 1  F        11517.34
DP   3  21 15 0  F        11539.34
DP   3  21 15 1  F        11537.85
DP   3  21 16 0  F        11529.78
DP   3  21 16 1  F        11527.45
DP   3  21 17 0  F        11500.45
DP   3  21 17 1  F        11463.71
DP   3  21 18 0  F        11656.34
DP   3  21 18 1  F        12242.55
DP   3  21 19 0  F        12862.53
DP   3  21 19 1  F        13145.69
DP   3  21 20 0  F        13202.48
DP   3  21 20 1  F        13227.92
DP   3  21 21 0  F        13274.36
DP   3  21 21 1  F        13348.11
DP   3  21 22 0  F        13413.77
DP   3  21 22 1  F        13437.69
DP   3  21 23 0  F        13434.67
DP   3  21 23 1  F        13431.64
DP   4  21 00 0  F        7535.57
DP   4  21 00 1  F        7498.88
DP   4  21 01 0  F        7455.03
DP   4  21 01 1  F        7399.72
DP   4  21 02 0  F        7340.20
DP   4  21 02 1  F        7283.00
DP   4  21 03 0  F        7220.40
DP   4  21 03 1  F        7147.19
DP   4  21 04 0  F        7082.52
DP   4  21 04 1  F        7043.34
DP   4  21 05 0  F        7013.36
DP   4  21 05 1  F        6969.27
DP   4  21 06 0  F        6892.80
DP   4  21 06 1  F        6775.43
DP   4  21 07 0  F        6642.43
DP   4  21 07 1  F        6525.91
DP   4  21 08 0  F        6451.49
DP   4  21 08 1  F        6433.58
DP   4  21 09 0  F        6448.06
DP   4  21 09 1  F        6466.45
DP   4  21 10 0  F        6481.42
DP   4  21 10 1  F        6492.24
DP   4  21 11 0  F        6503.70
DP   4  21 11 1  F        6517.15
DP   4  21 12 0  F        6514.74
DP   4  21 12 1  F        6486.15
DP   4  21 13 0  F        6470.40
DP   4  21 13 1  F        6504.09
DP   4  21 14 0  F        6564.95
DP   4  21 14 1  F        6621.05
DP   4  21 15 0  F        6660.85
DP   4  21 15 1  F        6681.43
DP   4  21 16 0  F        6693.99
DP   4  21 16 1  F        6706.60
DP   4  21 17 0  F        6700.67
DP   4  21 17 1  F        6665.45
DP   4  21 18 0  F        6648.27
DP   4  21 18 1  F        6698.60
DP   4  21 19 0  F        6816.47
DP   4  21 19 1  F        6979.58
DP   4  21 20 0  F        7125.79
DP   4  21 20 1  F        7202.28
DP   4  21 21 0  F        7233.52
DP   4  21 21 1  F        7257.76
DP   4  21 22 0  F        7291.13
DP   4  21 22 1  F        7340.83
DP   4  21 23 0  F        7400.40
DP   4  21 23 1  F        7459.97
DP   1  22 00 0  F        40909.74
DP   1  22 00 1  F        39743.72
DP   1  22 01 0  F        38714.95
DP   1  22 01 1  F        37916.57
DP   1  22 02 0  F        37265.31
DP   1  22 02 1  F        36667.93
DP   1  22 03 0  F        36167.71
DP   1  22 03 1  F        35830.14
DP   1  22 04 0  F        35673.13
DP   1  22 04 1  F        35698.13
DP   1  22 05 0  F        35888.49
DP   1  22 05 1  F        36229.07
DP   1  22 06 0  F        36729.05
DP   1  22 06 1  F        37430.22
DP   1  22 07 0  F        38480.53
DP   1  22 07 1  F        39973.50
DP   1  22 08 0  F        41678.73
DP   1  22 08 1  F        43311.04
DP   1  22 09 0  F        44690.02
DP   1  22 09 1  F        45714.83
DP   1  22 10 0  F        46498.32
DP   1  22 10 1  F        47166.53
DP   1  22 11 0  F        47684.80
DP   1  22 11 1  F        47980.83
DP   1  22 12 0  F        47992.60
DP   1  22 12 1  F        47748.79
DP   1  22 13 0  F        47630.71
DP   1  22 13 1  F        47958.89
DP   1  22 14 0  F        48458.12
DP   1  22 14 1  F        48782.46
DP   1  22 15 0  F        48898.85
DP   1  22 15 1  F        48867.15
DP   1  22 16 0  F        48806.16
DP   1  22 16 1  F        48753.43
DP   1  22 17 0  F        48362.55
DP   1  22 17 1  F        47363.36
DP   1  22 18 0  F        46174.34
DP   1  22 18 1  F        45381.06
DP   1  22 19 0  F        45548.75
DP   1  22 19 1  F        46895.83
DP   1  22 20 0  F        48273.87
DP   1  22 20 1  F        48580.07
DP   1  22 21 0  F        48261.21
DP   1  22 21 1  F        47946.87
DP   1  22 22 0  F        47448.43
DP   1  22 22 1  F        46486.34
DP   1  22 23 0  F        45235.62
DP   1  22 23 1  F        43984.89
DP   2  22 00 0  F        12866.80
DP   2  22 00 1  F        12427.34
DP   2  22 01 0  F        12050.04
DP   2  22 01 1  F        11776.07
DP   2  22 02 0  F        11562.47
DP   2  22 02 1  F        11363.53
DP   2  22 03 0  F        11206.69
DP   2  22 03 1  F        11123.09
DP   2  22 04 0  F        11085.64
DP   2  22 04 1  F        11071.77
DP   2  22 05 0  F        11135.04
DP   2  22 05 1  F        11321.07
DP   2  22 06 0  F        11567.36
DP   2  22 06 1  F        11834.53
DP   2  22 07 0  F        12283.75
DP   2  22 07 1  F        13043.38
DP   2  22 08 0  F        13910.12
DP   2  22 08 1  F        14637.95
DP   2  22 09 0  F        15141.62
DP   2  22 09 1  F        15414.27
DP   2  22 10 0  F        15601.80
DP   2  22 10 1  F        15850.14
DP   2  22 11 0  F        16152.51
DP   2  22 11 1  F        16419.70
DP   2  22 12 0  F        16385.61
DP   2  22 12 1  F        15912.40
DP   2  22 13 0  F        15552.29
DP   2  22 13 1  F        15810.01
DP   2  22 14 0  F        16310.31
DP   2  22 14 1  F        16582.53
DP   2  22 15 0  F        16654.34
DP   2  22 15 1  F        16658.06
DP   2  22 16 0  F        16646.28
DP   2  22 16 1  F        16633.14
DP   2  22 17 0  F        16558.49
DP   2  22 17 1  F        16347.05
DP   2  22 18 0  F        15937.18
DP   2  22 18 1  F        15363.80
DP   2  22 19 0  F        15034.43
DP   2  22 19 1  F        15271.84
DP   2  22 20 0  F        15687.29
DP   2  22 20 1  F        15839.64
DP   2  22 21 0  F        15789.72
DP   2  22 21 1  F        15681.29
DP   2  22 22 0  F        15487.90
DP   2  22 22 1  F        15164.88
DP   2  22 23 0  F        14764.88
DP   2  22 23 1  F        14364.89
DP   3  22 00 0  F        13518.36
DP   3  22 00 1  F        13290.30
DP   3  22 01 0  F        13072.74
DP   3  22 01 1  F        12876.76
DP   3  22 02 0  F        12715.61
DP   3  22 02 1  F        12594.76
DP   3  22 03 0  F        12486.37
DP   3  22 03 1  F        12369.85
DP   3  22 04 0  F        12286.93
DP   3  22 04 1  F        12259.39
DP   3  22 05 0  F        12167.08
DP   3  22 05 1  F        11909.35
DP   3  22 06 0  F        11605.48
DP   3  22 06 1  F        11416.98
DP   3  22 07 0  F        11454.33
DP   3  22 07 1  F        11775.68
DP   3  22 08 0  F        12281.02
DP   3  22 08 1  F        12829.20
DP   3  22 09 0  F        13272.87
DP   3  22 09 1  F        13513.11
DP   3  22 10 0  F        13651.24
DP   3  22 10 1  F        13803.20
DP   3  22 11 0  F        13943.37
DP   3  22 11 1  F        14013.27
DP   3  22 12 0  F        13964.64
DP   3  22 12 1  F        13799.05
DP   3  22 13 0  F        13707.33
DP   3  22 13 1  F        13853.98
DP   3  22 14 0  F        14108.98
DP   3  22 14 1  F        14302.54
DP   3  22 15 0  F        14400.41
DP   3  22 15 1  F        14408.59
DP   3  22 16 0  F        14358.70
DP   3  22 16 1  F        14258.15
DP   3  22 17 0  F        13992.15
DP   3  22 17 1  F        13514.92
DP   3  22 18 0  F        13179.09
DP   3  22 18 1  F        13287.81
DP   3  22 19 0  F        13548.04
DP   3  22 19 1  F        13614.19
DP   3  22 20 0  F        13526.74
DP   3  22 20 1  F        13429.60
DP   3  22 21 0  F        13494.35
DP   3  22 21 1  F        13815.10
DP   3  22 22 0  F        14148.47
DP   3  22 22 1  F        14247.58
DP   3  22 23 0  F        14189.11
DP   3  22 23 1  F        14130.65
DP   4  22 00 0  F        7438.50
DP   4  22 00 1  F        7402.04
DP   4  22 01 0  F        7354.05
DP   4  22 01 1  F        7288.57
DP   4  22 02 0  F        7221.84
DP   4  22 02 1  F        7168.47
DP   4  22 03 0  F        7114.34
DP   4  22 03 1  F        7045.88
DP   4  22 04 0  F        6980.53
DP   4  22 04 1  F        6938.24
DP   4  22 05 0  F        6918.12
DP   4  22 05 1  F        6906.33
DP   4  22 06 0  F        6858.11
DP   4  22 06 1  F        6744.56
DP   4  22 07 0  F        6631.35
DP   4  22 07 1  F        6594.29
DP   4  22 08 0  F        6655.28
DP   4  22 08 1  F        6808.68
DP   4  22 09 0  F        6992.65
DP   4  22 09 1  F        7144.35
DP   4  22 10 0  F        7253.06
DP   4  22 10 1  F        7323.24
DP   4  22 11 0  F        7367.97
DP   4  22 11 1  F        7394.44
DP   4  22 12 0  F        7377.77
DP   4  22 12 1  F        7307.40
DP   4  22 13 0  F        7262.23
DP   4  22 13 1  F        7315.09
DP   4  22 14 0  F        7424.98
DP   4  22 14 1  F        7531.25
DP   4  22 15 0  F        7608.15
DP   4  22 15 1  F        7642.80
DP   4  22 16 0  F        7638.77
DP   4  22 16 1  F        7599.28
DP   4  22 17 0  F        7509.73
DP   4  22 17 1  F        7360.39
DP   4  22 18 0  F        7178.70
DP   4  22 18 1  F        7010.86
DP   4  22 19 0  F        6940.98
DP   4  22 19 1  F        7023.64
DP   4  22 20 0  F        7157.30
DP   4  22 20 1  F        7234.38
DP   4  22 21 0  F        7279.18
DP   4  22 21 1  F        7336.53
DP   4  22 22 0  F        7401.34
DP   4  22 22 1  F        7459.86
DP   4  22 23 0  F        7513.34
DP   4  22 23 1  F        7566.83
DP   1  23 00 0  F        42035.03
DP   1  23 00 1  F        40585.38
DP   1  23 01 0  F        39306.84
DP   1  23 01 1  F        38320.73
DP   1  23 02 0  F        37549.10
DP   1  23 02 1  F        36890.73
DP   1  23 03 0  F        36350.39
DP   1  23 03 1  F        35962.18
DP   1  23 04 0  F        35771.43
DP   1  23 04 1  F        35804.20
DP   1  23 05 0  F        35998.26
DP   1  23 05 1  F        36291.88
DP   1  23 06 0  F        36713.51
DP   1  23 06 1  F        37340.85
DP   1  23 07 0  F        38358.35
DP   1  23 07 1  F        39866.95
DP   1  23 08 0  F        41526.90
DP   1  23 08 1  F        42968.86
DP   1  23 09 0  F        44145.84
DP   1  23 09 1  F        45091.05
DP   1  23 10 0  F        45835.95
DP   1  23 10 1  F        46411.17
DP   1  23 11 0  F        46845.66
DP   1  23 11 1  F        47140.76
DP   1  23 12 0  F        47188.99
DP   1  23 12 1  F        46964.27
DP   1  23 13 0  F        46874.97
DP   1  23 13 1  F        47274.89
DP   1  23 14 0  F        47865.09
DP   1  23 14 1  F        48271.57
DP   1  23 15 0  F        48472.87
DP   1  23 15 1  F        48544.09
DP   1  23 16 0  F        48594.27
DP   1  23 16 1  F        48641.75
DP   1  23 17 0  F        48308.28
DP   1  23 17 1  F        47316.40
DP   1  23 18 0  F        46188.35
DP   1  23 18 1  F        45584.25
DP   1  23 19 0  F        45915.91
DP   1  23 19 1  F        47249.74
DP   1  23 20 0  F        48518.92
DP   1  23 20 1  F        48735.04
DP   1  23 21 0  F        48356.78
DP   1  23 21 1  F        47999.40
DP   1  23 22 0  F        47457.61
DP   1  23 22 1  F        46438.92
DP   1  23 23 0  F        45122.79
DP   1  23 23 1  F        43806.67
DP   2  23 00 0  F        14329.60
DP   2  23 00 1  F        13705.14
DP   2  23 01 0  F        13172.25
DP   2  23 01 1  F        12791.52
DP   2  23 02 0  F        12499.76
DP   2  23 02 1  F        12227.82
DP   2  23 03 0  F        12006.44
DP   2  23 03 1  F        11875.44
DP   2  23 04 0  F        11810.98
DP   2  23 04 1  F        11787.73
DP   2  23 05 0  F        11838.14
DP   2  23 05 1  F        11991.50
DP   2  23 06 0  F        12206.81
DP   2  23 06 1  F        12468.13
DP   2  23 07 0  F        12930.03
DP   2  23 07 1  F        13710.04
DP   2  23 08 0  F        14607.09
DP   2  23 08 1  F        15374.38
DP   2  23 09 0  F        15900.84
DP   2  23 09 1  F        16163.19
DP   2  23 10 0  F        16353.80
DP   2  23 10 1  F        16658.69
DP   2  23 11 0  F        17022.98
DP   2  23 11 1  F        17303.91
DP   2  23 12 0  F        17248.14
DP   2  23 12 1  F        16748.32
DP   2  23 13 0  F        16391.72
DP   2  23 13 1  F        16704.23
DP   2  23 14 0  F        17271.66
DP   2  23 14 1  F        17578.27
DP   2  23 15 0  F        17642.24
DP   2  23 15 1  F        17601.51
DP   2  23 16 0  F        17539.04
DP   2  23 16 1  F        17494.64
DP   2  23 17 0  F        17390.32
DP   2  23 17 1  F        17127.03
DP   2  23 18 0  F        16639.07
DP   2  23 18 1  F        15968.05
DP   2  23 19 0  F        15551.17
DP   2  23 19 1  F        15737.13
DP   2  23 20 0  F        16124.80
DP   2  23 20 1  F        16257.05
DP   2  23 21 0  F        16202.54
DP   2  23 21 1  F        16112.26
DP   2  23 22 0  F        15940.59
DP   2  23 22 1  F        15623.28
DP   2  23 23 0  F        15217.91
DP   2  23 23 1  F        14812.54
DP   3  23 00 0  F        14135.00
DP   3  23 00 1  F        13869.90
DP   3  23 01 0  F        13628.32
DP   3  23 01 1  F        13426.65
DP   3  23 02 0  F        13252.84
DP   3  23 02 1  F        13092.27
DP   3  23 03 0  F        12948.64
DP   3  23 03 1  F        12833.67
DP   3  23 04 0  F        12772.81
DP   3  23 04 1  F        12761.23
DP   3  23 05 0  F        12659.28
DP   3  23 05 1  F        12358.10
DP   3  23 06 0  F        12006.92
DP   3  23 06 1  F        11797.95
DP   3  23 07 0  F        11837.11
DP   3  23 07 1  F        12167.84
DP   3  23 08 0  F        12669.80
DP   3  23 08 1  F        13190.07
DP   3  23 09 0  F        13609.17
DP   3  23 09 1  F        13853.78
DP   3  23 10 0  F        14001.94
DP   3  23 10 1  F        14144.68
DP   3  23 11 0  F        14273.77
DP   3  23 11 1  F        14350.14
DP   3  23 12 0  F        14310.82
DP   3  23 12 1  F        14139.15
DP   3  23 13 0  F        14027.70
DP   3  23 13 1  F        14148.42
DP   3  23 14 0  F        14381.54
DP   3  23 14 1  F        14566.63
DP   3  23 15 0  F        14672.42
DP   3  23 15 1  F        14700.44
DP   3  23 16 0  F        14654.34
DP   3  23 16 1  F        14521.15
DP   3  23 17 0  F        14219.34
DP   3  23 17 1  F        13736.52
DP   3  23 18 0  F        13405.31
DP   3  23 18 1  F        13503.95
DP   3  23 19 0  F        13748.01
DP   3  23 19 1  F        13805.21
DP   3  23 20 0  F        13714.41
DP   3  23 20 1  F        13613.62
DP   3  23 21 0  F        13666.11
DP   3  23 21 1  F        13961.53
DP   3  23 22 0  F        14269.70
DP   3  23 22 1  F        14356.98
DP   3  23 23 0  F        14295.57
DP   3  23 23 1  F        14234.16
DP   4  23 00 0  F        7715.86
DP   4  23 00 1  F        7655.70
DP   4  23 01 0  F        7591.37
DP   4  23 01 1  F        7520.43
DP   4  23 02 0  F        7447.43
DP   4  23 02 1  F        7375.96
DP   4  23 03 0  F        7299.07
DP   4  23 03 1  F        7212.96
DP   4  23 04 0  F        7136.99
DP   4  23 04 1  F        7089.45
DP   4  23 05 0  F        7061.02
DP   4  23 05 1  F        7031.69
DP   4  23 06 0  F        6966.16
DP   4  23 06 1  F        6845.25
DP   4  23 07 0  F        6729.48
DP   4  23 07 1  F        6689.97
DP   4  23 08 0  F        6760.31
DP   4  23 08 1  F        6944.69
DP   4  23 09 0  F        7167.00
DP   4  23 09 1  F        7348.85
DP   4  23 10 0  F        7482.95
DP   4  23 10 1  F        7578.71
DP   4  23 11 0  F        7641.10
DP   4  23 11 1  F        7670.14
DP   4  23 12 0  F        7650.35
DP   4  23 12 1  F        7583.05
DP   4  23 13 0  F        7552.25
DP   4  23 13 1  F        7632.82
DP   4  23 14 0  F        7780.39
DP   4  23 14 1  F        7928.38
DP   4  23 15 0  F        8040.58
DP   4  23 15 1  F        8094.09
DP   4  23 16 0  F        8088.83
DP   4  23 16 1  F        8027.74
DP   4  23 17 0  F        7902.94
DP   4  23 17 1  F        7714.42
DP   4  23 18 0  F        7504.61
DP   4  23 18 1  F        7330.18
DP   4  23 19 0  F        7262.60
DP   4  23 19 1  F        7340.94
DP   4  23 20 0  F        7460.08
DP   4  23 20 1  F        7514.57
DP   4  23 21 0  F        7541.93
DP   4  23 21 1  F        7597.31
DP   4  23 22 0  F        7663.31
DP   4  23 22 1  F        7712.42
DP   4  23 23 0  F        7749.08
DP   4  23 23 1  F        7785.75
DP   1  24 00 0  F        42403.46
DP   1  24 00 1  F        40812.11
DP   1  24 01 0  F        39422.06
DP   1  24 01 1  F        38376.81
DP   1  24 02 0  F        37588.77
DP   1  24 02 1  F        36938.35
DP   1  24 03 0  F        36409.13
DP   1  24 03 1  F        36018.36
DP   1  24 04 0  F        35814.62
DP   1  24 04 1  F        35833.01
DP   1  24 05 0  F        36023.48
DP   1  24 05 1  F        36332.37
DP   1  24 06 0  F        36776.93
DP   1  24 06 1  F        37424.31
DP   1  24 07 0  F        38470.48
DP   1  24 07 1  F        40028.33
DP   1  24 08 0  F        41749.61
DP   1  24 08 1  F        43249.06
DP   1  24 09 0  F        44454.72
DP   1  24 09 1  F        45385.99
DP   1  24 10 0  F        46114.77
DP   1  24 10 1  F        46708.66
DP   1  24 11 0  F        47165.89
DP   1  24 11 1  F        47450.21
DP   1  24 12 0  F        47457.12
DP   1  24 12 1  F        47179.37
DP   1  24 13 0  F        47067.14
DP   1  24 13 1  F        47501.74
DP   1  24 14 0  F        48131.57
DP   1  24 14 1  F        48528.41
DP   1  24 15 0  F        48690.52
DP   1  24 15 1  F        48724.58
DP   1  24 16 0  F        48744.57
DP   1  24 16 1  F        48765.21
DP   1  24 17 0  F        48396.84
DP   1  24 17 1  F        47359.52
DP   1  24 18 0  F        46216.68
DP   1  24 18 1  F        45655.80
DP   1  24 19 0  F        46017.17
DP   1  24 19 1  F        47302.35
DP   1  24 20 0  F        48505.05
DP   1  24 20 1  F        48691.58
DP   1  24 21 0  F        48226.38
DP   1  24 21 1  F        47643.85
DP   1  24 22 0  F        46860.05
DP   1  24 22 1  F        45712.89
DP   1  24 23 0  F        44345.85
DP   1  24 23 1  F        42978.81
DP   2  24 00 0  F        13967.77
DP   2  24 00 1  F        13315.52
DP   2  24 01 0  F        12764.78
DP   2  24 01 1  F        12383.14
DP   2  24 02 0  F        12102.66
DP   2  24 02 1  F        11847.07
DP   2  24 03 0  F        11642.32
DP   2  24 03 1  F        11524.30
DP   2  24 04 0  F        11466.38
DP   2  24 04 1  F        11442.49
DP   2  24 05 0  F        11491.37
DP   2  24 05 1  F        11646.61
DP   2  24 06 0  F        11856.34
DP   2  24 06 1  F        12097.09
DP   2  24 07 0  F        12544.54
DP   2  24 07 1  F        13330.96
DP   2  24 08 0  F        14215.87
DP   2  24 08 1  F        14919.96
DP   2  24 09 0  F        15381.39
DP   2  24 09 1  F        15624.90
DP   2  24 10 0  F        15804.12
DP   2  24 10 1  F        16062.08
DP   2  24 11 0  F        16370.43
DP   2  24 11 1  F        16620.74
DP   2  24 12 0  F        16555.63
DP   2  24 12 1  F        16051.79
DP   2  24 13 0  F        15671.23
DP   2  24 13 1  F        15923.21
DP   2  24 14 0  F        16420.73
DP   2  24 14 1  F        16683.14
DP   2  24 15 0  F        16751.57
DP   2  24 15 1  F        16770.13
DP   2  24 16 0  F        16773.08
DP   2  24 16 1  F        16757.27
DP   2  24 17 0  F        16679.70
DP   2  24 17 1  F        16483.79
DP   2  24 18 0  F        16098.32
DP   2  24 18 1  F        15541.99
DP   2  24 19 0  F        15207.75
DP   2  24 19 1  F        15407.79
DP   2  24 20 0  F        15756.95
DP   2  24 20 1  F        15825.28
DP   2  24 21 0  F        15701.27
DP   2  24 21 1  F        15552.04
DP   2  24 22 0  F        15341.09
DP   2  24 22 1  F        15008.01
DP   2  24 23 0  F        14600.37
DP   2  24 23 1  F        14192.72
DP   3  24 00 0  F        13923.50
DP   3  24 00 1  F        13652.73
DP   3  24 01 0  F        13408.74
DP   3  24 01 1  F        13210.40
DP   3  24 02 0  F        13044.98
DP   3  24 02 1  F        12895.68
DP   3  24 03 0  F        12761.11
DP   3  24 03 1  F        12647.79
DP   3  24 04 0  F        12578.62
DP   3  24 04 1  F        12551.23
DP   3  24 05 0  F        12445.71
DP   3  24 05 1  F        12167.71
DP   3  24 06 0  F        11842.63
DP   3  24 06 1  F        11636.08
DP   3  24 07 0  F        11654.87
DP   3  24 07 1  F        11951.89
DP   3  24 08 0  F        12423.15
DP   3  24 08 1  F        12930.21
DP   3  24 09 0  F        13353.75
DP   3  24 09 1  F        13613.82
DP   3  24 10 0  F        13768.74
DP   3  24 10 1  F        13895.11
DP   3  24 11 0  F        14004.46
DP   3  24 11 1  F        14079.94
DP   3  24 12 0  F        14056.37
DP   3  24 12 1  F        13906.15
DP   3  24 13 0  F        13800.55
DP   3  24 13 1  F        13898.19
DP   3  24 14 0  F        14108.38
DP   3  24 14 1  F        14297.40
DP   3  24 15 0  F        14408.66
DP   3  24 15 1  F        14418.30
DP   3  24 16 0  F        14356.11
DP   3  24 16 1  F        14237.51
DP   3  24 17 0  F        13966.64
DP   3  24 17 1  F        13509.15
DP   3  24 18 0  F        13188.01
DP   3  24 18 1  F        13279.34
DP   3  24 19 0  F        13514.57
DP   3  24 19 1  F        13577.63
DP   3  24 20 0  F        13507.30
DP   3  24 20 1  F        13433.55
DP   3  24 21 0  F        13496.27
DP   3  24 21 1  F        13768.66
DP   3  24 22 0  F        14047.03
DP   3  24 22 1  F        14126.19
DP   3  24 23 0  F        14071.90
DP   3  24 23 1  F        14017.60
DP   4  24 00 0  F        7724.68
DP   4  24 00 1  F        7676.99
DP   4  24 01 0  F        7619.39
DP   4  24 01 1  F        7545.29
DP   4  24 02 0  F        7461.28
DP   4  24 02 1  F        7375.12
DP   4  24 03 0  F        7285.96
DP   4  24 03 1  F        7195.31
DP   4  24 04 0  F        7122.63
DP   4  24 04 1  F        7083.31
DP   4  24 05 0  F        7058.51
DP   4  24 05 1  F        7021.68
DP   4  24 06 0  F        6949.64
DP   4  24 06 1  F        6833.56
DP   4  24 07 0  F        6718.53
DP   4  24 07 1  F        6661.96
DP   4  24 08 0  F        6716.69
DP   4  24 08 1  F        6906.15
DP   4  24 09 0  F        7140.69
DP   4  24 09 1  F        7325.39
DP   4  24 10 0  F        7457.35
DP   4  24 10 1  F        7554.56
DP   4  24 11 0  F        7626.68
DP   4  24 11 1  F        7674.11
DP   4  24 12 0  F        7668.79
DP   4  24 12 1  F        7601.84
DP   4  24 13 0  F        7569.45
DP   4  24 13 1  F        7658.33
DP   4  24 14 0  F        7812.03
DP   4  24 14 1  F        7951.39
DP   4  24 15 0  F        8049.54
DP   4  24 15 1  F        8095.66
DP   4  24 16 0  F        8090.77
DP   4  24 16 1  F        8035.74
DP   4  24 17 0  F        7919.04
DP   4  24 17 1  F        7737.76
DP   4  24 18 0  F        7535.84
DP   4  24 18 1  F        7371.72
DP   4  24 19 0  F        7315.13
DP   4  24 19 1  F        7402.62
DP   4  24 20 0  F        7526.82
DP   4  24 20 1  F        7580.80
DP   4  24 21 0  F        7603.42
DP   4  24 21 1  F        7651.88
DP   4  24 22 0  F        7711.01
DP   4  24 22 1  F        7754.98
DP   4  24 23 0  F        7787.66
DP   4  24 23 1  F        7820.34
DP   1  25 00 0  F        42135.46
DP   1  25 00 1  F        40592.66
DP   1  25 01 0  F        39251.63
DP   1  25 01 1  F        38255.12
DP   1  25 02 0  F        37509.79
DP   1  25 02 1  F        36888.70
DP   1  25 03 0  F        36366.59
DP   1  25 03 1  F        35959.83
DP   1  25 04 0  F        35749.59
DP   1  25 04 1  F        35792.29
DP   1  25 05 0  F        35980.66
DP   1  25 05 1  F        36213.37
DP   1  25 06 0  F        36576.62
DP   1  25 06 1  F        37206.17
DP   1  25 07 0  F        38248.50
DP   1  25 07 1  F        39760.63
DP   1  25 08 0  F        41430.97
DP   1  25 08 1  F        42924.18
DP   1  25 09 0  F        44178.43
DP   1  25 09 1  F        45204.91
DP   1  25 10 0  F        46033.38
DP   1  25 10 1  F        46693.09
DP   1  25 11 0  F        47192.76
DP   1  25 11 1  F        47516.36
DP   1  25 12 0  F        47569.34
DP   1  25 12 1  F        47343.66
DP   1  25 13 0  F        47255.80
DP   1  25 13 1  F        47663.98
DP   1  25 14 0  F        48268.77
DP   1  25 14 1  F        48696.19
DP   1  25 15 0  F        48931.64
DP   1  25 15 1  F        49051.88
DP   1  25 16 0  F        49139.72
DP   1  25 16 1  F        49186.85
DP   1  25 17 0  F        48814.49
DP   1  25 17 1  F        47758.95
DP   1  25 18 0  F        46587.59
DP   1  25 18 1  F        45996.94
DP   1  25 19 0  F        46369.45
DP   1  25 19 1  F        47728.15
DP   1  25 20 0  F        48972.50
DP   1  25 20 1  F        49101.27
DP   1  25 21 0  F        48634.04
DP   1  25 21 1  F        48245.08
DP   1  25 22 0  F        47706.72
DP   1  25 22 1  F        46691.56
DP   1  25 23 0  F        45375.12
DP   1  25 23 1  F        44058.69
DP   2  25 00 0  F        13854.50
DP   2  25 00 1  F        13233.58
DP   2  25 01 0  F        12708.06
DP   2  25 01 1  F        12341.61
DP   2  25 02 0  F        12070.99
DP   2  25 02 1  F        11825.41
DP   2  25 03 0  F        11630.81
DP   2  25 03 1  F        11519.97
DP   2  25 04 0  F        11456.34
DP   2  25 04 1  F        11408.92
DP   2  25 05 0  F        11438.21
DP   2  25 05 1  F        11598.21
DP   2  25 06 0  F        11825.38
DP   2  25 06 1  F        12078.42
DP   2  25 07 0  F        12522.58
DP   2  25 07 1  F        13288.04
DP   2  25 08 0  F        14158.16
DP   2  25 08 1  F        14873.54
DP   2  25 09 0  F        15350.69
DP   2  25 09 1  F        15592.59
DP   2  25 10 0  F        15772.28
DP   2  25 10 1  F        16055.03
DP   2  25 11 0  F        16404.92
DP   2  25 11 1  F        16700.34
DP   2  25 12 0  F        16678.16
DP   2  25 12 1  F        16213.61
DP   2  25 13 0  F        15876.93
DP   2  25 13 1  F        16187.31
DP   2  25 14 0  F        16764.57
DP   2  25 14 1  F        17123.33
DP   2  25 15 0  F        17256.70
DP   2  25 15 1  F        17271.98
DP   2  25 16 0  F        17254.87
DP   2  25 16 1  F        17252.61
DP   2  25 17 0  F        17180.28
DP   2  25 17 1  F        16933.77
DP   2  25 18 0  F        16464.38
DP   2  25 18 1  F        15826.85
DP   2  25 19 0  F        15434.54
DP   2  25 19 1  F        15612.83
DP   2  25 20 0  F        15976.69
DP   2  25 20 1  F        16092.40
DP   2  25 21 0  F        16041.79
DP   2  25 21 1  F        15981.38
DP   2  25 22 0  F        15850.87
DP   2  25 22 1  F        15570.22
DP   2  25 23 0  F        15197.27
DP   2  25 23 1  F        14824.31
DP   3  25 00 0  F        13896.43
DP   3  25 00 1  F        13635.89
DP   3  25 01 0  F        13398.59
DP   3  25 01 1  F        13201.14
DP   3  25 02 0  F        13033.67
DP   3  25 02 1  F        12883.27
DP   3  25 03 0  F        12751.41
DP   3  25 03 1  F        12645.87
DP   3  25 04 0  F        12585.13
DP   3  25 04 1  F        12562.28
DP   3  25 05 0  F        12458.07
DP   3  25 05 1  F        12178.81
DP   3  25 06 0  F        11845.47
DP   3  25 06 1  F        11620.88
DP   3  25 07 0  F        11620.74
DP   3  25 07 1  F        11903.31
DP   3  25 08 0  F        12344.29
DP   3  25 08 1  F        12790.94
DP   3  25 09 0  F        13159.18
DP   3  25 09 1  F        13403.05
DP   3  25 10 0  F        13560.27
DP   3  25 10 1  F        13681.05
DP   3  25 11 0  F        13781.85
DP   3  25 11 1  F        13855.89
DP   3  25 12 0  F        13837.14
DP   3  25 12 1  F        13695.06
DP   3  25 13 0  F        13600.46
DP   3  25 13 1  F        13710.66
DP   3  25 14 0  F        13927.66
DP   3  25 14 1  F        14113.42
DP   3  25 15 0  F        14225.13
DP   3  25 15 1  F        14251.34
DP   3  25 16 0  F        14210.69
DP   3  25 16 1  F        14106.55
DP   3  25 17 0  F        13850.99
DP   3  25 17 1  F        13418.49
DP   3  25 18 0  F        13124.45
DP   3  25 18 1  F        13236.74
DP   3  25 19 0  F        13492.07
DP   3  25 19 1  F        13578.31
DP   3  25 20 0  F        13519.39
DP   3  25 20 1  F        13433.52
DP   3  25 21 0  F        13480.11
DP   3  25 21 1  F        13753.36
DP   3  25 22 0  F        14045.50
DP   3  25 22 1  F        14142.48
DP   3  25 23 0  F        14107.25
DP   3  25 23 1  F        14072.03
DP   4  25 00 0  F        7743.34
DP   4  25 00 1  F        7688.20
DP   4  25 01 0  F        7621.00
DP   4  25 01 1  F        7535.82
DP   4  25 02 0  F        7451.40
DP   4  25 02 1  F        7383.69
DP   4  25 03 0  F        7312.66
DP   4  25 03 1  F        7220.91
DP   4  25 04 0  F        7137.28
DP   4  25 04 1  F        7090.28
DP   4  25 05 0  F        7060.78
DP   4  25 05 1  F        7019.05
DP   4  25 06 0  F        6940.38
DP   4  25 06 1  F        6816.16
DP   4  25 07 0  F        6697.22
DP   4  25 07 1  F        6645.70
DP   4  25 08 0  F        6709.48
DP   4  25 08 1  F        6905.83
DP   4  25 09 0  F        7143.87
DP   4  25 09 1  F        7329.28
DP   4  25 10 0  F        7462.27
DP   4  25 10 1  F        7561.93
DP   4  25 11 0  F        7628.43
DP   4  25 11 1  F        7656.50
DP   4  25 12 0  F        7638.00
DP   4  25 12 1  F        7581.43
DP   4  25 13 0  F        7564.50
DP   4  25 13 1  F        7655.46
DP   4  25 14 0  F        7815.28
DP   4  25 14 1  F        7980.40
DP   4  25 15 0  F        8096.35
DP   4  25 15 1  F        8127.78
DP   4  25 16 0  F        8106.78
DP   4  25 16 1  F        8065.50
DP   4  25 17 0  F        7968.86
DP   4  25 17 1  F        7785.62
DP   4  25 18 0  F        7567.28
DP   4  25 18 1  F        7386.48
DP   4  25 19 0  F        7317.91
DP   4  25 19 1  F        7400.52
DP   4  25 20 0  F        7528.42
DP   4  25 20 1  F        7594.13
DP   4  25 21 0  F        7628.66
DP   4  25 21 1  F        7682.53
DP   4  25 22 0  F        7745.82
DP   4  25 22 1  F        7798.95
DP   4  25 23 0  F        7844.26
DP   4  25 23 1  F        7889.57
