&   CARGA
&
&   ss  di hi m df hf m Demanda
&X  XX  XX XX X XX XX X XXXXXXXXXX
DP   1  17 00 0  F        47985.14
DP   1  17 00 1  F        46558.49
DP   1  17 01 0  F        45225.99
DP   1  17 01 1  F        44066.52
DP   1  17 02 0  F        43097.86
DP   1  17 02 1  F        42316.34
DP   1  17 03 0  F        41693.59
DP   1  17 03 1  F        41206.32
DP   1  17 04 0  F        40876.35
DP   1  17 04 1  F        40722.42
DP   1  17 05 0  F        40705.76
DP   1  17 05 1  F        40780.20
DP   1  17 06 0  F        40927.23
DP   1  17 06 1  F        41201.50
DP   1  17 07 0  F        41922.34
DP   1  17 07 1  F        43337.96
DP   1  17 08 0  F        45147.39
DP   1  17 08 1  F        46952.99
DP   1  17 09 0  F        48519.76
DP   1  17 09 1  F        49715.06
DP   1  17 10 0  F        50653.24
DP   1  17 10 1  F        51458.57
DP   1  17 11 0  F        52048.04
DP   1  17 11 1  F        52321.93
DP   1  17 12 0  F        52320.98
DP   1  17 12 1  F        52184.08
DP   1  17 13 0  F        52302.50
DP   1  17 13 1  F        52963.26
DP   1  17 14 0  F        53784.34
DP   1  17 14 1  F        54325.17
DP   1  17 15 0  F        54580.38
DP   1  17 15 1  F        54648.96
DP   1  17 16 0  F        54612.24
DP   1  17 16 1  F        54454.63
DP   1  17 17 0  F        53790.38
DP   1  17 17 1  F        52343.46
DP   1  17 18 0  F        50646.68
DP   1  17 18 1  F        49393.85
DP   1  17 19 0  F        49113.77
DP   1  17 19 1  F        50011.48
DP   1  17 20 0  F        51162.02
DP   1  17 20 1  F        51642.23
DP   1  17 21 0  F        51666.09
DP   1  17 21 1  F        51608.32
DP   1  17 22 0  F        51349.29
DP   1  17 22 1  F        50723.39
DP   1  17 23 0  F        49875.27
DP   1  17 23 1  F        49027.14
DP   2  17 00 0  F        14732.82
DP   2  17 00 1  F        14175.85
DP   2  17 01 0  F        13676.09
DP   2  17 01 1  F        13278.20
DP   2  17 02 0  F        12976.68
DP   2  17 02 1  F        12749.86
DP   2  17 03 0  F        12561.57
DP   2  17 03 1  F        12385.92
DP   2  17 04 0  F        12252.53
DP   2  17 04 1  F        12196.25
DP   2  17 05 0  F        12217.13
DP   2  17 05 1  F        12299.66
DP   2  17 06 0  F        12400.76
DP   2  17 06 1  F        12517.99
DP   2  17 07 0  F        12839.16
DP   2  17 07 1  F        13512.58
DP   2  17 08 0  F        14338.58
DP   2  17 08 1  F        15066.12
DP   2  17 09 0  F        15586.74
DP   2  17 09 1  F        15870.22
DP   2  17 10 0  F        16056.81
DP   2  17 10 1  F        16290.58
DP   2  17 11 0  F        16560.40
DP   2  17 11 1  F        16780.99
DP   2  17 12 0  F        16725.56
DP   2  17 12 1  F        16282.79
DP   2  17 13 0  F        15944.67
DP   2  17 13 1  F        16161.19
DP   2  17 14 0  F        16610.86
DP   2  17 14 1  F        16876.20
DP   2  17 15 0  F        16927.05
DP   2  17 15 1  F        16837.29
DP   2  17 16 0  F        16709.57
DP   2  17 16 1  F        16620.96
DP   2  17 17 0  F        16517.26
DP   2  17 17 1  F        16314.35
DP   2  17 18 0  F        15939.82
DP   2  17 18 1  F        15401.88
DP   2  17 19 0  F        15019.70
DP   2  17 19 1  F        15072.19
DP   2  17 20 0  F        15366.33
DP   2  17 20 1  F        15634.31
DP   2  17 21 0  F        15781.33
DP   2  17 21 1  F        15771.87
DP   2  17 22 0  F        15634.72
DP   2  17 22 1  F        15414.14
DP   2  17 23 0  F        15152.13
DP   2  17 23 1  F        14890.12
DP   3  17 00 0  F        13702.04
DP   3  17 00 1  F        13454.58
DP   3  17 01 0  F        13217.59
DP   3  17 01 1  F        13001.73
DP   3  17 02 0  F        12818.51
DP   3  17 02 1  F        12673.57
DP   3  17 03 0  F        12548.31
DP   3  17 03 1  F        12429.81
DP   3  17 04 0  F        12352.02
DP   3  17 04 1  F        12328.25
DP   3  17 05 0  F        12242.21
DP   3  17 05 1  F        11996.24
DP   3  17 06 0  F        11696.79
DP   3  17 06 1  F        11492.03
DP   3  17 07 0  F        11492.85
DP   3  17 07 1  F        11761.54
DP   3  17 08 0  F        12203.00
DP   3  17 08 1  F        12687.05
DP   3  17 09 0  F        13100.36
DP   3  17 09 1  F        13365.31
DP   3  17 10 0  F        13530.38
DP   3  17 10 1  F        13663.03
DP   3  17 11 0  F        13780.83
DP   3  17 11 1  F        13873.19
DP   3  17 12 0  F        13867.05
DP   3  17 12 1  F        13724.93
DP   3  17 13 0  F        13614.20
DP   3  17 13 1  F        13694.24
DP   3  17 14 0  F        13887.79
DP   3  17 14 1  F        14073.54
DP   3  17 15 0  F        14190.80
DP   3  17 15 1  F        14209.05
DP   3  17 16 0  F        14157.83
DP   3  17 16 1  F        14054.82
DP   3  17 17 0  F        13810.20
DP   3  17 17 1  F        13386.89
DP   3  17 18 0  F        13066.33
DP   3  17 18 1  F        13098.62
DP   3  17 19 0  F        13290.13
DP   3  17 19 1  F        13393.80
DP   3  17 20 0  F        13392.55
DP   3  17 20 1  F        13346.67
DP   3  17 21 0  F        13395.93
DP   3  17 21 1  F        13633.33
DP   3  17 22 0  F        13885.42
DP   3  17 22 1  F        13970.88
DP   3  17 23 0  F        13943.64
DP   3  17 23 1  F        13916.39
DP   4  17 00 0  F        7546.54
DP   4  17 00 1  F        7498.19
DP   4  17 01 0  F        7439.23
DP   4  17 01 1  F        7363.57
DP   4  17 02 0  F        7283.30
DP   4  17 02 1  F        7211.44
DP   4  17 03 0  F        7146.50
DP   4  17 03 1  F        7084.42
DP   4  17 04 0  F        7025.34
DP   4  17 04 1  F        6971.81
DP   4  17 05 0  F        6931.93
DP   4  17 05 1  F        6904.93
DP   4  17 06 0  F        6849.13
DP   4  17 06 1  F        6734.54
DP   4  17 07 0  F        6619.09
DP   4  17 07 1  F        6572.81
DP   4  17 08 0  F        6626.15
DP   4  17 08 1  F        6781.94
DP   4  17 09 0  F        6971.95
DP   4  17 09 1  F        7124.99
DP   4  17 10 0  F        7229.12
DP   4  17 10 1  F        7291.90
DP   4  17 11 0  F        7339.78
DP   4  17 11 1  F        7388.33
DP   4  17 12 0  F        7390.74
DP   4  17 12 1  F        7316.21
DP   4  17 13 0  F        7260.33
DP   4  17 13 1  F        7315.79
DP   4  17 14 0  F        7437.21
DP   4  17 14 1  F        7554.14
DP   4  17 15 0  F        7633.86
DP   4  17 15 1  F        7659.58
DP   4  17 16 0  F        7640.40
DP   4  17 16 1  F        7586.51
DP   4  17 17 0  F        7486.58
DP   4  17 17 1  F        7335.79
DP   4  17 18 0  F        7176.79
DP   4  17 18 1  F        7062.00
DP   4  17 19 0  F        7035.29
DP   4  17 19 1  F        7114.83
DP   4  17 20 0  F        7224.41
DP   4  17 20 1  F        7287.45
DP   4  17 21 0  F        7320.20
DP   4  17 21 1  F        7355.15
DP   4  17 22 0  F        7396.97
DP   4  17 22 1  F        7443.37
DP   4  17 23 0  F        7492.06
DP   4  17 23 1  F        7540.75
