&   CARGA
&
&   ss  di hi m df hf m Demanda
&X  XX  XX XX X XX XX X XXXXXXXXXX
DP   1  15 00 0  F        42149.45
DP   1  15 00 1  F        41015.67
DP   1  15 01 0  F        39980.05
DP   1  15 01 1  F        39115.96
DP   1  15 02 0  F        38397.40
DP   1  15 02 1  F        37786.94
DP   1  15 03 0  F        37300.59
DP   1  15 03 1  F        36962.98
DP   1  15 04 0  F        36779.70
DP   1  15 04 1  F        36743.54
DP   1  15 05 0  F        36815.23
DP   1  15 05 1  F        36975.90
DP   1  15 06 0  F        37320.46
DP   1  15 06 1  F        37971.84
DP   1  15 07 0  F        39051.22
DP   1  15 07 1  F        40613.44
DP   1  15 08 0  F        42449.76
DP   1  15 08 1  F        44295.90
DP   1  15 09 0  F        45929.04
DP   1  15 09 1  F        47202.14
DP   1  15 10 0  F        48229.80
DP   1  15 10 1  F        49139.03
DP   1  15 11 0  F        49844.73
DP   1  15 11 1  F        50236.24
DP   1  15 12 0  F        50312.68
DP   1  15 12 1  F        50179.07
DP   1  15 13 0  F        50254.37
DP   1  15 13 1  F        50863.38
DP   1  15 14 0  F        51640.31
DP   1  15 14 1  F        52153.79
DP   1  15 15 0  F        52400.73
DP   1  15 15 1  F        52486.08
DP   1  15 16 0  F        52518.64
DP   1  15 16 1  F        52496.60
DP   1  15 17 0  F        51971.95
DP   1  15 17 1  F        50615.55
DP   1  15 18 0  F        49019.96
DP   1  15 18 1  F        47948.10
DP   1  15 19 0  F        47922.58
DP   1  15 19 1  F        49101.20
DP   1  15 20 0  F        50422.97
DP   1  15 20 1  F        50870.56
DP   1  15 21 0  F        50820.28
DP   1  15 21 1  F        50802.01
DP   1  15 22 0  F        50566.48
DP   1  15 22 1  F        49798.74
DP   1  15 23 0  F        48700.33
DP   1  15 23 1  F        47601.92
DP   2  15 00 0  F        13969.73
DP   2  15 00 1  F        13565.04
DP   2  15 01 0  F        13201.44
DP   2  15 01 1  F        12909.94
DP   2  15 02 0  F        12681.27
DP   2  15 02 1  F        12496.25
DP   2  15 03 0  F        12336.33
DP   2  15 03 1  F        12190.10
DP   2  15 04 0  F        12074.01
DP   2  15 04 1  F        12012.03
DP   2  15 05 0  F        12030.17
DP   2  15 05 1  F        12137.80
DP   2  15 06 0  F        12275.75
DP   2  15 06 1  F        12423.26
DP   2  15 07 0  F        12781.76
DP   2  15 07 1  F        13513.20
DP   2  15 08 0  F        14399.36
DP   2  15 08 1  F        15172.87
DP   2  15 09 0  F        15749.86
DP   2  15 09 1  F        16122.68
DP   2  15 10 0  F        16404.96
DP   2  15 10 1  F        16713.48
DP   2  15 11 0  F        17056.38
DP   2  15 11 1  F        17366.89
DP   2  15 12 0  F        17387.23
DP   2  15 12 1  F        16983.64
DP   2  15 13 0  F        16709.45
DP   2  15 13 1  F        17068.71
DP   2  15 14 0  F        17681.37
DP   2  15 14 1  F        18060.11
DP   2  15 15 0  F        18172.88
DP   2  15 15 1  F        18109.63
DP   2  15 16 0  F        17992.98
DP   2  15 16 1  F        17912.18
DP   2  15 17 0  F        17790.10
DP   2  15 17 1  F        17514.49
DP   2  15 18 0  F        16999.03
DP   2  15 18 1  F        16267.05
DP   2  15 19 0  F        15754.63
DP   2  15 19 1  F        15838.97
DP   2  15 20 0  F        16249.05
DP   2  15 20 1  F        16618.94
DP   2  15 21 0  F        16851.41
DP   2  15 21 1  F        16926.43
DP   2  15 22 0  F        16864.36
DP   2  15 22 1  F        16699.45
DP   2  15 23 0  F        16481.20
DP   2  15 23 1  F        16262.96
DP   3  15 00 0  F        13401.58
DP   3  15 00 1  F        13178.88
DP   3  15 01 0  F        12965.10
DP   3  15 01 1  F        12769.80
DP   3  15 02 0  F        12605.24
DP   3  15 02 1  F        12476.88
DP   3  15 03 0  F        12360.51
DP   3  15 03 1  F        12238.71
DP   3  15 04 0  F        12150.85
DP   3  15 04 1  F        12116.81
DP   3  15 05 0  F        12021.78
DP   3  15 05 1  F        11771.20
DP   3  15 06 0  F        11486.45
DP   3  15 06 1  F        11323.93
DP   3  15 07 0  F        11364.29
DP   3  15 07 1  F        11643.77
DP   3  15 08 0  F        12096.80
DP   3  15 08 1  F        12621.31
DP   3  15 09 0  F        13071.00
DP   3  15 09 1  F        13336.45
DP   3  15 10 0  F        13499.89
DP   3  15 10 1  F        13662.69
DP   3  15 11 0  F        13811.06
DP   3  15 11 1  F        13900.90
DP   3  15 12 0  F        13881.88
DP   3  15 12 1  F        13746.39
DP   3  15 13 0  F        13663.85
DP   3  15 13 1  F        13784.98
DP   3  15 14 0  F        14008.68
DP   3  15 14 1  F        14194.95
DP   3  15 15 0  F        14300.02
DP   3  15 15 1  F        14314.17
DP   3  15 16 0  F        14267.78
DP   3  15 16 1  F        14171.87
DP   3  15 17 0  F        13920.00
DP   3  15 17 1  F        13466.28
DP   3  15 18 0  F        13124.30
DP   3  15 18 1  F        13171.65
DP   3  15 19 0  F        13382.29
DP   3  15 19 1  F        13474.73
DP   3  15 20 0  F        13449.36
DP   3  15 20 1  F        13393.17
DP   3  15 21 0  F        13457.74
DP   3  15 21 1  F        13737.10
DP   3  15 22 0  F        14030.47
DP   3  15 22 1  F        14130.82
DP   3  15 23 0  F        14100.94
DP   3  15 23 1  F        14071.06
DP   4  15 00 0  F        7453.23
DP   4  15 00 1  F        7416.70
DP   4  15 01 0  F        7366.38
DP   4  15 01 1  F        7295.85
DP   4  15 02 0  F        7228.30
DP   4  15 02 1  F        7183.46
DP   4  15 03 0  F        7137.61
DP   4  15 03 1  F        7066.90
DP   4  15 04 0  F        6990.33
DP   4  15 04 1  F        6932.96
DP   4  15 05 0  F        6901.21
DP   4  15 05 1  F        6885.92
DP   4  15 06 0  F        6834.29
DP   4  15 06 1  F        6710.26
DP   4  15 07 0  F        6588.27
DP   4  15 07 1  F        6554.73
DP   4  15 08 0  F        6633.40
DP   4  15 08 1  F        6815.94
DP   4  15 09 0  F        7028.27
DP   4  15 09 1  F        7195.74
DP   4  15 10 0  F        7307.27
DP   4  15 10 1  F        7371.32
DP   4  15 11 0  F        7411.08
DP   4  15 11 1  F        7442.88
DP   4  15 12 0  F        7440.88
DP   4  15 12 1  F        7390.19
DP   4  15 13 0  F        7361.93
DP   4  15 13 1  F        7424.35
DP   4  15 14 0  F        7548.04
DP   4  15 14 1  F        7681.25
DP   4  15 15 0  F        7780.60
DP   4  15 15 1  F        7815.55
DP   4  15 16 0  F        7798.81
DP   4  15 16 1  F        7746.62
DP   4  15 17 0  F        7646.14
DP   4  15 17 1  F        7488.79
DP   4  15 18 0  F        7312.16
DP   4  15 18 1  F        7167.77
DP   4  15 19 0  F        7116.71
DP   4  15 19 1  F        7192.67
DP   4  15 20 0  F        7310.19
DP   4  15 20 1  F        7382.22
DP   4  15 21 0  F        7434.61
DP   4  15 21 1  F        7507.23
DP   4  15 22 0  F        7583.17
DP   4  15 22 1  F        7638.84
DP   4  15 23 0  F        7680.63
DP   4  15 23 1  F        7722.41
