&   CARGA
&
&   ss  di hi m df hf m Demanda
&X  XX  XX XX X XX XX X XXXXXXXXXX
DP   1  14 00 0  F        42400.35
DP   1  14 00 1  F        41374.91
DP   1  14 01 0  F        40394.89
DP   1  14 01 1  F        39498.48
DP   1  14 02 0  F        38694.73
DP   1  14 02 1  F        37985.84
DP   1  14 03 0  F        37375.60
DP   1  14 03 1  F        36870.02
DP   1  14 04 0  F        36482.42
DP   1  14 04 1  F        36204.92
DP   1  14 05 0  F        35937.52
DP   1  14 05 1  F        35578.77
DP   1  14 06 0  F        35113.49
DP   1  14 06 1  F        34610.25
DP   1  14 07 0  F        34386.13
DP   1  14 07 1  F        34703.04
DP   1  14 08 0  F        35353.58
DP   1  14 08 1  F        36058.02
DP   1  14 09 0  F        36716.46
DP   1  14 09 1  F        37292.22
DP   1  14 10 0  F        37821.63
DP   1  14 10 1  F        38343.45
DP   1  14 11 0  F        38832.96
DP   1  14 11 1  F        39252.46
DP   1  14 12 0  F        39575.77
DP   1  14 12 1  F        39786.22
DP   1  14 13 0  F        39893.55
DP   1  14 13 1  F        39916.48
DP   1  14 14 0  F        39883.24
DP   1  14 14 1  F        39828.72
DP   1  14 15 0  F        39804.83
DP   1  14 15 1  F        39863.87
DP   1  14 16 0  F        40042.61
DP   1  14 16 1  F        40350.61
DP   1  14 17 0  F        40704.12
DP   1  14 17 1  F        41020.17
DP   1  14 18 0  F        41312.07
DP   1  14 18 1  F        41679.14
DP   1  14 19 0  F        42468.30
DP   1  14 19 1  F        43859.28
DP   1  14 20 0  F        45115.52
DP   1  14 20 1  F        45530.17
DP   1  14 21 0  F        45431.47
DP   1  14 21 1  F        45278.12
DP   1  14 22 0  F        45015.57
DP   1  14 22 1  F        44515.80
DP   1  14 23 0  F        43870.00
DP   1  14 23 1  F        43224.20
DP   2  14 00 0  F        12919.86
DP   2  14 00 1  F        12463.29
DP   2  14 01 0  F        12062.57
DP   2  14 01 1  F        11756.41
DP   2  14 02 0  F        11515.02
DP   2  14 02 1  F        11297.48
DP   2  14 03 0  F        11086.96
DP   2  14 03 1  F        10881.76
DP   2  14 04 0  F        10716.68
DP   2  14 04 1  F        10620.20
DP   2  14 05 0  F        10558.81
DP   2  14 05 1  F        10484.64
DP   2  14 06 0  F        10354.11
DP   2  14 06 1  F        10172.70
DP   2  14 07 0  F        10137.65
DP   2  14 07 1  F        10411.20
DP   2  14 08 0  F        10823.81
DP   2  14 08 1  F        11169.82
DP   2  14 09 0  F        11430.80
DP   2  14 09 1  F        11640.50
DP   2  14 10 0  F        11854.10
DP   2  14 10 1  F        12120.27
DP   2  14 11 0  F        12440.25
DP   2  14 11 1  F        12777.15
DP   2  14 12 0  F        12988.92
DP   2  14 12 1  F        12977.89
DP   2  14 13 0  F        12928.80
DP   2  14 13 1  F        13030.24
DP   2  14 14 0  F        13203.53
DP   2  14 14 1  F        13329.87
DP   2  14 15 0  F        13397.23
DP   2  14 15 1  F        13422.39
DP   2  14 16 0  F        13430.81
DP   2  14 16 1  F        13452.79
DP   2  14 17 0  F        13529.43
DP   2  14 17 1  F        13668.35
DP   2  14 18 0  F        13732.56
DP   2  14 18 1  F        13640.07
DP   2  14 19 0  F        13673.47
DP   2  14 19 1  F        14086.20
DP   2  14 20 0  F        14650.37
DP   2  14 20 1  F        15073.17
DP   2  14 21 0  F        15283.39
DP   2  14 21 1  F        15284.87
DP   2  14 22 0  F        15160.18
DP   2  14 22 1  F        14996.55
DP   2  14 23 0  F        14820.96
DP   2  14 23 1  F        14645.37
DP   3  14 00 0  F        13523.54
DP   3  14 00 1  F        13323.72
DP   3  14 01 0  F        13135.47
DP   3  14 01 1  F        12967.35
DP   3  14 02 0  F        12815.81
DP   3  14 02 1  F        12674.17
DP   3  14 03 0  F        12535.24
DP   3  14 03 1  F        12399.68
DP   3  14 04 0  F        12299.96
DP   3  14 04 1  F        12244.10
DP   3  14 05 0  F        12110.39
DP   3  14 05 1  F        11794.98
DP   3  14 06 0  F        11395.20
DP   3  14 06 1  F        11044.58
DP   3  14 07 0  F        10820.36
DP   3  14 07 1  F        10761.00
DP   3  14 08 0  F        10806.19
DP   3  14 08 1  F        10879.80
DP   3  14 09 0  F        10941.26
DP   3  14 09 1  F        10970.69
DP   3  14 10 0  F        10995.55
DP   3  14 10 1  F        11046.58
DP   3  14 11 0  F        11120.11
DP   3  14 11 1  F        11201.36
DP   3  14 12 0  F        11265.44
DP   3  14 12 1  F        11295.46
DP   3  14 13 0  F        11316.65
DP   3  14 13 1  F        11354.97
DP   3  14 14 0  F        11397.22
DP   3  14 14 1  F        11426.33
DP   3  14 15 0  F        11449.01
DP   3  14 15 1  F        11474.35
DP   3  14 16 0  F        11497.25
DP   3  14 16 1  F        11508.14
DP   3  14 17 0  F        11493.92
DP   3  14 17 1  F        11484.54
DP   3  14 18 0  F        11685.79
DP   3  14 18 1  F        12233.68
DP   3  14 19 0  F        12809.23
DP   3  14 19 1  F        13084.21
DP   3  14 20 0  F        13148.22
DP   3  14 20 1  F        13167.75
DP   3  14 21 0  F        13198.92
DP   3  14 21 1  F        13258.91
DP   3  14 22 0  F        13319.34
DP   3  14 22 1  F        13350.35
DP   3  14 23 0  F        13361.71
DP   3  14 23 1  F        13373.07
DP   4  14 00 0  F        7384.60
DP   4  14 00 1  F        7348.18
DP   4  14 01 0  F        7303.50
DP   4  14 01 1  F        7245.69
DP   4  14 02 0  F        7183.39
DP   4  14 02 1  F        7125.50
DP   4  14 03 0  F        7068.33
DP   4  14 03 1  F        7007.55
DP   4  14 04 0  F        6948.93
DP   4  14 04 1  F        6898.55
DP   4  14 05 0  F        6853.66
DP   4  14 05 1  F        6804.55
DP   4  14 06 0  F        6722.33
DP   4  14 06 1  F        6588.84
DP   4  14 07 0  F        6447.91
DP   4  14 07 1  F        6349.76
DP   4  14 08 0  F        6308.36
DP   4  14 08 1  F        6320.35
DP   4  14 09 0  F        6349.33
DP   4  14 09 1  F        6361.10
DP   4  14 10 0  F        6363.12
DP   4  14 10 1  F        6370.34
DP   4  14 11 0  F        6385.79
DP   4  14 11 1  F        6407.75
DP   4  14 12 0  F        6427.11
DP   4  14 12 1  F        6438.84
DP   4  14 13 0  F        6461.40
DP   4  14 13 1  F        6512.28
DP   4  14 14 0  F        6581.56
DP   4  14 14 1  F        6653.03
DP   4  14 15 0  F        6712.73
DP   4  14 15 1  F        6749.53
DP   4  14 16 0  F        6761.19
DP   4  14 16 1  F        6748.24
DP   4  14 17 0  F        6713.22
DP   4  14 17 1  F        6668.40
DP   4  14 18 0  F        6663.10
DP   4  14 18 1  F        6741.15
DP   4  14 19 0  F        6887.67
DP   4  14 19 1  F        7065.73
DP   4  14 20 0  F        7209.07
DP   4  14 20 1  F        7267.23
DP   4  14 21 0  F        7282.28
DP   4  14 21 1  F        7307.31
DP   4  14 22 0  F        7346.79
DP   4  14 22 1  F        7393.73
DP   4  14 23 0  F        7444.05
DP   4  14 23 1  F        7494.37
