&   CARGA
&
&   ss  di hi m df hf m Demanda
&X  XX  XX XX X XX XX X XXXXXXXXXX
DP   1  19 00 0  F        48227.89
DP   1  19 00 1  F        46856.06
DP   1  19 01 0  F        45581.22
DP   1  19 01 1  F        44476.97
DP   1  19 02 0  F        43523.27
DP   1  19 02 1  F        42691.89
DP   1  19 03 0  F        42015.48
DP   1  19 03 1  F        41529.93
DP   1  19 04 0  F        41223.01
DP   1  19 04 1  F        41065.44
DP   1  19 05 0  F        41007.71
DP   1  19 05 1  F        41006.13
DP   1  19 06 0  F        41060.30
DP   1  19 06 1  F        41239.06
DP   1  19 07 0  F        41844.72
DP   1  19 07 1  F        43118.00
DP   1  19 08 0  F        44819.74
DP   1  19 08 1  F        46600.89
DP   1  19 09 0  F        48152.88
DP   1  19 09 1  F        49268.82
DP   1  19 10 0  F        50108.28
DP   1  19 10 1  F        50848.41
DP   1  19 11 0  F        51370.18
DP   1  19 11 1  F        51533.98
DP   1  19 12 0  F        51413.73
DP   1  19 12 1  F        51186.83
DP   1  19 13 0  F        51230.74
DP   1  19 13 1  F        51813.02
DP   1  19 14 0  F        52561.47
DP   1  19 14 1  F        53049.23
DP   1  19 15 0  F        53270.55
DP   1  19 15 1  F        53300.24
DP   1  19 16 0  F        53114.00
DP   1  19 16 1  F        52651.22
DP   1  19 17 0  F        51804.98
DP   1  19 17 1  F        50540.87
DP   1  19 18 0  F        49160.82
DP   1  19 18 1  F        48086.75
DP   1  19 19 0  F        47884.04
DP   1  19 19 1  F        48840.82
DP   1  19 20 0  F        49992.87
DP   1  19 20 1  F        50373.48
DP   1  19 21 0  F        50258.37
DP   1  19 21 1  F        50101.42
DP   1  19 22 0  F        49826.76
DP   1  19 22 1  F        49287.97
DP   1  19 23 0  F        48586.16
DP   1  19 23 1  F        47884.36
DP   2  19 00 0  F        15160.51
DP   2  19 00 1  F        14627.05
DP   2  19 01 0  F        14139.92
DP   2  19 01 1  F        13736.30
DP   2  19 02 0  F        13416.84
DP   2  19 02 1  F        13168.73
DP   2  19 03 0  F        12961.90
DP   2  19 03 1  F        12773.28
DP   2  19 04 0  F        12625.13
DP   2  19 04 1  F        12546.26
DP   2  19 05 0  F        12546.33
DP   2  19 05 1  F        12620.05
DP   2  19 06 0  F        12721.33
DP   2  19 06 1  F        12843.89
DP   2  19 07 0  F        13181.46
DP   2  19 07 1  F        13887.20
DP   2  19 08 0  F        14751.97
DP   2  19 08 1  F        15515.57
DP   2  19 09 0  F        16075.82
DP   2  19 09 1  F        16408.71
DP   2  19 10 0  F        16644.94
DP   2  19 10 1  F        16919.84
DP   2  19 11 0  F        17232.60
DP   2  19 11 1  F        17506.34
DP   2  19 12 0  F        17496.01
DP   2  19 12 1  F        17077.12
DP   2  19 13 0  F        16775.62
DP   2  19 13 1  F        17074.46
DP   2  19 14 0  F        17634.18
DP   2  19 14 1  F        18006.96
DP   2  19 15 0  F        18133.83
DP   2  19 15 1  F        18066.75
DP   2  19 16 0  F        17912.60
DP   2  19 16 1  F        17758.97
DP   2  19 17 0  F        17561.59
DP   2  19 17 1  F        17244.83
DP   2  19 18 0  F        16739.61
DP   2  19 18 1  F        16064.11
DP   2  19 19 0  F        15578.93
DP   2  19 19 1  F        15598.83
DP   2  19 20 0  F        15912.78
DP   2  19 20 1  F        16223.81
DP   2  19 21 0  F        16417.06
DP   2  19 21 1  F        16445.82
DP   2  19 22 0  F        16354.08
DP   2  19 22 1  F        16201.89
DP   2  19 23 0  F        16022.77
DP   2  19 23 1  F        15843.66
DP   3  19 00 0  F        13738.42
DP   3  19 00 1  F        13484.49
DP   3  19 01 0  F        13246.95
DP   3  19 01 1  F        13039.24
DP   3  19 02 0  F        12863.07
DP   3  19 02 1  F        12715.35
DP   3  19 03 0  F        12585.57
DP   3  19 03 1  F        12469.23
DP   3  19 04 0  F        12393.19
DP   3  19 04 1  F        12362.75
DP   3  19 05 0  F        12265.76
DP   3  19 05 1  F        12009.98
DP   3  19 06 0  F        11700.40
DP   3  19 06 1  F        11482.07
DP   3  19 07 0  F        11462.97
DP   3  19 07 1  F        11703.35
DP   3  19 08 0  F        12109.46
DP   3  19 08 1  F        12553.46
DP   3  19 09 0  F        12925.09
DP   3  19 09 1  F        13151.43
DP   3  19 10 0  F        13291.27
DP   3  19 10 1  F        13417.76
DP   3  19 11 0  F        13529.61
DP   3  19 11 1  F        13600.21
DP   3  19 12 0  F        13576.17
DP   3  19 12 1  F        13440.22
DP   3  19 13 0  F        13346.29
DP   3  19 13 1  F        13434.86
DP   3  19 14 0  F        13621.29
DP   3  19 14 1  F        13784.10
DP   3  19 15 0  F        13879.80
DP   3  19 15 1  F        13892.78
DP   3  19 16 0  F        13841.29
DP   3  19 16 1  F        13731.10
DP   3  19 17 0  F        13484.24
DP   3  19 17 1  F        13080.50
DP   3  19 18 0  F        12814.37
DP   3  19 18 1  F        12936.05
DP   3  19 19 0  F        13203.85
DP   3  19 19 1  F        13325.63
DP   3  19 20 0  F        13299.26
DP   3  19 20 1  F        13215.32
DP   3  19 21 0  F        13245.32
DP   3  19 21 1  F        13501.59
DP   3  19 22 0  F        13778.84
DP   3  19 22 1  F        13861.79
DP   3  19 23 0  F        13812.87
DP   3  19 23 1  F        13763.96
DP   4  19 00 0  F        7535.66
DP   4  19 00 1  F        7472.49
DP   4  19 01 0  F        7402.60
DP   4  19 01 1  F        7323.15
DP   4  19 02 0  F        7246.68
DP   4  19 02 1  F        7184.42
DP   4  19 03 0  F        7126.97
DP   4  19 03 1  F        7062.82
DP   4  19 04 0  F        6992.86
DP   4  19 04 1  F        6924.07
DP   4  19 05 0  F        6875.36
DP   4  19 05 1  F        6851.92
DP   4  19 06 0  F        6792.08
DP   4  19 06 1  F        6649.88
DP   4  19 07 0  F        6509.03
DP   4  19 07 1  F        6468.14
DP   4  19 08 0  F        6555.60
DP   4  19 08 1  F        6760.03
DP   4  19 09 0  F        6981.23
DP   4  19 09 1  F        7124.34
DP   4  19 10 0  F        7204.77
DP   4  19 10 1  F        7259.76
DP   4  19 11 0  F        7303.51
DP   4  19 11 1  F        7337.51
DP   4  19 12 0  F        7335.33
DP   4  19 12 1  F        7285.49
DP   4  19 13 0  F        7264.22
DP   4  19 13 1  F        7342.31
DP   4  19 14 0  F        7481.19
DP   4  19 14 1  F        7619.96
DP   4  19 15 0  F        7717.80
DP   4  19 15 1  F        7748.17
DP   4  19 16 0  F        7721.35
DP   4  19 16 1  F        7653.11
DP   4  19 17 0  F        7544.30
DP   4  19 17 1  F        7398.82
DP   4  19 18 0  F        7247.69
DP   4  19 18 1  F        7133.07
DP   4  19 19 0  F        7114.79
DP   4  19 19 1  F        7223.01
DP   4  19 20 0  F        7351.60
DP   4  19 20 1  F        7397.53
DP   4  19 21 0  F        7406.32
DP   4  19 21 1  F        7441.86
DP   4  19 22 0  F        7492.87
DP   4  19 22 1  F        7535.55
DP   4  19 23 0  F        7570.95
DP   4  19 23 1  F        7606.36
