&   CARGA
&
&   ss  di hi m df hf m Demanda
&X  XX  XX XX X XX XX X XXXXXXXXXX
DP   1  16 00 0  F        46699.84
DP   1  16 00 1  F        45264.98
DP   1  16 01 0  F        43962.61
DP   1  16 01 1  F        42892.57
DP   1  16 02 0  F        42024.04
DP   1  16 02 1  F        41302.81
DP   1  16 03 0  F        40711.68
DP   1  16 03 1  F        40249.71
DP   1  16 04 0  F        39943.88
DP   1  16 04 1  F        39813.83
DP   1  16 05 0  F        39822.08
DP   1  16 05 1  F        39927.69
DP   1  16 06 0  F        40133.06
DP   1  16 06 1  F        40506.28
DP   1  16 07 0  F        41334.96
DP   1  16 07 1  F        42832.71
DP   1  16 08 0  F        44697.74
DP   1  16 08 1  F        46540.46
DP   1  16 09 0  F        48135.45
DP   1  16 09 1  F        49361.83
DP   1  16 10 0  F        50352.75
DP   1  16 10 1  F        51238.30
DP   1  16 11 0  F        51882.27
DP   1  16 11 1  F        52142.07
DP   1  16 12 0  F        52115.92
DP   1  16 12 1  F        52001.94
DP   1  16 13 0  F        52157.12
DP   1  16 13 1  F        52826.17
DP   1  16 14 0  F        53645.68
DP   1  16 14 1  F        54200.53
DP   1  16 15 0  F        54476.75
DP   1  16 15 1  F        54562.74
DP   1  16 16 0  F        54555.19
DP   1  16 16 1  F        54444.79
DP   1  16 17 0  F        53789.88
DP   1  16 17 1  F        52273.32
DP   1  16 18 0  F        50508.45
DP   1  16 18 1  F        49272.91
DP   1  16 19 0  F        49070.85
DP   1  16 19 1  F        50055.96
DP   1  16 20 0  F        51253.45
DP   1  16 20 1  F        51718.05
DP   1  16 21 0  F        51750.87
DP   1  16 21 1  F        51794.89
DP   1  16 22 0  F        51614.10
DP   1  16 22 1  F        50922.92
DP   1  16 23 0  F        49916.46
DP   1  16 23 1  F        48910.00
DP   2  16 00 0  F        15464.38
DP   2  16 00 1  F        14895.87
DP   2  16 01 0  F        14385.30
DP   2  16 01 1  F        13976.52
DP   2  16 02 0  F        13657.21
DP   2  16 02 1  F        13401.46
DP   2  16 03 0  F        13185.27
DP   2  16 03 1  F        12993.79
DP   2  16 04 0  F        12846.82
DP   2  16 04 1  F        12768.74
DP   2  16 05 0  F        12767.42
DP   2  16 05 1  F        12837.39
DP   2  16 06 0  F        12936.27
DP   2  16 06 1  F        13061.59
DP   2  16 07 0  F        13407.61
DP   2  16 07 1  F        14127.57
DP   2  16 08 0  F        15014.18
DP   2  16 08 1  F        15807.23
DP   2  16 09 0  F        16395.45
DP   2  16 09 1  F        16749.55
DP   2  16 10 0  F        17019.13
DP   2  16 10 1  F        17353.34
DP   2  16 11 0  F        17720.57
DP   2  16 11 1  F        18015.52
DP   2  16 12 0  F        18018.89
DP   2  16 12 1  F        17636.12
DP   2  16 13 0  F        17385.61
DP   2  16 13 1  F        17732.21
DP   2  16 14 0  F        18313.68
DP   2  16 14 1  F        18669.11
DP   2  16 15 0  F        18770.15
DP   2  16 15 1  F        18702.49
DP   2  16 16 0  F        18575.47
DP   2  16 16 1  F        18465.93
DP   2  16 17 0  F        18297.10
DP   2  16 17 1  F        17964.05
DP   2  16 18 0  F        17402.85
DP   2  16 18 1  F        16650.75
DP   2  16 19 0  F        16108.60
DP   2  16 19 1  F        16123.72
DP   2  16 20 0  F        16465.78
DP   2  16 20 1  F        16811.44
DP   2  16 21 0  F        17043.15
DP   2  16 21 1  F        17113.41
DP   2  16 22 0  F        17049.06
DP   2  16 22 1  F        16895.42
DP   2  16 23 0  F        16697.20
DP   2  16 23 1  F        16498.99
DP   3  16 00 0  F        13960.17
DP   3  16 00 1  F        13714.11
DP   3  16 01 0  F        13477.62
DP   3  16 01 1  F        13260.05
DP   3  16 02 0  F        13070.04
DP   3  16 02 1  F        12912.49
DP   3  16 03 0  F        12778.25
DP   3  16 03 1  F        12662.78
DP   3  16 04 0  F        12594.17
DP   3  16 04 1  F        12576.08
DP   3  16 05 0  F        12481.75
DP   3  16 05 1  F        12209.91
DP   3  16 06 0  F        11891.76
DP   3  16 06 1  F        11696.49
DP   3  16 07 0  F        11712.93
DP   3  16 07 1  F        11981.77
DP   3  16 08 0  F        12431.38
DP   3  16 08 1  F        12954.25
DP   3  16 09 0  F        13411.44
DP   3  16 09 1  F        13698.21
DP   3  16 10 0  F        13878.03
DP   3  16 10 1  F        14036.16
DP   3  16 11 0  F        14176.69
DP   3  16 11 1  F        14273.05
DP   3  16 12 0  F        14257.02
DP   3  16 12 1  F        14102.05
DP   3  16 13 0  F        13989.78
DP   3  16 13 1  F        14088.42
DP   3  16 14 0  F        14304.37
DP   3  16 14 1  F        14500.06
DP   3  16 15 0  F        14624.10
DP   3  16 15 1  F        14656.35
DP   3  16 16 0  F        14615.66
DP   3  16 16 1  F        14505.78
DP   3  16 17 0  F        14231.11
DP   3  16 17 1  F        13755.88
DP   3  16 18 0  F        13382.89
DP   3  16 18 1  F        13381.65
DP   3  16 19 0  F        13549.80
DP   3  16 19 1  F        13628.43
DP   3  16 20 0  F        13604.07
DP   3  16 20 1  F        13544.49
DP   3  16 21 0  F        13596.74
DP   3  16 21 1  F        13856.72
DP   3  16 22 0  F        14136.46
DP   3  16 22 1  F        14240.13
DP   3  16 23 0  F        14224.21
DP   3  16 23 1  F        14208.29
DP   4  16 00 0  F        7725.40
DP   4  16 00 1  F        7673.77
DP   4  16 01 0  F        7611.88
DP   4  16 01 1  F        7534.51
DP   4  16 02 0  F        7456.62
DP   4  16 02 1  F        7391.69
DP   4  16 03 0  F        7327.13
DP   4  16 03 1  F        7250.33
DP   4  16 04 0  F        7174.77
DP   4  16 04 1  F        7116.75
DP   4  16 05 0  F        7077.76
DP   4  16 05 1  F        7046.60
DP   4  16 06 0  F        6976.30
DP   4  16 06 1  F        6837.49
DP   4  16 07 0  F        6707.19
DP   4  16 07 1  F        6672.66
DP   4  16 08 0  F        6755.76
DP   4  16 08 1  F        6944.61
DP   4  16 09 0  F        7157.82
DP   4  16 09 1  F        7315.97
DP   4  16 10 0  F        7416.82
DP   4  16 10 1  F        7478.15
DP   4  16 11 0  F        7520.53
DP   4  16 11 1  F        7553.39
DP   4  16 12 0  F        7538.71
DP   4  16 12 1  F        7456.44
DP   4  16 13 0  F        7405.92
DP   4  16 13 1  F        7479.82
DP   4  16 14 0  F        7624.81
DP   4  16 14 1  F        7761.73
DP   4  16 15 0  F        7854.16
DP   4  16 15 1  F        7883.91
DP   4  16 16 0  F        7863.03
DP   4  16 16 1  F        7805.41
DP   4  16 17 0  F        7702.13
DP   4  16 17 1  F        7548.29
DP   4  16 18 0  F        7377.83
DP   4  16 18 1  F        7238.82
DP   4  16 19 0  F        7197.01
DP   4  16 19 1  F        7288.37
DP   4  16 20 0  F        7412.14
DP   4  16 20 1  F        7467.56
DP   4  16 21 0  F        7490.51
DP   4  16 21 1  F        7535.31
DP   4  16 22 0  F        7593.34
DP   4  16 22 1  F        7645.27
DP   4  16 23 0  F        7691.65
DP   4  16 23 1  F        7738.04
