&   CARGA
&
&   ss  di hi m df hf m Demanda
&X  XX  XX XX X XX XX X XXXXXXXXXX
DP   1  20 00 0  F        46686.42
DP   1  20 00 1  F        45479.15
DP   1  20 01 0  F        44328.55
DP   1  20 01 1  F        43282.34
DP   1  20 02 0  F        42352.46
DP   1  20 02 1  F        41545.32
DP   1  20 03 0  F        40880.82
DP   1  20 03 1  F        40376.43
DP   1  20 04 0  F        40026.26
DP   1  20 04 1  F        39804.14
DP   1  20 05 0  F        39626.10
DP   1  20 05 1  F        39408.48
DP   1  20 06 0  F        39126.67
DP   1  20 06 1  F        38838.63
DP   1  20 07 0  F        38873.45
DP   1  20 07 1  F        39506.11
DP   1  20 08 0  F        40524.07
DP   1  20 08 1  F        41625.62
DP   1  20 09 0  F        42640.01
DP   1  20 09 1  F        43460.90
DP   1  20 10 0  F        44108.66
DP   1  20 10 1  F        44618.94
DP   1  20 11 0  F        44961.67
DP   1  20 11 1  F        45114.14
DP   1  20 12 0  F        45148.76
DP   1  20 12 1  F        45150.77
DP   1  20 13 0  F        45161.56
DP   1  20 13 1  F        45197.24
DP   1  20 14 0  F        45216.64
DP   1  20 14 1  F        45181.17
DP   1  20 15 0  F        45119.84
DP   1  20 15 1  F        45068.26
DP   1  20 16 0  F        45020.65
DP   1  20 16 1  F        44953.00
DP   1  20 17 0  F        44809.59
DP   1  20 17 1  F        44570.12
DP   1  20 18 0  F        44387.77
DP   1  20 18 1  F        44472.27
DP   1  20 19 0  F        45086.09
DP   1  20 19 1  F        46307.53
DP   1  20 20 0  F        47425.23
DP   1  20 20 1  F        47755.91
DP   1  20 21 0  F        47518.22
DP   1  20 21 1  F        47073.87
DP   1  20 22 0  F        46454.98
DP   1  20 22 1  F        45638.41
DP   1  20 23 0  F        44709.44
DP   1  20 23 1  F        43780.46
DP   2  20 00 0  F        14305.85
DP   2  20 00 1  F        13797.09
DP   2  20 01 0  F        13344.45
DP   2  20 01 1  F        12987.86
DP   2  20 02 0  F        12702.35
DP   2  20 02 1  F        12453.09
DP   2  20 03 0  F        12230.61
DP   2  20 03 1  F        12035.48
DP   2  20 04 0  F        11883.07
DP   2  20 04 1  F        11787.85
DP   2  20 05 0  F        11745.74
DP   2  20 05 1  F        11736.66
DP   2  20 06 0  F        11695.01
DP   2  20 06 1  F        11601.81
DP   2  20 07 0  F        11670.24
DP   2  20 07 1  F        12079.06
DP   2  20 08 0  F        12637.21
DP   2  20 08 1  F        13107.77
DP   2  20 09 0  F        13440.11
DP   2  20 09 1  F        13647.64
DP   2  20 10 0  F        13813.49
DP   2  20 10 1  F        14018.04
DP   2  20 11 0  F        14260.66
DP   2  20 11 1  F        14495.02
DP   2  20 12 0  F        14572.88
DP   2  20 12 1  F        14400.26
DP   2  20 13 0  F        14202.23
DP   2  20 13 1  F        14206.00
DP   2  20 14 0  F        14328.53
DP   2  20 14 1  F        14428.12
DP   2  20 15 0  F        14438.67
DP   2  20 15 1  F        14341.47
DP   2  20 16 0  F        14231.67
DP   2  20 16 1  F        14204.47
DP   2  20 17 0  F        14241.54
DP   2  20 17 1  F        14289.83
DP   2  20 18 0  F        14270.99
DP   2  20 18 1  F        14158.78
DP   2  20 19 0  F        14160.64
DP   2  20 19 1  F        14454.21
DP   2  20 20 0  F        14864.29
DP   2  20 20 1  F        15160.42
DP   2  20 21 0  F        15244.12
DP   2  20 21 1  F        15084.69
DP   2  20 22 0  F        14790.77
DP   2  20 22 1  F        14481.14
DP   2  20 23 0  F        14175.97
DP   2  20 23 1  F        13870.81
DP   3  20 00 0  F        13549.30
DP   3  20 00 1  F        13333.00
DP   3  20 01 0  F        13127.20
DP   3  20 01 1  F        12941.64
DP   3  20 02 0  F        12782.90
DP   3  20 02 1  F        12652.46
DP   3  20 03 0  F        12534.48
DP   3  20 03 1  F        12418.52
DP   3  20 04 0  F        12332.86
DP   3  20 04 1  F        12285.44
DP   3  20 05 0  F        12164.11
DP   3  20 05 1  F        11874.79
DP   3  20 06 0  F        11515.88
DP   3  20 06 1  F        11222.76
DP   3  20 07 0  F        11086.31
DP   3  20 07 1  F        11154.02
DP   3  20 08 0  F        11344.29
DP   3  20 08 1  F        11553.63
DP   3  20 09 0  F        11720.00
DP   3  20 09 1  F        11811.34
DP   3  20 10 0  F        11874.09
DP   3  20 10 1  F        11957.52
DP   3  20 11 0  F        12043.87
DP   3  20 11 1  F        12100.86
DP   3  20 12 0  F        12105.22
DP   3  20 12 1  F        12053.38
DP   3  20 13 0  F        12011.47
DP   3  20 13 1  F        12037.70
DP   3  20 14 0  F        12089.03
DP   3  20 14 1  F        12111.91
DP   3  20 15 0  F        12112.08
DP   3  20 15 1  F        12104.72
DP   3  20 16 0  F        12083.42
DP   3  20 16 1  F        12038.77
DP   3  20 17 0  F        11970.96
DP   3  20 17 1  F        11922.69
DP   3  20 18 0  F        12096.98
DP   3  20 18 1  F        12621.34
DP   3  20 19 0  F        13160.89
DP   3  20 19 1  F        13375.50
DP   3  20 20 0  F        13366.36
DP   3  20 20 1  F        13316.62
DP   3  20 21 0  F        13295.91
DP   3  20 21 1  F        13326.43
DP   3  20 22 0  F        13353.94
DP   3  20 22 1  F        13323.72
DP   3  20 23 0  F        13255.36
DP   3  20 23 1  F        13186.99
DP   4  20 00 0  F        7535.26
DP   4  20 00 1  F        7490.62
DP   4  20 01 0  F        7435.11
DP   4  20 01 1  F        7362.80
DP   4  20 02 0  F        7287.42
DP   4  20 02 1  F        7222.34
DP   4  20 03 0  F        7159.73
DP   4  20 03 1  F        7090.67
DP   4  20 04 0  F        7023.06
DP   4  20 04 1  F        6967.16
DP   4  20 05 0  F        6925.64
DP   4  20 05 1  F        6889.54
DP   4  20 06 0  F        6810.81
DP   4  20 06 1  F        6657.98
DP   4  20 07 0  F        6504.87
DP   4  20 07 1  F        6434.14
DP   4  20 08 0  F        6458.55
DP   4  20 08 1  F        6561.95
DP   4  20 09 0  F        6682.28
DP   4  20 09 1  F        6762.66
DP   4  20 10 0  F        6812.76
DP   4  20 10 1  F        6853.84
DP   4  20 11 0  F        6886.88
DP   4  20 11 1  F        6906.60
DP   4  20 12 0  F        6902.81
DP   4  20 12 1  F        6874.80
DP   4  20 13 0  F        6864.57
DP   4  20 13 1  F        6910.44
DP   4  20 14 0  F        6993.31
DP   4  20 14 1  F        7079.77
DP   4  20 15 0  F        7136.63
DP   4  20 15 1  F        7140.22
DP   4  20 16 0  F        7104.81
DP   4  20 16 1  F        7049.30
DP   4  20 17 0  F        6973.18
DP   4  20 17 1  F        6883.64
DP   4  20 18 0  F        6838.03
DP   4  20 18 1  F        6888.52
DP   4  20 19 0  F        7016.34
DP   4  20 19 1  F        7178.07
DP   4  20 20 0  F        7302.62
DP   4  20 20 1  F        7336.87
DP   4  20 21 0  F        7327.38
DP   4  20 21 1  F        7330.84
DP   4  20 22 0  F        7344.85
DP   4  20 22 1  F        7355.64
DP   4  20 23 0  F        7363.10
DP   4  20 23 1  F        7370.56
