&   CARGA
&
&   ss  di hi m df hf m Demanda
&X  XX  XX XX X XX XX X XXXXXXXXXX
DP   1  18 00 0  F        47784.20
DP   1  18 00 1  F        46371.97
DP   1  18 01 0  F        45068.02
DP   1  18 01 1  F        43955.96
DP   1  18 02 0  F        43020.86
DP   1  18 02 1  F        42230.24
DP   1  18 03 0  F        41580.02
DP   1  18 03 1  F        41077.73
DP   1  18 04 0  F        40749.03
DP   1  18 04 1  F        40608.89
DP   1  18 05 0  F        40611.38
DP   1  18 05 1  F        40697.37
DP   1  18 06 0  F        40815.67
DP   1  18 06 1  F        41003.54
DP   1  18 07 0  F        41643.98
DP   1  18 07 1  F        43042.11
DP   1  18 08 0  F        44845.87
DP   1  18 08 1  F        46602.45
DP   1  18 09 0  F        48113.40
DP   1  18 09 1  F        49293.01
DP   1  18 10 0  F        50252.21
DP   1  18 10 1  F        51098.59
DP   1  18 11 0  F        51729.63
DP   1  18 11 1  F        52031.76
DP   1  18 12 0  F        52057.24
DP   1  18 12 1  F        51955.14
DP   1  18 13 0  F        52095.75
DP   1  18 13 1  F        52752.82
DP   1  18 14 0  F        53592.54
DP   1  18 14 1  F        54214.68
DP   1  18 15 0  F        54560.75
DP   1  18 15 1  F        54673.37
DP   1  18 16 0  F        54657.79
DP   1  18 16 1  F        54530.60
DP   1  18 17 0  F        53891.05
DP   1  18 17 1  F        52449.00
DP   1  18 18 0  F        50773.84
DP   1  18 18 1  F        49591.54
DP   1  18 19 0  F        49394.58
DP   1  18 19 1  F        50344.39
DP   1  18 20 0  F        51511.54
DP   1  18 20 1  F        51986.50
DP   1  18 21 0  F        52029.93
DP   1  18 21 1  F        52049.94
DP   1  18 22 0  F        51874.13
DP   1  18 22 1  F        51280.68
DP   1  18 23 0  F        50430.56
DP   1  18 23 1  F        49580.44
DP   2  18 00 0  F        14074.38
DP   2  18 00 1  F        13583.41
DP   2  18 01 0  F        13132.59
DP   2  18 01 1  F        12755.77
DP   2  18 02 0  F        12461.54
DP   2  18 02 1  F        12244.28
DP   2  18 03 0  F        12066.73
DP   2  18 03 1  F        11898.55
DP   2  18 04 0  F        11768.72
DP   2  18 04 1  F        11711.99
DP   2  18 05 0  F        11726.81
DP   2  18 05 1  F        11796.30
DP   2  18 06 0  F        11878.51
DP   2  18 06 1  F        11973.17
DP   2  18 07 0  F        12271.71
DP   2  18 07 1  F        12924.18
DP   2  18 08 0  F        13723.32
DP   2  18 08 1  F        14414.51
DP   2  18 09 0  F        14910.88
DP   2  18 09 1  F        15202.65
DP   2  18 10 0  F        15420.63
DP   2  18 10 1  F        15699.80
DP   2  18 11 0  F        16051.18
DP   2  18 11 1  F        16405.79
DP   2  18 12 0  F        16498.66
DP   2  18 12 1  F        16178.53
DP   2  18 13 0  F        15945.00
DP   2  18 13 1  F        16264.60
DP   2  18 14 0  F        16820.58
DP   2  18 14 1  F        17194.59
DP   2  18 15 0  F        17345.12
DP   2  18 15 1  F        17334.45
DP   2  18 16 0  F        17263.18
DP   2  18 16 1  F        17208.01
DP   2  18 17 0  F        17111.62
DP   2  18 17 1  F        16886.13
DP   2  18 18 0  F        16455.39
DP   2  18 18 1  F        15839.25
DP   2  18 19 0  F        15429.65
DP   2  18 19 1  F        15564.02
DP   2  18 20 0  F        15989.42
DP   2  18 20 1  F        16369.57
DP   2  18 21 0  F        16625.07
DP   2  18 21 1  F        16743.39
DP   2  18 22 0  F        16722.52
DP   2  18 22 1  F        16574.52
DP   2  18 23 0  F        16357.24
DP   2  18 23 1  F        16139.96
DP   3  18 00 0  F        13738.16
DP   3  18 00 1  F        13484.30
DP   3  18 01 0  F        13246.63
DP   3  18 01 1  F        13038.37
DP   3  18 02 0  F        12860.83
DP   3  18 02 1  F        12710.95
DP   3  18 03 0  F        12579.96
DP   3  18 03 1  F        12465.37
DP   3  18 04 0  F        12395.35
DP   3  18 04 1  F        12374.52
DP   3  18 05 0  F        12282.71
DP   3  18 05 1  F        12021.79
DP   3  18 06 0  F        11706.65
DP   3  18 06 1  F        11493.43
DP   3  18 07 0  F        11490.09
DP   3  18 07 1  F        11752.89
DP   3  18 08 0  F        12179.52
DP   3  18 08 1  F        12636.20
DP   3  18 09 0  F        13022.09
DP   3  18 09 1  F        13272.38
DP   3  18 10 0  F        13433.57
DP   3  18 10 1  F        13566.58
DP   3  18 11 0  F        13678.55
DP   3  18 11 1  F        13753.57
DP   3  18 12 0  F        13737.37
DP   3  18 12 1  F        13609.52
DP   3  18 13 0  F        13523.32
DP   3  18 13 1  F        13619.25
DP   3  18 14 0  F        13812.86
DP   3  18 14 1  F        13982.36
DP   3  18 15 0  F        14081.70
DP   3  18 15 1  F        14094.18
DP   3  18 16 0  F        14044.83
DP   3  18 16 1  F        13943.60
DP   3  18 17 0  F        13698.48
DP   3  18 17 1  F        13276.03
DP   3  18 18 0  F        12979.01
DP   3  18 18 1  F        13069.50
DP   3  18 19 0  F        13310.64
DP   3  18 19 1  F        13414.58
DP   3  18 20 0  F        13388.69
DP   3  18 20 1  F        13327.41
DP   3  18 21 0  F        13378.20
DP   3  18 21 1  F        13631.70
DP   3  18 22 0  F        13898.11
DP   3  18 22 1  F        13981.47
DP   3  18 23 0  F        13941.34
DP   3  18 23 1  F        13901.21
DP   4  18 00 0  F        7437.33
DP   4  18 00 1  F        7375.84
DP   4  18 01 0  F        7304.55
DP   4  18 01 1  F        7219.55
DP   4  18 02 0  F        7140.42
DP   4  18 02 1  F        7083.71
DP   4  18 03 0  F        7030.22
DP   4  18 03 1  F        6959.92
DP   4  18 04 0  F        6884.98
DP   4  18 04 1  F        6822.88
DP   4  18 05 0  F        6779.88
DP   4  18 05 1  F        6749.49
DP   4  18 06 0  F        6685.45
DP   4  18 06 1  F        6557.99
DP   4  18 07 0  F        6443.10
DP   4  18 07 1  F        6427.47
DP   4  18 08 0  F        6534.78
DP   4  18 08 1  F        6752.68
DP   4  18 09 0  F        6987.71
DP   4  18 09 1  F        7151.32
DP   4  18 10 0  F        7255.74
DP   4  18 10 1  F        7331.91
DP   4  18 11 0  F        7385.02
DP   4  18 11 1  F        7411.71
DP   4  18 12 0  F        7400.11
DP   4  18 12 1  F        7353.35
DP   4  18 13 0  F        7342.87
DP   4  18 13 1  F        7432.16
DP   4  18 14 0  F        7584.65
DP   4  18 14 1  F        7741.36
DP   4  18 15 0  F        7853.80
DP   4  18 15 1  F        7889.03
DP   4  18 16 0  F        7865.80
DP   4  18 16 1  F        7805.81
DP   4  18 17 0  F        7690.85
DP   4  18 17 1  F        7509.30
DP   4  18 18 0  F        7315.76
DP   4  18 18 1  F        7176.61
DP   4  18 19 0  F        7139.03
DP   4  18 19 1  F        7219.03
DP   4  18 20 0  F        7326.99
DP   4  18 20 1  F        7375.91
DP   4  18 21 0  F        7394.84
DP   4  18 21 1  F        7430.12
DP   4  18 22 0  F        7480.98
DP   4  18 22 1  F        7536.72
DP   4  18 23 0  F        7593.99
DP   4  18 23 1  F        7651.26
