&   CARGA
&
&   ss  di hi m df hf m Demanda
&X  XX  XX XX X XX XX X XXXXXXXXXX
DP   1  14 00 0  F        42366.84
DP   1  14 00 1  F        41750.11
DP   1  14 01 0  F        40994.14
DP   1  14 01 1  F        40026.11
DP   1  14 02 0  F        39038.79
DP   1  14 02 1  F        38234.78
DP   1  14 03 0  F        37590.25
DP   1  14 03 1  F        37042.25
DP   1  14 04 0  F        36597.71
DP   1  14 04 1  F        36265.19
DP   1  14 05 0  F        35989.88
DP   1  14 05 1  F        35699.72
DP   1  14 06 0  F        35317.08
DP   1  14 06 1  F        34845.65
DP   1  14 07 0  F        34620.16
DP   1  14 07 1  F        34917.18
DP   1  14 08 0  F        35449.70
DP   1  14 08 1  F        35876.77
DP   1  14 09 0  F        36205.23
DP   1  14 09 1  F        36524.65
DP   1  14 10 0  F        36907.67
DP   1  14 10 1  F        37413.38
DP   1  14 11 0  F        38063.59
DP   1  14 11 1  F        38828.52
DP   1  14 12 0  F        39509.25
DP   1  14 12 1  F        39907.64
DP   1  14 13 0  F        39997.54
DP   1  14 13 1  F        39829.23
DP   1  14 14 0  F        39586.52
DP   1  14 14 1  F        39453.12
DP   1  14 15 0  F        39478.81
DP   1  14 15 1  F        39674.68
DP   1  14 16 0  F        40030.94
DP   1  14 16 1  F        40524.62
DP   1  14 17 0  F        41100.82
DP   1  14 17 1  F        41688.07
DP   1  14 18 0  F        42180.68
DP   1  14 18 1  F        42565.78
DP   1  14 19 0  F        43236.29
DP   1  14 19 1  F        44458.12
DP   1  14 20 0  F        45583.72
DP   1  14 20 1  F        45970.41
DP   1  14 21 0  F        45908.73
DP   1  14 21 1  F        45811.49
DP   1  14 22 0  F        45647.36
DP   1  14 22 1  F        45315.18
DP   1  14 23 0  F        44878.38
DP   1  14 23 1  F        44441.58
DP   2  14 00 0  F        13074.23
DP   2  14 00 1  F        12644.47
DP   2  14 01 0  F        12224.00
DP   2  14 01 1  F        11819.99
DP   2  14 02 0  F        11431.21
DP   2  14 02 1  F        11062.35
DP   2  14 03 0  F        10750.05
DP   2  14 03 1  F        10530.65
DP   2  14 04 0  F        10407.11
DP   2  14 04 1  F        10358.43
DP   2  14 05 0  F        10301.06
DP   2  14 05 1  F        10165.08
DP   2  14 06 0  F        9997.58
DP   2  14 06 1  F        9874.14
DP   2  14 07 0  F        9867.52
DP   2  14 07 1  F        10028.75
DP   2  14 08 0  F        10324.98
DP   2  14 08 1  F        10699.37
DP   2  14 09 0  F        11083.31
DP   2  14 09 1  F        11419.55
DP   2  14 10 0  F        11708.17
DP   2  14 10 1  F        11974.32
DP   2  14 11 0  F        12286.04
DP   2  14 11 1  F        12676.43
DP   2  14 12 0  F        12995.81
DP   2  14 12 1  F        13109.12
DP   2  14 13 0  F        13122.25
DP   2  14 13 1  F        13170.86
DP   2  14 14 0  F        13268.54
DP   2  14 14 1  F        13381.32
DP   2  14 15 0  F        13406.98
DP   2  14 15 1  F        13288.80
DP   2  14 16 0  F        13220.13
DP   2  14 16 1  F        13385.12
DP   2  14 17 0  F        13680.94
DP   2  14 17 1  F        13952.84
DP   2  14 18 0  F        14125.29
DP   2  14 18 1  F        14177.53
DP   2  14 19 0  F        14228.71
DP   2  14 19 1  F        14397.76
DP   2  14 20 0  F        14662.91
DP   2  14 20 1  F        14953.59
DP   2  14 21 0  F        15144.77
DP   2  14 21 1  F        15141.05
DP   2  14 22 0  F        15019.94
DP   2  14 22 1  F        14881.75
DP   2  14 23 0  F        14745.22
DP   2  14 23 1  F        14608.70
DP   3  14 00 0  F        13205.96
DP   3  14 00 1  F        13078.39
DP   3  14 01 0  F        12965.31
DP   3  14 01 1  F        12874.20
DP   3  14 02 0  F        12784.53
DP   3  14 02 1  F        12672.34
DP   3  14 03 0  F        12528.04
DP   3  14 03 1  F        12358.46
DP   3  14 04 0  F        12221.84
DP   3  14 04 1  F        12149.65
DP   3  14 05 0  F        12014.98
DP   3  14 05 1  F        11706.71
DP   3  14 06 0  F        11335.43
DP   3  14 06 1  F        11041.21
DP   3  14 07 0  F        10860.42
DP   3  14 07 1  F        10797.19
DP   3  14 08 0  F        10830.47
DP   3  14 08 1  F        10921.81
DP   3  14 09 0  F        10988.24
DP   3  14 09 1  F        10965.41
DP   3  14 10 0  F        10907.86
DP   3  14 10 1  F        10893.73
DP   3  14 11 0  F        10976.57
DP   3  14 11 1  F        11168.13
DP   3  14 12 0  F        11337.51
DP   3  14 12 1  F        11359.96
DP   3  14 13 0  F        11278.25
DP   3  14 13 1  F        11171.39
DP   3  14 14 0  F        11095.98
DP   3  14 14 1  F        11087.54
DP   3  14 15 0  F        11119.86
DP   3  14 15 1  F        11160.83
DP   3  14 16 0  F        11216.59
DP   3  14 16 1  F        11290.26
DP   3  14 17 0  F        11334.60
DP   3  14 17 1  F        11346.02
DP   3  14 18 0  F        11545.71
DP   3  14 18 1  F        12100.45
DP   3  14 19 0  F        12734.56
DP   3  14 19 1  F        13137.06
DP   3  14 20 0  F        13298.37
DP   3  14 20 1  F        13301.50
DP   3  14 21 0  F        13298.56
DP   3  14 21 1  F        13409.58
DP   3  14 22 0  F        13557.17
DP   3  14 22 1  F        13643.19
DP   3  14 23 0  F        13684.10
DP   3  14 23 1  F        13725.02
DP   4  14 00 0  F        7063.50
DP   4  14 00 1  F        6608.78
DP   4  14 01 0  F        6332.03
DP   4  14 01 1  F        6347.65
DP   4  14 02 0  F        6515.67
DP   4  14 02 1  F        6661.15
DP   4  14 03 0  F        6723.60
DP   4  14 03 1  F        6689.85
DP   4  14 04 0  F        6621.49
DP   4  14 04 1  F        6582.35
DP   4  14 05 0  F        6570.37
DP   4  14 05 1  F        6561.50
DP   4  14 06 0  F        6509.67
DP   4  14 06 1  F        6387.99
DP   4  14 07 0  F        6268.39
DP   4  14 07 1  F        6228.68
DP   4  14 08 0  F        6271.41
DP   4  14 08 1  F        6361.83
DP   4  14 09 0  F        6390.98
DP   4  14 09 1  F        6281.22
DP   4  14 10 0  F        6154.32
DP   4  14 10 1  F        6136.99
DP   4  14 11 0  F        6176.45
DP   4  14 11 1  F        6199.30
DP   4  14 12 0  F        6228.98
DP   4  14 12 1  F        6297.32
DP   4  14 13 0  F        6372.67
DP   4  14 13 1  F        6416.99
DP   4  14 14 0  F        6429.95
DP   4  14 14 1  F        6429.59
DP   4  14 15 0  F        6469.51
DP   4  14 15 1  F        6577.53
DP   4  14 16 0  F        6642.61
DP   4  14 16 1  F        6567.56
DP   4  14 17 0  F        6449.24
DP   4  14 17 1  F        6399.72
DP   4  14 18 0  F        6397.82
DP   4  14 18 1  F        6408.77
DP   4  14 19 0  F        6476.78
DP   4  14 19 1  F        6638.19
DP   4  14 20 0  F        6818.96
DP   4  14 20 1  F        6938.01
DP   4  14 21 0  F        6996.67
DP   4  14 21 1  F        7016.93
DP   4  14 22 0  F        7021.20
DP   4  14 22 1  F        7027.70
DP   4  14 23 0  F        7037.48
DP   4  14 23 1  F        7047.25
