&   CARGA
&
&   ss  di hi m df hf m Demanda
&X  XX  XX XX X XX XX X XXXXXXXXXX
DP   1  10 00 0  F        47210.14
DP   1  10 00 1  F        45866.66
DP   1  10 01 0  F        44580.27
DP   1  10 01 1  F        43410.00
DP   1  10 02 0  F        42422.60
DP   1  10 02 1  F        41660.38
DP   1  10 03 0  F        41059.98
DP   1  10 03 1  F        40560.86
DP   1  10 04 0  F        40219.45
DP   1  10 04 1  F        40088.24
DP   1  10 05 0  F        40086.98
DP   1  10 05 1  F        40130.64
DP   1  10 06 0  F        40247.75
DP   1  10 06 1  F        40535.94
DP   1  10 07 0  F        41255.55
DP   1  10 07 1  F        42598.21
DP   1  10 08 0  F        44317.93
DP   1  10 08 1  F        46076.70
DP   1  10 09 0  F        47605.97
DP   1  10 09 1  F        48736.56
DP   1  10 10 0  F        49627.43
DP   1  10 10 1  F        50444.99
DP   1  10 11 0  F        51057.23
DP   1  10 11 1  F        51321.56
DP   1  10 12 0  F        51351.29
DP   1  10 12 1  F        51346.48
DP   1  10 13 0  F        51598.17
DP   1  10 13 1  F        52300.14
DP   1  10 14 0  F        53166.23
DP   1  10 14 1  F        53851.52
DP   1  10 15 0  F        54255.80
DP   1  10 15 1  F        54374.31
DP   1  10 16 0  F        54339.08
DP   1  10 16 1  F        54204.54
DP   1  10 17 0  F        53577.68
DP   1  10 17 1  F        52168.28
DP   1  10 18 0  F        50544.46
DP   1  10 18 1  F        49412.67
DP   1  10 19 0  F        49174.08
DP   1  10 19 1  F        49933.81
DP   1  10 20 0  F        50918.08
DP   1  10 20 1  F        51366.82
DP   1  10 21 0  F        51453.74
DP   1  10 21 1  F        51470.85
DP   1  10 22 0  F        51249.66
DP   1  10 22 1  F        50597.30
DP   1  10 23 0  F        49683.97
DP   1  10 23 1  F        48770.64
DP   2  10 00 0  F        16305.71
DP   2  10 00 1  F        15730.22
DP   2  10 01 0  F        15213.99
DP   2  10 01 1  F        14797.98
DP   2  10 02 0  F        14449.87
DP   2  10 02 1  F        14132.12
DP   2  10 03 0  F        13859.60
DP   2  10 03 1  F        13653.39
DP   2  10 04 0  F        13507.04
DP   2  10 04 1  F        13412.55
DP   2  10 05 0  F        13383.44
DP   2  10 05 1  F        13426.01
DP   2  10 06 0  F        13496.45
DP   2  10 06 1  F        13587.63
DP   2  10 07 0  F        13889.50
DP   2  10 07 1  F        14560.64
DP   2  10 08 0  F        15436.92
DP   2  10 08 1  F        16289.38
DP   2  10 09 0  F        16952.22
DP   2  10 09 1  F        17335.48
DP   2  10 10 0  F        17589.20
DP   2  10 10 1  F        17882.06
DP   2  10 11 0  F        18217.22
DP   2  10 11 1  F        18512.30
DP   2  10 12 0  F        18507.97
DP   2  10 12 1  F        18084.21
DP   2  10 13 0  F        17854.91
DP   2  10 13 1  F        18359.93
DP   2  10 14 0  F        19108.97
DP   2  10 14 1  F        19508.34
DP   2  10 15 0  F        19580.79
DP   2  10 15 1  F        19489.73
DP   2  10 16 0  F        19344.73
DP   2  10 16 1  F        19205.70
DP   2  10 17 0  F        18987.73
DP   2  10 17 1  F        18576.59
DP   2  10 18 0  F        17885.25
DP   2  10 18 1  F        16951.34
DP   2  10 19 0  F        16283.81
DP   2  10 19 1  F        16314.54
DP   2  10 20 0  F        16696.04
DP   2  10 20 1  F        16988.90
DP   2  10 21 0  F        17165.62
DP   2  10 21 1  F        17280.70
DP   2  10 22 0  F        17304.78
DP   2  10 22 1  F        17207.71
DP   2  10 23 0  F        17039.99
DP   2  10 23 1  F        16872.27
DP   3  10 00 0  F        14218.79
DP   3  10 00 1  F        13983.17
DP   3  10 01 0  F        13751.65
DP   3  10 01 1  F        13531.23
DP   3  10 02 0  F        13340.54
DP   3  10 02 1  F        13191.60
DP   3  10 03 0  F        13058.30
DP   3  10 03 1  F        12921.28
DP   3  10 04 0  F        12826.27
DP   3  10 04 1  F        12796.28
DP   3  10 05 0  F        12698.17
DP   3  10 05 1  F        12418.92
DP   3  10 06 0  F        12082.05
DP   3  10 06 1  F        11854.43
DP   3  10 07 0  F        11839.85
DP   3  10 07 1  F        12091.09
DP   3  10 08 0  F        12519.96
DP   3  10 08 1  F        13004.48
DP   3  10 09 0  F        13428.62
DP   3  10 09 1  F        13710.02
DP   3  10 10 0  F        13895.04
DP   3  10 10 1  F        14048.44
DP   3  10 11 0  F        14179.67
DP   3  10 11 1  F        14271.72
DP   3  10 12 0  F        14257.17
DP   3  10 12 1  F        14109.22
DP   3  10 13 0  F        14014.09
DP   3  10 13 1  F        14141.43
DP   3  10 14 0  F        14381.39
DP   3  10 14 1  F        14582.59
DP   3  10 15 0  F        14706.74
DP   3  10 15 1  F        14747.68
DP   3  10 16 0  F        14714.52
DP   3  10 16 1  F        14597.98
DP   3  10 17 0  F        14300.00
DP   3  10 17 1  F        13789.70
DP   3  10 18 0  F        13393.77
DP   3  10 18 1  F        13402.80
DP   3  10 19 0  F        13605.53
DP   3  10 19 1  F        13726.87
DP   3  10 20 0  F        13738.03
DP   3  10 20 1  F        13696.81
DP   3  10 21 0  F        13760.86
DP   3  10 21 1  F        14038.83
DP   3  10 22 0  F        14343.38
DP   3  10 22 1  F        14476.31
DP   3  10 23 0  F        14491.87
DP   3  10 23 1  F        14507.43
DP   4  10 00 0  F        7894.25
DP   4  10 00 1  F        7855.95
DP   4  10 01 0  F        7807.25
DP   4  10 01 1  F        7741.98
DP   4  10 02 0  F        7670.89
DP   4  10 02 1  F        7604.31
DP   4  10 03 0  F        7534.08
DP   4  10 03 1  F        7451.61
DP   4  10 04 0  F        7365.06
DP   4  10 04 1  F        7287.43
DP   4  10 05 0  F        7234.34
DP   4  10 05 1  F        7207.38
DP   4  10 06 0  F        7149.38
DP   4  10 06 1  F        7014.71
DP   4  10 07 0  F        6862.55
DP   4  10 07 1  F        6771.75
DP   4  10 08 0  F        6795.00
DP   4  10 08 1  F        6951.06
DP   4  10 09 0  F        7149.06
DP   4  10 09 1  F        7295.37
DP   4  10 10 0  F        7394.79
DP   4  10 10 1  F        7472.01
DP   4  10 11 0  F        7532.49
DP   4  10 11 1  F        7575.02
DP   4  10 12 0  F        7590.70
DP   4  10 12 1  F        7580.42
DP   4  10 13 0  F        7591.91
DP   4  10 13 1  F        7669.39
DP   4  10 14 0  F        7796.39
DP   4  10 14 1  F        7938.65
DP   4  10 15 0  F        8051.41
DP   4  10 15 1  F        8099.84
DP   4  10 16 0  F        8099.40
DP   4  10 16 1  F        8068.41
DP   4  10 17 0  F        7986.64
DP   4  10 17 1  F        7837.89
DP   4  10 18 0  F        7660.92
DP   4  10 18 1  F        7512.65
DP   4  10 19 0  F        7467.56
DP   4  10 19 1  F        7567.28
DP   4  10 20 0  F        7704.20
DP   4  10 20 1  F        7769.30
DP   4  10 21 0  F        7797.11
DP   4  10 21 1  F        7843.32
DP   4  10 22 0  F        7904.94
DP   4  10 22 1  F        7967.44
DP   4  10 23 0  F        8028.80
DP   4  10 23 1  F        8090.16
DP   1  11 00 0  F        47459.05
DP   1  11 00 1  F        46076.86
DP   1  11 01 0  F        44783.20
DP   1  11 01 1  F        43649.73
DP   1  11 02 0  F        42680.55
DP   1  11 02 1  F        41868.12
DP   1  11 03 0  F        41225.76
DP   1  11 03 1  F        40765.72
DP   1  11 04 0  F        40474.92
DP   1  11 04 1  F        40329.56
DP   1  11 05 0  F        40288.18
DP   1  11 05 1  F        40315.93
DP   1  11 06 0  F        40421.92
DP   1  11 06 1  F        40676.93
DP   1  11 07 0  F        41354.48
DP   1  11 07 1  F        42663.84
DP   1  11 08 0  F        44354.53
DP   1  11 08 1  F        46079.32
DP   1  11 09 0  F        47563.61
DP   1  11 09 1  F        48640.73
DP   1  11 10 0  F        49503.23
DP   1  11 10 1  F        50343.20
DP   1  11 11 0  F        50991.80
DP   1  11 11 1  F        51263.03
DP   1  11 12 0  F        51263.11
DP   1  11 12 1  F        51198.64
DP   1  11 13 0  F        51385.36
DP   1  11 13 1  F        52039.97
DP   1  11 14 0  F        52873.80
DP   1  11 14 1  F        53533.97
DP   1  11 15 0  F        53916.06
DP   1  11 15 1  F        54010.78
DP   1  11 16 0  F        53940.78
DP   1  11 16 1  F        53762.41
DP   1  11 17 0  F        53134.80
DP   1  11 17 1  F        51803.94
DP   1  11 18 0  F        50260.30
DP   1  11 18 1  F        49141.00
DP   1  11 19 0  F        48925.30
DP   1  11 19 1  F        49789.58
DP   1  11 20 0  F        50856.82
DP   1  11 20 1  F        51267.95
DP   1  11 21 0  F        51289.23
DP   1  11 21 1  F        51319.19
DP   1  11 22 0  F        51160.22
DP   1  11 22 1  F        50568.06
DP   1  11 23 0  F        49708.09
DP   1  11 23 1  F        48848.12
DP   2  11 00 0  F        15639.67
DP   2  11 00 1  F        15118.09
DP   2  11 01 0  F        14633.62
DP   2  11 01 1  F        14217.57
DP   2  11 02 0  F        13878.04
DP   2  11 02 1  F        13611.58
DP   2  11 03 0  F        13391.82
DP   2  11 03 1  F        13195.43
DP   2  11 04 0  F        13034.14
DP   2  11 04 1  F        12929.02
DP   2  11 05 0  F        12903.57
DP   2  11 05 1  F        12965.50
DP   2  11 06 0  F        13056.98
DP   2  11 06 1  F        13156.39
DP   2  11 07 0  F        13452.32
DP   2  11 07 1  F        14101.70
DP   2  11 08 0  F        14924.35
DP   2  11 08 1  F        15684.11
DP   2  11 09 0  F        16257.83
DP   2  11 09 1  F        16593.27
DP   2  11 10 0  F        16808.91
DP   2  11 10 1  F        17038.53
DP   2  11 11 0  F        17306.50
DP   2  11 11 1  F        17557.61
DP   2  11 12 0  F        17527.63
DP   2  11 12 1  F        17076.46
DP   2  11 13 0  F        16769.52
DP   2  11 13 1  F        17119.47
DP   2  11 14 0  F        17722.49
DP   2  11 14 1  F        18068.95
DP   2  11 15 0  F        18142.69
DP   2  11 15 1  F        18054.99
DP   2  11 16 0  F        17933.48
DP   2  11 16 1  F        17861.33
DP   2  11 17 0  F        17727.43
DP   2  11 17 1  F        17395.41
DP   2  11 18 0  F        16822.17
DP   2  11 18 1  F        16074.39
DP   2  11 19 0  F        15564.68
DP   2  11 19 1  F        15628.84
DP   2  11 20 0  F        15949.46
DP   2  11 20 1  F        16144.96
DP   2  11 21 0  F        16230.12
DP   2  11 21 1  F        16285.86
DP   2  11 22 0  F        16261.14
DP   2  11 22 1  F        16099.65
DP   2  11 23 0  F        15855.91
DP   2  11 23 1  F        15612.18
DP   3  11 00 0  F        14182.25
DP   3  11 00 1  F        13941.62
DP   3  11 01 0  F        13708.75
DP   3  11 01 1  F        13491.98
DP   3  11 02 0  F        13302.04
DP   3  11 02 1  F        13145.09
DP   3  11 03 0  F        13006.79
DP   3  11 03 1  F        12877.68
DP   3  11 04 0  F        12788.55
DP   3  11 04 1  F        12749.02
DP   3  11 05 0  F        12643.73
DP   3  11 05 1  F        12375.24
DP   3  11 06 0  F        12042.69
DP   3  11 06 1  F        11789.55
DP   3  11 07 0  F        11740.00
DP   3  11 07 1  F        11968.40
DP   3  11 08 0  F        12369.15
DP   3  11 08 1  F        12803.43
DP   3  11 09 0  F        13179.35
DP   3  11 09 1  F        13439.51
DP   3  11 10 0  F        13617.45
DP   3  11 10 1  F        13760.74
DP   3  11 11 0  F        13882.18
DP   3  11 11 1  F        13972.02
DP   3  11 12 0  F        13965.12
DP   3  11 12 1  F        13832.63
DP   3  11 13 0  F        13746.32
DP   3  11 13 1  F        13863.38
DP   3  11 14 0  F        14082.09
DP   3  11 14 1  F        14263.39
DP   3  11 15 0  F        14377.80
DP   3  11 15 1  F        14424.61
DP   3  11 16 0  F        14408.32
DP   3  11 16 1  F        14314.54
DP   3  11 17 0  F        14047.96
DP   3  11 17 1  F        13579.14
DP   3  11 18 0  F        13223.08
DP   3  11 18 1  F        13258.30
DP   3  11 19 0  F        13473.09
DP   3  11 19 1  F        13595.08
DP   3  11 20 0  F        13599.81
DP   3  11 20 1  F        13549.34
DP   3  11 21 0  F        13604.06
DP   3  11 21 1  F        13874.33
DP   3  11 22 0  F        14172.04
DP   3  11 22 1  F        14297.88
DP   3  11 23 0  F        14306.09
DP   3  11 23 1  F        14314.29
DP   4  11 00 0  F        7971.58
DP   4  11 00 1  F        7917.95
DP   4  11 01 0  F        7862.75
DP   4  11 01 1  F        7805.04
DP   4  11 02 0  F        7746.35
DP   4  11 02 1  F        7686.52
DP   4  11 03 0  F        7616.24
DP   4  11 03 1  F        7528.32
DP   4  11 04 0  F        7433.47
DP   4  11 04 1  F        7348.07
DP   4  11 05 0  F        7293.27
DP   4  11 05 1  F        7273.97
DP   4  11 06 0  F        7225.21
DP   4  11 06 1  F        7092.97
DP   4  11 07 0  F        6936.81
DP   4  11 07 1  F        6835.53
DP   4  11 08 0  F        6831.37
DP   4  11 08 1  F        6937.31
DP   4  11 09 0  F        7085.70
DP   4  11 09 1  F        7205.29
DP   4  11 10 0  F        7290.89
DP   4  11 10 1  F        7353.03
DP   4  11 11 0  F        7399.05
DP   4  11 11 1  F        7432.30
DP   4  11 12 0  F        7443.56
DP   4  11 12 1  F        7431.10
DP   4  11 13 0  F        7435.97
DP   4  11 13 1  F        7497.89
DP   4  11 14 0  F        7608.42
DP   4  11 14 1  F        7741.02
DP   4  11 15 0  F        7844.69
DP   4  11 15 1  F        7879.43
DP   4  11 16 0  F        7873.35
DP   4  11 16 1  F        7856.56
DP   4  11 17 0  F        7798.67
DP   4  11 17 1  F        7672.08
DP   4  11 18 0  F        7520.64
DP   4  11 18 1  F        7404.46
DP   4  11 19 0  F        7377.45
DP   4  11 19 1  F        7464.80
DP   4  11 20 0  F        7583.18
DP   4  11 20 1  F        7649.82
DP   4  11 21 0  F        7692.77
DP   4  11 21 1  F        7754.72
DP   4  11 22 0  F        7826.29
DP   4  11 22 1  F        7889.84
DP   4  11 23 0  F        7946.99
DP   4  11 23 1  F        8004.13
DP   1  12 00 0  F        47547.40
DP   1  12 00 1  F        46193.20
DP   1  12 01 0  F        44924.22
DP   1  12 01 1  F        43810.02
DP   1  12 02 0  F        42857.41
DP   1  12 02 1  F        42061.55
DP   1  12 03 0  F        41433.63
DP   1  12 03 1  F        40982.95
DP   1  12 04 0  F        40695.00
DP   1  12 04 1  F        40547.09
DP   1  12 05 0  F        40507.47
DP   1  12 05 1  F        40550.38
DP   1  12 06 0  F        40682.92
DP   1  12 06 1  F        40967.57
DP   1  12 07 0  F        41655.38
DP   1  12 07 1  F        42934.23
DP   1  12 08 0  F        44550.73
DP   1  12 08 1  F        46169.19
DP   1  12 09 0  F        47565.88
DP   1  12 09 1  F        48610.02
DP   1  12 10 0  F        49430.74
DP   1  12 10 1  F        50158.27
DP   1  12 11 0  F        50667.32
DP   1  12 11 1  F        50824.94
DP   1  12 12 0  F        50723.09
DP   1  12 12 1  F        50543.03
DP   1  12 13 0  F        50598.40
DP   1  12 13 1  F        51103.91
DP   1  12 14 0  F        51746.20
DP   1  12 14 1  F        52166.83
DP   1  12 15 0  F        52355.01
DP   1  12 15 1  F        52365.97
DP   1  12 16 0  F        52171.45
DP   1  12 16 1  F        51719.80
DP   1  12 17 0  F        50949.41
DP   1  12 17 1  F        49858.92
DP   1  12 18 0  F        48697.90
DP   1  12 18 1  F        47806.65
DP   1  12 19 0  F        47637.51
DP   1  12 19 1  F        48419.33
DP   1  12 20 0  F        49374.93
DP   1  12 20 1  F        49721.88
DP   1  12 21 0  F        49662.67
DP   1  12 21 1  F        49536.06
DP   1  12 22 0  F        49240.71
DP   1  12 22 1  F        48632.17
DP   1  12 23 0  F        47833.59
DP   1  12 23 1  F        47035.01
DP   2  12 00 0  F        14609.11
DP   2  12 00 1  F        14105.06
DP   2  12 01 0  F        13648.31
DP   2  12 01 1  F        13272.93
DP   2  12 02 0  F        12960.18
DP   2  12 02 1  F        12686.75
DP   2  12 03 0  F        12463.89
DP   2  12 03 1  F        12304.36
DP   2  12 04 0  F        12192.49
DP   2  12 04 1  F        12115.63
DP   2  12 05 0  F        12101.54
DP   2  12 05 1  F        12175.06
DP   2  12 06 0  F        12308.72
DP   2  12 06 1  F        12495.74
DP   2  12 07 0  F        12864.11
DP   2  12 07 1  F        13512.15
DP   2  12 08 0  F        14284.62
DP   2  12 08 1  F        14983.84
DP   2  12 09 0  F        15496.00
DP   2  12 09 1  F        15775.21
DP   2  12 10 0  F        15963.37
DP   2  12 10 1  F        16206.27
DP   2  12 11 0  F        16477.58
DP   2  12 11 1  F        16677.20
DP   2  12 12 0  F        16582.19
DP   2  12 12 1  F        16099.74
DP   2  12 13 0  F        15780.44
DP   2  12 13 1  F        16112.54
DP   2  12 14 0  F        16691.66
DP   2  12 14 1  F        17019.27
DP   2  12 15 0  F        17112.84
DP   2  12 15 1  F        17102.25
DP   2  12 16 0  F        17051.02
DP   2  12 16 1  F        16985.58
DP   2  12 17 0  F        16850.50
DP   2  12 17 1  F        16573.96
DP   2  12 18 0  F        16100.31
DP   2  12 18 1  F        15465.10
DP   2  12 19 0  F        15052.49
DP   2  12 19 1  F        15175.26
DP   2  12 20 0  F        15512.00
DP   2  12 20 1  F        15683.53
DP   2  12 21 0  F        15713.52
DP   2  12 21 1  F        15697.63
DP   2  12 22 0  F        15616.38
DP   2  12 22 1  F        15439.03
DP   2  12 23 0  F        15204.88
DP   2  12 23 1  F        14970.72
DP   3  12 00 0  F        14121.18
DP   3  12 00 1  F        13878.60
DP   3  12 01 0  F        13645.26
DP   3  12 01 1  F        13431.31
DP   3  12 02 0  F        13250.45
DP   3  12 02 1  F        13109.04
DP   3  12 03 0  F        12980.67
DP   3  12 03 1  F        12845.55
DP   3  12 04 0  F        12743.22
DP   3  12 04 1  F        12695.54
DP   3  12 05 0  F        12594.15
DP   3  12 05 1  F        12343.28
DP   3  12 06 0  F        12027.83
DP   3  12 06 1  F        11776.50
DP   3  12 07 0  F        11712.72
DP   3  12 07 1  F        11915.33
DP   3  12 08 0  F        12290.12
DP   3  12 08 1  F        12706.66
DP   3  12 09 0  F        13062.65
DP   3  12 09 1  F        13292.17
DP   3  12 10 0  F        13446.63
DP   3  12 10 1  F        13589.82
DP   3  12 11 0  F        13717.73
DP   3  12 11 1  F        13803.35
DP   3  12 12 0  F        13795.49
DP   3  12 12 1  F        13677.12
DP   3  12 13 0  F        13591.91
DP   3  12 13 1  F        13673.25
DP   3  12 14 0  F        13852.51
DP   3  12 14 1  F        14024.58
DP   3  12 15 0  F        14140.32
DP   3  12 15 1  F        14174.09
DP   3  12 16 0  F        14138.14
DP   3  12 16 1  F        14034.47
DP   3  12 17 0  F        13786.11
DP   3  12 17 1  F        13372.37
DP   3  12 18 0  F        13076.77
DP   3  12 18 1  F        13145.38
DP   3  12 19 0  F        13370.13
DP   3  12 19 1  F        13490.84
DP   3  12 20 0  F        13492.82
DP   3  12 20 1  F        13442.69
DP   3  12 21 0  F        13486.60
DP   3  12 21 1  F        13724.68
DP   3  12 22 0  F        13993.35
DP   3  12 22 1  F        14117.94
DP   3  12 23 0  F        14143.08
DP   3  12 23 1  F        14168.21
DP   4  12 00 0  F        7830.17
DP   4  12 00 1  F        7782.12
DP   4  12 01 0  F        7727.73
DP   4  12 01 1  F        7664.22
DP   4  12 02 0  F        7603.11
DP   4  12 02 1  F        7552.98
DP   4  12 03 0  F        7496.51
DP   4  12 03 1  F        7416.90
DP   4  12 04 0  F        7325.46
DP   4  12 04 1  F        7241.06
DP   4  12 05 0  F        7184.71
DP   4  12 05 1  F        7162.46
DP   4  12 06 0  F        7118.23
DP   4  12 06 1  F        7004.01
DP   4  12 07 0  F        6866.20
DP   4  12 07 1  F        6769.71
DP   4  12 08 0  F        6759.09
DP   4  12 08 1  F        6853.40
DP   4  12 09 0  F        6989.91
DP   4  12 09 1  F        7101.20
DP   4  12 10 0  F        7182.86
DP   4  12 10 1  F        7245.63
DP   4  12 11 0  F        7297.80
DP   4  12 11 1  F        7342.36
DP   4  12 12 0  F        7363.44
DP   4  12 12 1  F        7352.49
DP   4  12 13 0  F        7349.05
DP   4  12 13 1  F        7394.57
DP   4  12 14 0  F        7490.07
DP   4  12 14 1  F        7616.84
DP   4  12 15 0  F        7717.73
DP   4  12 15 1  F        7745.42
DP   4  12 16 0  F        7730.36
DP   4  12 16 1  F        7707.38
DP   4  12 17 0  F        7651.32
DP   4  12 17 1  F        7537.21
DP   4  12 18 0  F        7400.92
DP   4  12 18 1  F        7294.06
DP   4  12 19 0  F        7270.33
DP   4  12 19 1  F        7356.56
DP   4  12 20 0  F        7470.15
DP   4  12 20 1  F        7528.86
DP   4  12 21 0  F        7561.21
DP   4  12 21 1  F        7611.50
DP   4  12 22 0  F        7676.18
DP   4  12 22 1  F        7742.47
DP   4  12 23 0  F        7808.23
DP   4  12 23 1  F        7873.98
DP   1  13 00 0  F        46076.45
DP   1  13 00 1  F        44885.29
DP   1  13 01 0  F        43759.27
DP   1  13 01 1  F        42748.88
DP   1  13 02 0  F        41845.91
DP   1  13 02 1  F        41038.44
DP   1  13 03 0  F        40358.30
DP   1  13 03 1  F        39839.43
DP   1  13 04 0  F        39480.30
DP   1  13 04 1  F        39253.33
DP   1  13 05 0  F        39062.07
DP   1  13 05 1  F        38807.65
DP   1  13 06 0  F        38450.23
DP   1  13 06 1  F        38049.28
DP   1  13 07 0  F        38002.47
DP   1  13 07 1  F        38635.44
DP   1  13 08 0  F        39647.42
DP   1  13 08 1  F        40653.40
DP   1  13 09 0  F        41557.89
DP   1  13 09 1  F        42342.91
DP   1  13 10 0  F        43011.09
DP   1  13 10 1  F        43559.20
DP   1  13 11 0  F        43940.01
DP   1  13 11 1  F        44127.82
DP   1  13 12 0  F        44227.10
DP   1  13 12 1  F        44343.06
DP   1  13 13 0  F        44453.78
DP   1  13 13 1  F        44515.21
DP   1  13 14 0  F        44521.82
DP   1  13 14 1  F        44485.60
DP   1  13 15 0  F        44449.97
DP   1  13 15 1  F        44454.64
DP   1  13 16 0  F        44493.00
DP   1  13 16 1  F        44536.04
DP   1  13 17 0  F        44511.44
DP   1  13 17 1  F        44389.32
DP   1  13 18 0  F        44352.78
DP   1  13 18 1  F        44625.08
DP   1  13 19 0  F        45377.07
DP   1  13 19 1  F        46606.53
DP   1  13 20 0  F        47671.41
DP   1  13 20 1  F        47970.50
DP   1  13 21 0  F        47705.71
DP   1  13 21 1  F        47213.08
DP   1  13 22 0  F        46561.91
DP   1  13 22 1  F        45767.42
DP   1  13 23 0  F        44894.98
DP   1  13 23 1  F        44022.54
DP   2  13 00 0  F        14243.83
DP   2  13 00 1  F        13754.78
DP   2  13 01 0  F        13311.54
DP   2  13 01 1  F        12946.05
DP   2  13 02 0  F        12634.85
DP   2  13 02 1  F        12351.40
DP   2  13 03 0  F        12112.21
DP   2  13 03 1  F        11937.18
DP   2  13 04 0  F        11816.62
DP   2  13 04 1  F        11737.66
DP   2  13 05 0  F        11704.27
DP   2  13 05 1  F        11714.75
DP   2  13 06 0  F        11727.77
DP   2  13 06 1  F        11734.76
DP   2  13 07 0  F        11897.76
DP   2  13 07 1  F        12347.16
DP   2  13 08 0  F        12916.11
DP   2  13 08 1  F        13400.60
DP   2  13 09 0  F        13745.40
DP   2  13 09 1  F        13953.23
DP   2  13 10 0  F        14110.08
DP   2  13 10 1  F        14300.50
DP   2  13 11 0  F        14520.16
DP   2  13 11 1  F        14718.46
DP   2  13 12 0  F        14748.37
DP   2  13 12 1  F        14529.58
DP   2  13 13 0  F        14344.77
DP   2  13 13 1  F        14459.37
DP   2  13 14 0  F        14706.66
DP   2  13 14 1  F        14861.57
DP   2  13 15 0  F        14897.82
DP   2  13 15 1  F        14850.90
DP   2  13 16 0  F        14804.76
DP   2  13 16 1  F        14828.44
DP   2  13 17 0  F        14883.13
DP   2  13 17 1  F        14898.66
DP   2  13 18 0  F        14787.43
DP   2  13 18 1  F        14529.65
DP   2  13 19 0  F        14394.11
DP   2  13 19 1  F        14607.25
DP   2  13 20 0  F        14937.55
DP   2  13 20 1  F        15104.33
DP   2  13 21 0  F        15088.24
DP   2  13 21 1  F        14934.26
DP   2  13 22 0  F        14683.29
DP   2  13 22 1  F        14373.32
DP   2  13 23 0  F        14034.80
DP   2  13 23 1  F        13696.27
DP   3  13 00 0  F        13922.91
DP   3  13 00 1  F        13727.13
DP   3  13 01 0  F        13523.44
DP   3  13 01 1  F        13312.85
DP   3  13 02 0  F        13132.14
DP   3  13 02 1  F        13009.31
DP   3  13 03 0  F        12901.49
DP   3  13 03 1  F        12769.82
DP   3  13 04 0  F        12662.37
DP   3  13 04 1  F        12611.80
DP   3  13 05 0  F        12502.13
DP   3  13 05 1  F        12227.04
DP   3  13 06 0  F        11867.61
DP   3  13 06 1  F        11548.15
DP   3  13 07 0  F        11378.69
DP   3  13 07 1  F        11428.95
DP   3  13 08 0  F        11621.61
DP   3  13 08 1  F        11849.09
DP   3  13 09 0  F        12029.53
DP   3  13 09 1  F        12114.61
DP   3  13 10 0  F        12164.28
DP   3  13 10 1  F        12244.73
DP   3  13 11 0  F        12338.82
DP   3  13 11 1  F        12409.27
DP   3  13 12 0  F        12421.71
DP   3  13 12 1  F        12365.22
DP   3  13 13 0  F        12319.79
DP   3  13 13 1  F        12358.43
DP   3  13 14 0  F        12435.09
DP   3  13 14 1  F        12488.74
DP   3  13 15 0  F        12517.42
DP   3  13 15 1  F        12528.69
DP   3  13 16 0  F        12509.11
DP   3  13 16 1  F        12445.60
DP   3  13 17 0  F        12347.48
DP   3  13 17 1  F        12267.08
DP   3  13 18 0  F        12406.38
DP   3  13 18 1  F        12892.32
DP   3  13 19 0  F        13402.09
DP   3  13 19 1  F        13606.08
DP   3  13 20 0  F        13597.42
DP   3  13 20 1  F        13550.26
DP   3  13 21 0  F        13540.32
DP   3  13 21 1  F        13596.17
DP   3  13 22 0  F        13656.33
DP   3  13 22 1  F        13657.48
DP   3  13 23 0  F        13618.80
DP   3  13 23 1  F        13580.12
DP   4  13 00 0  F        7768.70
DP   4  13 00 1  F        7730.38
DP   4  13 01 0  F        7690.53
DP   4  13 01 1  F        7646.84
DP   4  13 02 0  F        7593.86
DP   4  13 02 1  F        7528.28
DP   4  13 03 0  F        7458.37
DP   4  13 03 1  F        7391.38
DP   4  13 04 0  F        7318.92
DP   4  13 04 1  F        7237.34
DP   4  13 05 0  F        7177.48
DP   4  13 05 1  F        7158.56
DP   4  13 06 0  F        7118.67
DP   4  13 06 1  F        7000.72
DP   4  13 07 0  F        6847.99
DP   4  13 07 1  F        6723.27
DP   4  13 08 0  F        6667.01
DP   4  13 08 1  F        6697.97
DP   4  13 09 0  F        6770.46
DP   4  13 09 1  F        6834.67
DP   4  13 10 0  F        6888.73
DP   4  13 10 1  F        6939.87
DP   4  13 11 0  F        6983.59
DP   4  13 11 1  F        7012.73
DP   4  13 12 0  F        7021.06
DP   4  13 12 1  F        7008.95
DP   4  13 13 0  F        7002.30
DP   4  13 13 1  F        7026.39
DP   4  13 14 0  F        7078.67
DP   4  13 14 1  F        7145.89
DP   4  13 15 0  F        7200.11
DP   4  13 15 1  F        7218.55
DP   4  13 16 0  F        7213.84
DP   4  13 16 1  F        7200.18
DP   4  13 17 0  F        7162.38
DP   4  13 17 1  F        7091.07
DP   4  13 18 0  F        7029.42
DP   4  13 18 1  F        7026.51
DP   4  13 19 0  F        7102.59
DP   4  13 19 1  F        7252.11
DP   4  13 20 0  F        7395.14
DP   4  13 20 1  F        7458.25
DP   4  13 21 0  F        7468.41
DP   4  13 21 1  F        7470.90
DP   4  13 22 0  F        7483.91
DP   4  13 22 1  F        7515.13
DP   4  13 23 0  F        7557.32
DP   4  13 23 1  F        7599.51
DP   1  14 00 0  F        42844.52
DP   1  14 00 1  F        41791.09
DP   1  14 01 0  F        40787.91
DP   1  14 01 1  F        39874.45
DP   1  14 02 0  F        39047.29
DP   1  14 02 1  F        38299.19
DP   1  14 03 0  F        37650.66
DP   1  14 03 1  F        37125.11
DP   1  14 04 0  F        36729.91
DP   1  14 04 1  F        36445.29
DP   1  14 05 0  F        36158.91
DP   1  14 05 1  F        35760.81
DP   1  14 06 0  F        35243.06
DP   1  14 06 1  F        34682.00
DP   1  14 07 0  F        34389.12
DP   1  14 07 1  F        34622.63
DP   1  14 08 0  F        35192.59
DP   1  14 08 1  F        35837.13
DP   1  14 09 0  F        36454.85
DP   1  14 09 1  F        37002.60
DP   1  14 10 0  F        37509.79
DP   1  14 10 1  F        38007.50
DP   1  14 11 0  F        38460.82
DP   1  14 11 1  F        38828.87
DP   1  14 12 0  F        39112.89
DP   1  14 12 1  F        39321.14
DP   1  14 13 0  F        39448.08
DP   1  14 13 1  F        39489.95
DP   1  14 14 0  F        39464.00
DP   1  14 14 1  F        39400.62
DP   1  14 15 0  F        39361.57
DP   1  14 15 1  F        39411.15
DP   1  14 16 0  F        39592.27
DP   1  14 16 1  F        39919.08
DP   1  14 17 0  F        40311.97
DP   1  14 17 1  F        40684.51
DP   1  14 18 0  F        41016.77
DP   1  14 18 1  F        41372.01
DP   1  14 19 0  F        42079.79
DP   1  14 19 1  F        43334.70
DP   1  14 20 0  F        44525.27
DP   1  14 20 1  F        45038.70
DP   1  14 21 0  F        45062.96
DP   1  14 21 1  F        44912.10
DP   1  14 22 0  F        44603.42
DP   1  14 22 1  F        44107.43
DP   1  14 23 0  F        43504.11
DP   1  14 23 1  F        42900.78
DP   2  14 00 0  F        13657.27
DP   2  14 00 1  F        13214.20
DP   2  14 01 0  F        12811.05
DP   2  14 01 1  F        12474.80
DP   2  14 02 0  F        12180.70
DP   2  14 02 1  F        11902.40
DP   2  14 03 0  F        11658.92
DP   2  14 03 1  F        11473.23
DP   2  14 04 0  F        11338.97
DP   2  14 04 1  F        11242.42
DP   2  14 05 0  F        11169.93
DP   2  14 05 1  F        11103.52
DP   2  14 06 0  F        11007.71
DP   2  14 06 1  F        10886.54
DP   2  14 07 0  F        10919.35
DP   2  14 07 1  F        11253.21
DP   2  14 08 0  F        11730.49
DP   2  14 08 1  F        12156.48
DP   2  14 09 0  F        12492.69
DP   2  14 09 1  F        12750.63
DP   2  14 10 0  F        12985.73
DP   2  14 10 1  F        13252.07
DP   2  14 11 0  F        13554.68
DP   2  14 11 1  F        13858.57
DP   2  14 12 0  F        14017.83
DP   2  14 12 1  F        13947.36
DP   2  14 13 0  F        13916.30
DP   2  14 13 1  F        14172.70
DP   2  14 14 0  F        14526.01
DP   2  14 14 1  F        14737.84
DP   2  14 15 0  F        14816.94
DP   2  14 15 1  F        14830.51
DP   2  14 16 0  F        14832.28
DP   2  14 16 1  F        14861.25
DP   2  14 17 0  F        14911.02
DP   2  14 17 1  F        14940.21
DP   2  14 18 0  F        14813.01
DP   2  14 18 1  F        14478.09
DP   2  14 19 0  F        14316.66
DP   2  14 19 1  F        14653.48
DP   2  14 20 0  F        15155.12
DP   2  14 20 1  F        15429.62
DP   2  14 21 0  F        15509.02
DP   2  14 21 1  F        15506.35
DP   2  14 22 0  F        15434.41
DP   2  14 22 1  F        15289.76
DP   2  14 23 0  F        15104.33
DP   2  14 23 1  F        14918.91
DP   3  14 00 0  F        13662.00
DP   3  14 00 1  F        13469.18
DP   3  14 01 0  F        13281.74
DP   3  14 01 1  F        13105.18
DP   3  14 02 0  F        12945.38
DP   3  14 02 1  F        12805.14
DP   3  14 03 0  F        12674.51
DP   3  14 03 1  F        12548.13
DP   3  14 04 0  F        12451.80
DP   3  14 04 1  F        12390.32
DP   3  14 05 0  F        12253.20
DP   3  14 05 1  F        11946.01
DP   3  14 06 0  F        11553.62
DP   3  14 06 1  F        11198.50
DP   3  14 07 0  F        10974.25
DP   3  14 07 1  F        10934.44
DP   3  14 08 0  F        11001.46
DP   3  14 08 1  F        11079.71
DP   3  14 09 0  F        11132.90
DP   3  14 09 1  F        11150.60
DP   3  14 10 0  F        11166.74
DP   3  14 10 1  F        11215.77
DP   3  14 11 0  F        11290.07
DP   3  14 11 1  F        11369.56
DP   3  14 12 0  F        11426.40
DP   3  14 12 1  F        11444.15
DP   3  14 13 0  F        11459.79
DP   3  14 13 1  F        11509.51
DP   3  14 14 0  F        11572.70
DP   3  14 14 1  F        11621.43
DP   3  14 15 0  F        11654.97
DP   3  14 15 1  F        11678.78
DP   3  14 16 0  F        11695.61
DP   3  14 16 1  F        11703.39
DP   3  14 17 0  F        11683.31
DP   3  14 17 1  F        11660.34
DP   3  14 18 0  F        11851.39
DP   3  14 18 1  F        12399.42
DP   3  14 19 0  F        12959.70
DP   3  14 19 1  F        13183.65
DP   3  14 20 0  F        13195.06
DP   3  14 20 1  F        13198.18
DP   3  14 21 0  F        13246.69
DP   3  14 21 1  F        13342.79
DP   3  14 22 0  F        13433.14
DP   3  14 22 1  F        13467.82
DP   3  14 23 0  F        13466.03
DP   3  14 23 1  F        13464.23
DP   4  14 00 0  F        7491.40
DP   4  14 00 1  F        7455.17
DP   4  14 01 0  F        7417.78
DP   4  14 01 1  F        7377.23
DP   4  14 02 0  F        7328.21
DP   4  14 02 1  F        7268.02
DP   4  14 03 0  F        7207.81
DP   4  14 03 1  F        7156.23
DP   4  14 04 0  F        7097.98
DP   4  14 04 1  F        7021.95
DP   4  14 05 0  F        6957.58
DP   4  14 05 1  F        6926.50
DP   4  14 06 0  F        6878.50
DP   4  14 06 1  F        6764.57
DP   4  14 07 0  F        6612.37
DP   4  14 07 1  F        6467.64
DP   4  14 08 0  F        6371.81
DP   4  14 08 1  F        6350.39
DP   4  14 09 0  F        6369.61
DP   4  14 09 1  F        6389.43
DP   4  14 10 0  F        6404.09
DP   4  14 10 1  F        6417.29
DP   4  14 11 0  F        6436.33
DP   4  14 11 1  F        6466.24
DP   4  14 12 0  F        6499.22
DP   4  14 12 1  F        6527.70
DP   4  14 13 0  F        6557.70
DP   4  14 13 1  F        6598.04
DP   4  14 14 0  F        6655.07
DP   4  14 14 1  F        6728.52
DP   4  14 15 0  F        6793.99
DP   4  14 15 1  F        6830.78
DP   4  14 16 0  F        6857.08
DP   4  14 16 1  F        6889.03
DP   4  14 17 0  F        6895.80
DP   4  14 17 1  F        6854.82
DP   4  14 18 0  F        6823.62
DP   4  14 18 1  F        6865.12
DP   4  14 19 0  F        6983.73
DP   4  14 19 1  F        7154.74
DP   4  14 20 0  F        7295.19
DP   4  14 20 1  F        7338.40
DP   4  14 21 0  F        7340.77
DP   4  14 21 1  F        7370.74
DP   4  14 22 0  F        7421.59
DP   4  14 22 1  F        7472.44
DP   4  14 23 0  F        7520.98
DP   4  14 23 1  F        7569.51
DP   1  15 00 0  F        41903.86
DP   1  15 00 1  F        40799.83
DP   1  15 01 0  F        39782.13
DP   1  15 01 1  F        38916.63
DP   1  15 02 0  F        38187.24
DP   1  15 02 1  F        37568.26
DP   1  15 03 0  F        37077.41
DP   1  15 03 1  F        36738.28
DP   1  15 04 0  F        36554.49
DP   1  15 04 1  F        36520.29
DP   1  15 05 0  F        36612.57
DP   1  15 05 1  F        36818.49
DP   1  15 06 0  F        37183.59
DP   1  15 06 1  F        37790.42
DP   1  15 07 0  F        38810.91
DP   1  15 07 1  F        40352.99
DP   1  15 08 0  F        42179.07
DP   1  15 08 1  F        43987.73
DP   1  15 09 0  F        45567.59
DP   1  15 09 1  F        46790.82
DP   1  15 10 0  F        47773.68
DP   1  15 10 1  F        48641.14
DP   1  15 11 0  F        49309.07
DP   1  15 11 1  F        49670.34
DP   1  15 12 0  F        49734.94
DP   1  15 12 1  F        49615.52
DP   1  15 13 0  F        49718.27
DP   1  15 13 1  F        50352.32
DP   1  15 14 0  F        51144.97
DP   1  15 14 1  F        51662.86
DP   1  15 15 0  F        51911.89
DP   1  15 15 1  F        52005.56
DP   1  15 16 0  F        52048.75
DP   1  15 16 1  F        52036.73
DP   1  15 17 0  F        51535.04
DP   1  15 17 1  F        50223.33
DP   1  15 18 0  F        48667.66
DP   1  15 18 1  F        47595.80
DP   1  15 19 0  F        47496.27
DP   1  15 19 1  F        48524.43
DP   1  15 20 0  F        49742.33
DP   1  15 20 1  F        50232.48
DP   1  15 21 0  F        50252.60
DP   1  15 21 1  F        50206.39
DP   1  15 22 0  F        49906.36
DP   1  15 22 1  F        49122.17
DP   1  15 23 0  F        48043.42
DP   1  15 23 1  F        46964.67
DP   2  15 00 0  F        14452.80
DP   2  15 00 1  F        14039.22
DP   2  15 01 0  F        13667.62
DP   2  15 01 1  F        13365.69
DP   2  15 02 0  F        13103.97
DP   2  15 02 1  F        12853.35
DP   2  15 03 0  F        12643.41
DP   2  15 03 1  F        12503.64
DP   2  15 04 0  F        12404.63
DP   2  15 04 1  F        12320.32
DP   2  15 05 0  F        12297.00
DP   2  15 05 1  F        12374.17
DP   2  15 06 0  F        12491.80
DP   2  15 06 1  F        12621.24
DP   2  15 07 0  F        12958.86
DP   2  15 07 1  F        13667.35
DP   2  15 08 0  F        14549.56
DP   2  15 08 1  F        15354.94
DP   2  15 09 0  F        15979.06
DP   2  15 09 1  F        16389.54
DP   2  15 10 0  F        16695.96
DP   2  15 10 1  F        17018.76
DP   2  15 11 0  F        17380.00
DP   2  15 11 1  F        17722.16
DP   2  15 12 0  F        17767.73
DP   2  15 12 1  F        17373.68
DP   2  15 13 0  F        17154.87
DP   2  15 13 1  F        17660.78
DP   2  15 14 0  F        18421.40
DP   2  15 14 1  F        18860.44
DP   2  15 15 0  F        18995.86
DP   2  15 15 1  F        18978.97
DP   2  15 16 0  F        18900.27
DP   2  15 16 1  F        18806.56
DP   2  15 17 0  F        18630.84
DP   2  15 17 1  F        18273.90
DP   2  15 18 0  F        17621.85
DP   2  15 18 1  F        16694.43
DP   2  15 19 0  F        16060.66
DP   2  15 19 1  F        16197.43
DP   2  15 20 0  F        16663.76
DP   2  15 20 1  F        16930.43
DP   2  15 21 0  F        17033.11
DP   2  15 21 1  F        17105.60
DP   2  15 22 0  F        17109.18
DP   2  15 22 1  F        16988.20
DP   2  15 23 0  F        16791.85
DP   2  15 23 1  F        16595.49
DP   3  15 00 0  F        13724.11
DP   3  15 00 1  F        13502.13
DP   3  15 01 0  F        13287.91
DP   3  15 01 1  F        13089.90
DP   3  15 02 0  F        12919.39
DP   3  15 02 1  F        12782.40
DP   3  15 03 0  F        12661.07
DP   3  15 03 1  F        12542.75
DP   3  15 04 0  F        12459.41
DP   3  15 04 1  F        12422.23
DP   3  15 05 0  F        12314.58
DP   3  15 05 1  F        12043.31
DP   3  15 06 0  F        11736.81
DP   3  15 06 1  F        11558.66
DP   3  15 07 0  F        11591.68
DP   3  15 07 1  F        11871.39
DP   3  15 08 0  F        12324.84
DP   3  15 08 1  F        12843.96
DP   3  15 09 0  F        13288.50
DP   3  15 09 1  F        13556.14
DP   3  15 10 0  F        13728.20
DP   3  15 10 1  F        13902.26
DP   3  15 11 0  F        14057.23
DP   3  15 11 1  F        14142.77
DP   3  15 12 0  F        14110.27
DP   3  15 12 1  F        13959.09
DP   3  15 13 0  F        13878.84
DP   3  15 13 1  F        14033.55
DP   3  15 14 0  F        14294.67
DP   3  15 14 1  F        14495.88
DP   3  15 15 0  F        14612.19
DP   3  15 15 1  F        14653.44
DP   3  15 16 0  F        14627.60
DP   3  15 16 1  F        14521.41
DP   3  15 17 0  F        14238.80
DP   3  15 17 1  F        13752.43
DP   3  15 18 0  F        13392.88
DP   3  15 18 1  F        13445.59
DP   3  15 19 0  F        13657.65
DP   3  15 19 1  F        13722.65
DP   3  15 20 0  F        13658.52
DP   3  15 20 1  F        13578.45
DP   3  15 21 0  F        13652.45
DP   3  15 21 1  F        13981.04
DP   3  15 22 0  F        14329.97
DP   3  15 22 1  F        14459.10
DP   3  15 23 0  F        14439.42
DP   3  15 23 1  F        14419.74
DP   4  15 00 0  F        7440.79
DP   4  15 00 1  F        7402.36
DP   4  15 01 0  F        7358.37
DP   4  15 01 1  F        7306.05
DP   4  15 02 0  F        7253.67
DP   4  15 02 1  F        7208.62
DP   4  15 03 0  F        7163.57
DP   4  15 03 1  F        7108.95
DP   4  15 04 0  F        7040.81
DP   4  15 04 1  F        6963.57
DP   4  15 05 0  F        6909.50
DP   4  15 05 1  F        6897.20
DP   4  15 06 0  F        6862.65
DP   4  15 06 1  F        6749.48
DP   4  15 07 0  F        6614.47
DP   4  15 07 1  F        6534.51
DP   4  15 08 0  F        6553.60
DP   4  15 08 1  F        6686.72
DP   4  15 09 0  F        6865.68
DP   4  15 09 1  F        7016.08
DP   4  15 10 0  F        7122.05
DP   4  15 10 1  F        7186.91
DP   4  15 11 0  F        7232.29
DP   4  15 11 1  F        7275.40
DP   4  15 12 0  F        7297.66
DP   4  15 12 1  F        7286.40
DP   4  15 13 0  F        7288.53
DP   4  15 13 1  F        7351.10
DP   4  15 14 0  F        7462.21
DP   4  15 14 1  F        7591.39
DP   4  15 15 0  F        7692.95
DP   4  15 15 1  F        7731.56
DP   4  15 16 0  F        7728.48
DP   4  15 16 1  F        7707.08
DP   4  15 17 0  F        7642.34
DP   4  15 17 1  F        7511.23
DP   4  15 18 0  F        7346.98
DP   4  15 18 1  F        7202.80
DP   4  15 19 0  F        7155.57
DP   4  15 19 1  F        7250.83
DP   4  15 20 0  F        7385.18
DP   4  15 20 1  F        7452.55
DP   4  15 21 0  F        7484.99
DP   4  15 21 1  F        7534.82
DP   4  15 22 0  F        7597.11
DP   4  15 22 1  F        7656.41
DP   4  15 23 0  F        7712.33
DP   4  15 23 1  F        7768.26
DP   1  16 00 0  F        45892.21
DP   1  16 00 1  F        44469.90
DP   1  16 01 0  F        43168.12
DP   1  16 01 1  F        42082.51
DP   1  16 02 0  F        41209.12
DP   1  16 02 1  F        40514.89
DP   1  16 03 0  F        39949.91
DP   1  16 03 1  F        39481.83
DP   1  16 04 0  F        39165.43
DP   1  16 04 1  F        39052.46
DP   1  16 05 0  F        39095.48
DP   1  16 05 1  F        39237.30
DP   1  16 06 0  F        39481.02
DP   1  16 06 1  F        39893.38
DP   1  16 07 0  F        40735.25
DP   1  16 07 1  F        42198.42
DP   1  16 08 0  F        44004.24
DP   1  16 08 1  F        45790.28
DP   1  16 09 0  F        47329.69
DP   1  16 09 1  F        48496.80
DP   1  16 10 0  F        49435.29
DP   1  16 10 1  F        50285.45
DP   1  16 11 0  F        50904.65
DP   1  16 11 1  F        51143.85
DP   1  16 12 0  F        51111.23
DP   1  16 12 1  F        51011.87
DP   1  16 13 0  F        51181.05
DP   1  16 13 1  F        51842.94
DP   1  16 14 0  F        52647.07
DP   1  16 14 1  F        53195.15
DP   1  16 15 0  F        53472.47
DP   1  16 15 1  F        53565.79
DP   1  16 16 0  F        53584.27
DP   1  16 16 1  F        53528.89
DP   1  16 17 0  F        52945.48
DP   1  16 17 1  F        51503.28
DP   1  16 18 0  F        49820.02
DP   1  16 18 1  F        48667.87
DP   1  16 19 0  F        48488.18
DP   1  16 19 1  F        49391.55
DP   1  16 20 0  F        50496.62
DP   1  16 20 1  F        50948.62
DP   1  16 21 0  F        50991.01
DP   1  16 21 1  F        50995.95
DP   1  16 22 0  F        50752.09
DP   1  16 22 1  F        50012.26
DP   1  16 23 0  F        48969.41
DP   1  16 23 1  F        47926.57
DP   2  16 00 0  F        16172.96
DP   2  16 00 1  F        15615.68
DP   2  16 01 0  F        15107.95
DP   2  16 01 1  F        14685.07
DP   2  16 02 0  F        14325.36
DP   2  16 02 1  F        14003.03
DP   2  16 03 0  F        13733.10
DP   2  16 03 1  F        13532.33
DP   2  16 04 0  F        13383.85
DP   2  16 04 1  F        13274.20
DP   2  16 05 0  F        13237.37
DP   2  16 05 1  F        13298.11
DP   2  16 06 0  F        13396.75
DP   2  16 06 1  F        13507.39
DP   2  16 07 0  F        13823.70
DP   2  16 07 1  F        14510.33
DP   2  16 08 0  F        15396.33
DP   2  16 08 1  F        16247.28
DP   2  16 09 0  F        16910.64
DP   2  16 09 1  F        17311.44
DP   2  16 10 0  F        17603.26
DP   2  16 10 1  F        17950.29
DP   2  16 11 0  F        18330.52
DP   2  16 11 1  F        18640.41
DP   2  16 12 0  F        18636.19
DP   2  16 12 1  F        18218.20
DP   2  16 13 0  F        18003.35
DP   2  16 13 1  F        18529.24
DP   2  16 14 0  F        19299.69
DP   2  16 14 1  F        19717.49
DP   2  16 15 0  F        19814.96
DP   2  16 15 1  F        19762.04
DP   2  16 16 0  F        19649.57
DP   2  16 16 1  F        19519.72
DP   2  16 17 0  F        19299.05
DP   2  16 17 1  F        18886.44
DP   2  16 18 0  F        18185.49
DP   2  16 18 1  F        17226.82
DP   2  16 19 0  F        16544.29
DP   2  16 19 1  F        16588.15
DP   2  16 20 0  F        16970.90
DP   2  16 20 1  F        17217.84
DP   2  16 21 0  F        17343.04
DP   2  16 21 1  F        17444.99
DP   2  16 22 0  F        17471.27
DP   2  16 22 1  F        17360.54
DP   2  16 23 0  F        17166.88
DP   2  16 23 1  F        16973.22
DP   3  16 00 0  F        14268.95
DP   3  16 00 1  F        14025.95
DP   3  16 01 0  F        13789.21
DP   3  16 01 1  F        13566.50
DP   3  16 02 0  F        13371.47
DP   3  16 02 1  F        13213.15
DP   3  16 03 0  F        13076.14
DP   3  16 03 1  F        12950.64
DP   3  16 04 0  F        12873.67
DP   3  16 04 1  F        12855.76
DP   3  16 05 0  F        12754.83
DP   3  16 05 1  F        12455.56
DP   3  16 06 0  F        12102.37
DP   3  16 06 1  F        11881.23
DP   3  16 07 0  F        11884.66
DP   3  16 07 1  F        12151.07
DP   3  16 08 0  F        12595.90
DP   3  16 08 1  F        13100.41
DP   3  16 09 0  F        13532.08
DP   3  16 09 1  F        13795.98
DP   3  16 10 0  F        13961.12
DP   3  16 10 1  F        14115.36
DP   3  16 11 0  F        14257.68
DP   3  16 11 1  F        14355.51
DP   3  16 12 0  F        14338.75
DP   3  16 12 1  F        14182.59
DP   3  16 13 0  F        14080.87
DP   3  16 13 1  F        14209.46
DP   3  16 14 0  F        14453.68
DP   3  16 14 1  F        14656.33
DP   3  16 15 0  F        14780.74
DP   3  16 15 1  F        14823.38
DP   3  16 16 0  F        14792.82
DP   3  16 16 1  F        14678.96
DP   3  16 17 0  F        14384.84
DP   3  16 17 1  F        13881.99
DP   3  16 18 0  F        13502.78
DP   3  16 18 1  F        13536.97
DP   3  16 19 0  F        13743.08
DP   3  16 19 1  F        13822.70
DP   3  16 20 0  F        13780.71
DP   3  16 20 1  F        13712.68
DP   3  16 21 0  F        13773.51
DP   3  16 21 1  F        14058.75
DP   3  16 22 0  F        14367.31
DP   3  16 22 1  F        14490.82
DP   3  16 23 0  F        14488.38
DP   3  16 23 1  F        14485.93
DP   4  16 00 0  F        7811.00
DP   4  16 00 1  F        7758.25
DP   4  16 01 0  F        7700.33
DP   4  16 01 1  F        7634.75
DP   4  16 02 0  F        7569.73
DP   4  16 02 1  F        7511.80
DP   4  16 03 0  F        7450.29
DP   4  16 03 1  F        7374.27
DP   4  16 04 0  F        7288.94
DP   4  16 04 1  F        7206.82
DP   4  16 05 0  F        7153.34
DP   4  16 05 1  F        7137.97
DP   4  16 06 0  F        7093.36
DP   4  16 06 1  F        6963.14
DP   4  16 07 0  F        6811.77
DP   4  16 07 1  F        6723.94
DP   4  16 08 0  F        6744.43
DP   4  16 08 1  F        6885.00
DP   4  16 09 0  F        7065.24
DP   4  16 09 1  F        7202.86
DP   4  16 10 0  F        7300.42
DP   4  16 10 1  F        7377.77
DP   4  16 11 0  F        7439.22
DP   4  16 11 1  F        7482.02
DP   4  16 12 0  F        7490.61
DP   4  16 12 1  F        7461.79
DP   4  16 13 0  F        7454.35
DP   4  16 13 1  F        7524.44
DP   4  16 14 0  F        7655.48
DP   4  16 14 1  F        7808.80
DP   4  16 15 0  F        7930.20
DP   4  16 15 1  F        7978.23
DP   4  16 16 0  F        7978.15
DP   4  16 16 1  F        7957.46
DP   4  16 17 0  F        7885.96
DP   4  16 17 1  F        7737.42
DP   4  16 18 0  F        7559.24
DP   4  16 18 1  F        7417.20
DP   4  16 19 0  F        7376.88
DP   4  16 19 1  F        7471.03
DP   4  16 20 0  F        7601.12
DP   4  16 20 1  F        7667.81
DP   4  16 21 0  F        7699.56
DP   4  16 21 1  F        7744.02
DP   4  16 22 0  F        7797.64
DP   4  16 22 1  F        7847.41
DP   4  16 23 0  F        7893.60
DP   4  16 23 1  F        7939.78
