&   CARGA
&
&   ss  di hi m df hf m Demanda
&X  XX  XX XX X XX XX X XXXXXXXXXX
DP   1  13 00 0  F        45805.61
DP   1  13 00 1  F        44595.23
DP   1  13 01 0  F        43456.52
DP   1  13 01 1  F        42445.85
DP   1  13 02 0  F        41558.45
DP   1  13 02 1  F        40780.88
DP   1  13 03 0  F        40126.20
DP   1  13 03 1  F        39613.07
DP   1  13 04 0  F        39256.00
DP   1  13 04 1  F        39045.31
DP   1  13 05 0  F        38878.70
DP   1  13 05 1  F        38653.36
DP   1  13 06 0  F        38357.02
DP   1  13 06 1  F        38064.14
DP   1  13 07 0  F        38105.39
DP   1  13 07 1  F        38744.55
DP   1  13 08 0  F        39721.67
DP   1  13 08 1  F        40700.99
DP   1  13 09 0  F        41567.20
DP   1  13 09 1  F        42277.34
DP   1  13 10 0  F        42857.34
DP   1  13 10 1  F        43330.86
DP   1  13 11 0  F        43643.52
DP   1  13 11 1  F        43757.28
DP   1  13 12 0  F        43777.59
DP   1  13 12 1  F        43811.68
DP   1  13 13 0  F        43830.69
DP   1  13 13 1  F        43785.64
DP   1  13 14 0  F        43683.16
DP   1  13 14 1  F        43550.01
DP   1  13 15 0  F        43437.69
DP   1  13 15 1  F        43387.64
DP   1  13 16 0  F        43376.34
DP   1  13 16 1  F        43370.22
DP   1  13 17 0  F        43360.61
DP   1  13 17 1  F        43365.00
DP   1  13 18 0  F        43480.68
DP   1  13 18 1  F        43842.46
DP   1  13 19 0  F        44655.52
DP   1  13 19 1  F        45956.27
DP   1  13 20 0  F        47035.72
DP   1  13 20 1  F        47231.66
DP   1  13 21 0  F        46814.45
DP   1  13 21 1  F        46199.59
DP   1  13 22 0  F        45450.85
DP   1  13 22 1  F        44561.22
DP   1  13 23 0  F        43592.55
DP   1  13 23 1  F        42623.87
DP   2  13 00 0  F        14345.73
DP   2  13 00 1  F        13834.71
DP   2  13 01 0  F        13373.19
DP   2  13 01 1  F        12995.90
DP   2  13 02 0  F        12678.53
DP   2  13 02 1  F        12391.52
DP   2  13 03 0  F        12143.43
DP   2  13 03 1  F        11949.22
DP   2  13 04 0  F        11811.23
DP   2  13 04 1  F        11725.42
DP   2  13 05 0  F        11674.72
DP   2  13 05 1  F        11635.68
DP   2  13 06 0  F        11572.25
DP   2  13 06 1  F        11487.51
DP   2  13 07 0  F        11553.57
DP   2  13 07 1  F        11907.61
DP   2  13 08 0  F        12378.15
DP   2  13 08 1  F        12762.72
DP   2  13 09 0  F        13043.68
DP   2  13 09 1  F        13250.17
DP   2  13 10 0  F        13413.79
DP   2  13 10 1  F        13568.46
DP   2  13 11 0  F        13754.75
DP   2  13 11 1  F        13975.33
DP   2  13 12 0  F        14074.37
DP   2  13 12 1  F        13934.86
DP   2  13 13 0  F        13753.66
DP   2  13 13 1  F        13737.90
DP   2  13 14 0  F        13822.04
DP   2  13 14 1  F        13889.01
DP   2  13 15 0  F        13888.32
DP   2  13 15 1  F        13809.06
DP   2  13 16 0  F        13732.20
DP   2  13 16 1  F        13737.60
DP   2  13 17 0  F        13808.82
DP   2  13 17 1  F        13899.39
DP   2  13 18 0  F        13938.87
DP   2  13 18 1  F        13902.33
DP   2  13 19 0  F        13970.59
DP   2  13 19 1  F        14290.43
DP   2  13 20 0  F        14666.65
DP   2  13 20 1  F        14865.14
DP   2  13 21 0  F        14838.36
DP   2  13 21 1  F        14603.79
DP   2  13 22 0  F        14252.51
DP   2  13 22 1  F        13876.34
DP   2  13 23 0  F        13496.55
DP   2  13 23 1  F        13116.76
DP   3  13 00 0  F        13827.90
DP   3  13 00 1  F        13632.47
DP   3  13 01 0  F        13436.47
DP   3  13 01 1  F        13243.36
DP   3  13 02 0  F        13072.72
DP   3  13 02 1  F        12938.01
DP   3  13 03 0  F        12811.99
DP   3  13 03 1  F        12674.06
DP   3  13 04 0  F        12570.95
DP   3  13 04 1  F        12527.66
DP   3  13 05 0  F        12415.12
DP   3  13 05 1  F        12120.18
DP   3  13 06 0  F        11747.68
DP   3  13 06 1  F        11443.31
DP   3  13 07 0  F        11298.35
DP   3  13 07 1  F        11362.11
DP   3  13 08 0  F        11570.43
DP   3  13 08 1  F        11830.38
DP   3  13 09 0  F        12047.40
DP   3  13 09 1  F        12157.86
DP   3  13 10 0  F        12223.25
DP   3  13 10 1  F        12314.41
DP   3  13 11 0  F        12414.17
DP   3  13 11 1  F        12484.99
DP   3  13 12 0  F        12495.74
DP   3  13 12 1  F        12437.73
DP   3  13 13 0  F        12385.61
DP   3  13 13 1  F        12407.70
DP   3  13 14 0  F        12463.83
DP   3  13 14 1  F        12500.41
DP   3  13 15 0  F        12518.76
DP   3  13 15 1  F        12527.51
DP   3  13 16 0  F        12509.50
DP   3  13 16 1  F        12446.64
DP   3  13 17 0  F        12342.85
DP   3  13 17 1  F        12245.92
DP   3  13 18 0  F        12357.20
DP   3  13 18 1  F        12810.02
DP   3  13 19 0  F        13312.10
DP   3  13 19 1  F        13555.27
DP   3  13 20 0  F        13593.33
DP   3  13 20 1  F        13558.20
DP   3  13 21 0  F        13532.17
DP   3  13 21 1  F        13561.87
DP   3  13 22 0  F        13600.71
DP   3  13 22 1  F        13595.55
DP   3  13 23 0  F        13560.03
DP   3  13 23 1  F        13524.51
DP   4  13 00 0  F        7820.66
DP   4  13 00 1  F        7778.20
DP   4  13 01 0  F        7727.50
DP   4  13 01 1  F        7664.20
DP   4  13 02 0  F        7599.45
DP   4  13 02 1  F        7543.24
DP   4  13 03 0  F        7485.51
DP   4  13 03 1  F        7414.86
DP   4  13 04 0  F        7334.72
DP   4  13 04 1  F        7254.66
DP   4  13 05 0  F        7194.31
DP   4  13 05 1  F        7161.63
DP   4  13 06 0  F        7108.05
DP   4  13 06 1  F        6990.85
DP   4  13 07 0  F        6847.40
DP   4  13 07 1  F        6731.54
DP   4  13 08 0  F        6683.18
DP   4  13 08 1  F        6721.71
DP   4  13 09 0  F        6798.48
DP   4  13 09 1  F        6862.55
DP   4  13 10 0  F        6921.89
DP   4  13 10 1  F        6991.11
DP   4  13 11 0  F        7052.42
DP   4  13 11 1  F        7084.99
DP   4  13 12 0  F        7087.91
DP   4  13 12 1  F        7070.40
DP   4  13 13 0  F        7062.18
DP   4  13 13 1  F        7089.66
DP   4  13 14 0  F        7145.70
DP   4  13 14 1  F        7213.17
DP   4  13 15 0  F        7268.72
DP   4  13 15 1  F        7292.47
DP   4  13 16 0  F        7284.65
DP   4  13 16 1  F        7249.98
DP   4  13 17 0  F        7190.80
DP   4  13 17 1  F        7114.67
DP   4  13 18 0  F        7052.22
DP   4  13 18 1  F        7038.40
DP   4  13 19 0  F        7102.20
DP   4  13 19 1  F        7248.88
DP   4  13 20 0  F        7394.68
DP   4  13 20 1  F        7460.15
DP   4  13 21 0  F        7472.16
DP   4  13 21 1  F        7477.04
DP   4  13 22 0  F        7492.49
DP   4  13 22 1  F        7525.54
DP   4  13 23 0  F        7569.15
DP   4  13 23 1  F        7612.77
DP   1  14 00 0  F        41398.69
DP   1  14 00 1  F        40338.16
DP   1  14 01 0  F        39336.18
DP   1  14 01 1  F        38439.01
DP   1  14 02 0  F        37643.69
DP   1  14 02 1  F        36939.87
DP   1  14 03 0  F        36336.77
DP   1  14 03 1  F        35847.54
DP   1  14 04 0  F        35481.40
DP   1  14 04 1  F        35224.37
DP   1  14 05 0  F        34973.59
DP   1  14 05 1  F        34626.12
DP   1  14 06 0  F        34167.53
DP   1  14 06 1  F        33667.94
DP   1  14 07 0  F        33447.24
DP   1  14 07 1  F        33765.41
DP   1  14 08 0  F        34393.05
DP   1  14 08 1  F        35036.89
DP   1  14 09 0  F        35637.62
DP   1  14 09 1  F        36197.51
DP   1  14 10 0  F        36730.97
DP   1  14 10 1  F        37248.58
DP   1  14 11 0  F        37733.30
DP   1  14 11 1  F        38160.46
DP   1  14 12 0  F        38502.48
DP   1  14 12 1  F        38734.46
DP   1  14 13 0  F        38844.99
DP   1  14 13 1  F        38838.12
DP   1  14 14 0  F        38766.04
DP   1  14 14 1  F        38691.34
DP   1  14 15 0  F        38669.95
DP   1  14 15 1  F        38750.09
DP   1  14 16 0  F        38955.61
DP   1  14 16 1  F        39289.03
DP   1  14 17 0  F        39691.85
DP   1  14 17 1  F        40100.85
DP   1  14 18 0  F        40494.87
DP   1  14 18 1  F        40933.34
DP   1  14 19 0  F        41756.05
DP   1  14 19 1  F        43148.24
DP   1  14 20 0  F        44396.79
DP   1  14 20 1  F        44812.40
DP   1  14 21 0  F        44699.56
DP   1  14 21 1  F        44495.61
DP   1  14 22 0  F        44175.68
DP   1  14 22 1  F        43644.08
DP   1  14 23 0  F        42984.26
DP   1  14 23 1  F        42324.44
DP   2  14 00 0  F        13424.15
DP   2  14 00 1  F        12959.84
DP   2  14 01 0  F        12543.52
DP   2  14 01 1  F        12208.19
DP   2  14 02 0  F        11926.85
DP   2  14 02 1  F        11666.40
DP   2  14 03 0  F        11429.20
DP   2  14 03 1  F        11227.37
DP   2  14 04 0  F        11076.57
DP   2  14 04 1  F        10982.90
DP   2  14 05 0  F        10910.68
DP   2  14 05 1  F        10817.83
DP   2  14 06 0  F        10678.34
DP   2  14 06 1  F        10508.33
DP   2  14 07 0  F        10476.24
DP   2  14 07 1  F        10716.05
DP   2  14 08 0  F        11071.67
DP   2  14 08 1  F        11360.25
DP   2  14 09 0  F        11581.88
DP   2  14 09 1  F        11778.62
DP   2  14 10 0  F        11977.41
DP   2  14 10 1  F        12199.74
DP   2  14 11 0  F        12460.31
DP   2  14 11 1  F        12744.51
DP   2  14 12 0  F        12927.26
DP   2  14 12 1  F        12917.67
DP   2  14 13 0  F        12872.17
DP   2  14 13 1  F        12951.70
DP   2  14 14 0  F        13087.91
DP   2  14 14 1  F        13179.72
DP   2  14 15 0  F        13224.41
DP   2  14 15 1  F        13243.98
DP   2  14 16 0  F        13260.79
DP   2  14 16 1  F        13300.12
DP   2  14 17 0  F        13398.67
DP   2  14 17 1  F        13563.49
DP   2  14 18 0  F        13671.75
DP   2  14 18 1  F        13648.54
DP   2  14 19 0  F        13740.27
DP   2  14 19 1  F        14159.70
DP   2  14 20 0  F        14663.56
DP   2  14 20 1  F        14961.54
DP   2  14 21 0  F        15031.44
DP   2  14 21 1  F        14924.58
DP   2  14 22 0  F        14718.27
DP   2  14 22 1  F        14483.66
DP   2  14 23 0  F        14241.23
DP   2  14 23 1  F        13998.81
DP   3  14 00 0  F        13458.94
DP   3  14 00 1  F        13273.57
DP   3  14 01 0  F        13097.61
DP   3  14 01 1  F        12937.53
DP   3  14 02 0  F        12788.24
DP   3  14 02 1  F        12642.64
DP   3  14 03 0  F        12497.42
DP   3  14 03 1  F        12357.07
DP   3  14 04 0  F        12253.61
DP   3  14 04 1  F        12194.63
DP   3  14 05 0  F        12062.33
DP   3  14 05 1  F        11755.07
DP   3  14 06 0  F        11361.17
DP   3  14 06 1  F        11006.88
DP   3  14 07 0  F        10780.24
DP   3  14 07 1  F        10730.39
DP   3  14 08 0  F        10788.84
DP   3  14 08 1  F        10870.26
DP   3  14 09 0  F        10939.38
DP   3  14 09 1  F        10981.61
DP   3  14 10 0  F        11014.91
DP   3  14 10 1  F        11061.36
DP   3  14 11 0  F        11127.16
DP   3  14 11 1  F        11208.04
DP   3  14 12 0  F        11273.86
DP   3  14 12 1  F        11299.96
DP   3  14 13 0  F        11309.62
DP   3  14 13 1  F        11330.76
DP   3  14 14 0  F        11362.05
DP   3  14 14 1  F        11395.20
DP   3  14 15 0  F        11423.29
DP   3  14 15 1  F        11442.40
DP   3  14 16 0  F        11459.16
DP   3  14 16 1  F        11474.04
DP   3  14 17 0  F        11452.60
DP   3  14 17 1  F        11407.04
DP   3  14 18 0  F        11571.05
DP   3  14 18 1  F        12109.77
DP   3  14 19 0  F        12692.59
DP   3  14 19 1  F        12974.14
DP   3  14 20 0  F        13045.77
DP   3  14 20 1  F        13077.87
DP   3  14 21 0  F        13120.05
DP   3  14 21 1  F        13182.94
DP   3  14 22 0  F        13241.86
DP   3  14 22 1  F        13272.05
DP   3  14 23 0  F        13283.52
DP   3  14 23 1  F        13294.98
DP   4  14 00 0  F        7561.00
DP   4  14 00 1  F        7514.93
DP   4  14 01 0  F        7462.17
DP   4  14 01 1  F        7400.01
DP   4  14 02 0  F        7341.59
DP   4  14 02 1  F        7297.78
DP   4  14 03 0  F        7254.42
DP   4  14 03 1  F        7195.76
DP   4  14 04 0  F        7124.56
DP   4  14 04 1  F        7049.81
DP   4  14 05 0  F        6986.94
DP   4  14 05 1  F        6943.21
DP   4  14 06 0  F        6886.81
DP   4  14 06 1  F        6786.43
DP   4  14 07 0  F        6651.67
DP   4  14 07 1  F        6507.94
DP   4  14 08 0  F        6402.93
DP   4  14 08 1  F        6372.04
DP   4  14 09 0  F        6379.28
DP   4  14 09 1  F        6382.90
DP   4  14 10 0  F        6389.37
DP   4  14 10 1  F        6412.45
DP   4  14 11 0  F        6446.66
DP   4  14 11 1  F        6482.38
DP   4  14 12 0  F        6512.65
DP   4  14 12 1  F        6532.92
DP   4  14 13 0  F        6545.84
DP   4  14 13 1  F        6558.37
DP   4  14 14 0  F        6587.56
DP   4  14 14 1  F        6644.59
DP   4  14 15 0  F        6707.03
DP   4  14 15 1  F        6750.04
DP   4  14 16 0  F        6772.79
DP   4  14 16 1  F        6778.52
DP   4  14 17 0  F        6762.74
DP   4  14 17 1  F        6727.85
DP   4  14 18 0  F        6711.43
DP   4  14 18 1  F        6752.74
DP   4  14 19 0  F        6862.44
DP   4  14 19 1  F        7027.71
DP   4  14 20 0  F        7170.27
DP   4  14 20 1  F        7223.40
DP   4  14 21 0  F        7232.23
DP   4  14 21 1  F        7256.33
DP   4  14 22 0  F        7301.52
DP   4  14 22 1  F        7360.28
DP   4  14 23 0  F        7425.76
DP   4  14 23 1  F        7491.24
DP   1  15 00 0  F        41503.18
DP   1  15 00 1  F        40354.99
DP   1  15 01 0  F        39312.60
DP   1  15 01 1  F        38454.85
DP   1  15 02 0  F        37752.71
DP   1  15 02 1  F        37162.94
DP   1  15 03 0  F        36693.29
DP   1  15 03 1  F        36362.74
DP   1  15 04 0  F        36184.09
DP   1  15 04 1  F        36161.58
DP   1  15 05 0  F        36271.16
DP   1  15 05 1  F        36500.95
DP   1  15 06 0  F        36915.87
DP   1  15 06 1  F        37607.64
DP   1  15 07 0  F        38698.38
DP   1  15 07 1  F        40248.10
DP   1  15 08 0  F        42038.01
DP   1  15 08 1  F        43798.24
DP   1  15 09 0  F        45333.56
DP   1  15 09 1  F        46525.19
DP   1  15 10 0  F        47485.55
DP   1  15 10 1  F        48334.46
DP   1  15 11 0  F        48990.09
DP   1  15 11 1  F        49344.83
DP   1  15 12 0  F        49389.75
DP   1  15 12 1  F        49220.67
DP   1  15 13 0  F        49253.95
DP   1  15 13 1  F        49813.77
DP   1  15 14 0  F        50534.91
DP   1  15 14 1  F        50990.62
DP   1  15 15 0  F        51197.23
DP   1  15 15 1  F        51275.89
DP   1  15 16 0  F        51323.89
DP   1  15 16 1  F        51331.88
DP   1  15 17 0  F        50887.93
DP   1  15 17 1  F        49684.15
DP   1  15 18 0  F        48231.50
DP   1  15 18 1  F        47212.02
DP   1  15 19 0  F        47173.20
DP   1  15 19 1  F        48322.45
DP   1  15 20 0  F        49641.23
DP   1  15 20 1  F        50129.74
DP   1  15 21 0  F        50089.04
DP   1  15 21 1  F        49983.78
DP   1  15 22 0  F        49632.14
DP   1  15 22 1  F        48797.06
DP   1  15 23 0  F        47667.05
DP   1  15 23 1  F        46537.05
DP   2  15 00 0  F        14319.27
DP   2  15 00 1  F        13891.73
DP   2  15 01 0  F        13506.94
DP   2  15 01 1  F        13196.05
DP   2  15 02 0  F        12943.91
DP   2  15 02 1  F        12728.42
DP   2  15 03 0  F        12546.07
DP   2  15 03 1  F        12398.71
DP   2  15 04 0  F        12291.18
DP   2  15 04 1  F        12232.67
DP   2  15 05 0  F        12246.73
DP   2  15 05 1  F        12345.69
DP   2  15 06 0  F        12482.48
DP   2  15 06 1  F        12643.33
DP   2  15 07 0  F        13006.93
DP   2  15 07 1  F        13713.46
DP   2  15 08 0  F        14556.44
DP   2  15 08 1  F        15288.49
DP   2  15 09 0  F        15845.21
DP   2  15 09 1  F        16228.65
DP   2  15 10 0  F        16523.81
DP   2  15 10 1  F        16820.11
DP   2  15 11 0  F        17141.95
DP   2  15 11 1  F        17443.80
DP   2  15 12 0  F        17465.77
DP   2  15 12 1  F        17068.62
DP   2  15 13 0  F        16810.40
DP   2  15 13 1  F        17196.93
DP   2  15 14 0  F        17828.09
DP   2  15 14 1  F        18200.91
DP   2  15 15 0  F        18306.86
DP   2  15 15 1  F        18259.74
DP   2  15 16 0  F        18168.18
DP   2  15 16 1  F        18102.01
DP   2  15 17 0  F        17981.09
DP   2  15 17 1  F        17697.75
DP   2  15 18 0  F        17184.24
DP   2  15 18 1  F        16477.16
DP   2  15 19 0  F        15990.57
DP   2  15 19 1  F        16073.06
DP   2  15 20 0  F        16433.79
DP   2  15 20 1  F        16702.04
DP   2  15 21 0  F        16826.93
DP   2  15 21 1  F        16833.26
DP   2  15 22 0  F        16728.73
DP   2  15 22 1  F        16525.14
DP   2  15 23 0  F        16267.82
DP   2  15 23 1  F        16010.51
DP   3  15 00 0  F        13325.50
DP   3  15 00 1  F        13108.90
DP   3  15 01 0  F        12901.04
DP   3  15 01 1  F        12710.95
DP   3  15 02 0  F        12548.85
DP   3  15 02 1  F        12418.97
DP   3  15 03 0  F        12300.37
DP   3  15 03 1  F        12179.03
DP   3  15 04 0  F        12093.72
DP   3  15 04 1  F        12062.80
DP   3  15 05 0  F        11970.12
DP   3  15 05 1  F        11719.97
DP   3  15 06 0  F        11432.98
DP   3  15 06 1  F        11266.48
DP   3  15 07 0  F        11308.33
DP   3  15 07 1  F        11600.73
DP   3  15 08 0  F        12072.79
DP   3  15 08 1  F        12615.42
DP   3  15 09 0  F        13079.62
DP   3  15 09 1  F        13354.79
DP   3  15 10 0  F        13523.80
DP   3  15 10 1  F        13689.32
DP   3  15 11 0  F        13839.94
DP   3  15 11 1  F        13932.31
DP   3  15 12 0  F        13909.63
DP   3  15 12 1  F        13760.15
DP   3  15 13 0  F        13665.83
DP   3  15 13 1  F        13788.98
DP   3  15 14 0  F        14019.47
DP   3  15 14 1  F        14206.95
DP   3  15 15 0  F        14312.52
DP   3  15 15 1  F        14331.93
DP   3  15 16 0  F        14287.89
DP   3  15 16 1  F        14182.68
DP   3  15 17 0  F        13909.67
DP   3  15 17 1  F        13426.93
DP   3  15 18 0  F        13059.95
DP   3  15 18 1  F        13096.99
DP   3  15 19 0  F        13309.93
DP   3  15 19 1  F        13411.68
DP   3  15 20 0  F        13395.65
DP   3  15 20 1  F        13343.74
DP   3  15 21 0  F        13411.29
DP   3  15 21 1  F        13696.68
DP   3  15 22 0  F        13996.93
DP   3  15 22 1  F        14102.08
DP   3  15 23 0  F        14075.50
DP   3  15 23 1  F        14048.93
DP   4  15 00 0  F        7480.34
DP   4  15 00 1  F        7440.53
DP   4  15 01 0  F        7390.11
DP   4  15 01 1  F        7325.20
DP   4  15 02 0  F        7268.85
DP   4  15 02 1  F        7239.26
DP   4  15 03 0  F        7208.08
DP   4  15 03 1  F        7145.93
DP   4  15 04 0  F        7065.58
DP   4  15 04 1  F        6989.53
DP   4  15 05 0  F        6936.71
DP   4  15 05 1  F        6913.15
DP   4  15 06 0  F        6876.79
DP   4  15 06 1  F        6790.79
DP   4  15 07 0  F        6687.38
DP   4  15 07 1  F        6615.16
DP   4  15 08 0  F        6619.32
DP   4  15 08 1  F        6725.04
DP   4  15 09 0  F        6880.92
DP   4  15 09 1  F        7026.73
DP   4  15 10 0  F        7143.35
DP   4  15 10 1  F        7225.40
DP   4  15 11 0  F        7281.29
DP   4  15 11 1  F        7318.91
DP   4  15 12 0  F        7330.25
DP   4  15 12 1  F        7313.25
DP   4  15 13 0  F        7305.44
DP   4  15 13 1  F        7344.55
DP   4  15 14 0  F        7429.48
DP   4  15 14 1  F        7543.06
DP   4  15 15 0  F        7642.62
DP   4  15 15 1  F        7691.07
DP   4  15 16 0  F        7699.22
DP   4  15 16 1  F        7680.96
DP   4  15 17 0  F        7614.48
DP   4  15 17 1  F        7481.43
DP   4  15 18 0  F        7312.76
DP   4  15 18 1  F        7159.19
DP   4  15 19 0  F        7101.27
DP   4  15 19 1  F        7189.25
DP   4  15 20 0  F        7322.64
DP   4  15 20 1  F        7395.37
DP   4  15 21 0  F        7429.73
DP   4  15 21 1  F        7470.98
DP   4  15 22 0  F        7527.71
DP   4  15 22 1  F        7598.24
DP   4  15 23 0  F        7676.25
DP   4  15 23 1  F        7754.26
DP   1  16 00 0  F        45417.33
DP   1  16 00 1  F        43969.28
DP   1  16 01 0  F        42657.50
DP   1  16 01 1  F        41586.05
DP   1  16 02 0  F        40730.29
DP   1  16 02 1  F        40039.16
DP   1  16 03 0  F        39484.78
DP   1  16 03 1  F        39054.75
DP   1  16 04 0  F        38775.66
DP   1  16 04 1  F        38671.74
DP   1  16 05 0  F        38718.76
DP   1  16 05 1  F        38886.62
DP   1  16 06 0  F        39169.93
DP   1  16 06 1  F        39620.43
DP   1  16 07 0  F        40493.36
DP   1  16 07 1  F        41974.92
DP   1  16 08 0  F        43771.46
DP   1  16 08 1  F        45512.82
DP   1  16 09 0  F        47002.66
DP   1  16 09 1  F        48143.72
DP   1  16 10 0  F        49061.32
DP   1  16 10 1  F        49878.00
DP   1  16 11 0  F        50482.45
DP   1  16 11 1  F        50750.61
DP   1  16 12 0  F        50741.16
DP   1  16 12 1  F        50609.33
DP   1  16 13 0  F        50713.65
DP   1  16 13 1  F        51312.51
DP   1  16 14 0  F        52060.44
DP   1  16 14 1  F        52560.71
DP   1  16 15 0  F        52815.50
DP   1  16 15 1  F        52922.75
DP   1  16 16 0  F        52964.56
DP   1  16 16 1  F        52920.27
DP   1  16 17 0  F        52373.96
DP   1  16 17 1  F        51026.33
DP   1  16 18 0  F        49439.78
DP   1  16 18 1  F        48337.61
DP   1  16 19 0  F        48225.07
DP   1  16 19 1  F        49267.44
DP   1  16 20 0  F        50488.32
DP   1  16 20 1  F        50937.13
DP   1  16 21 0  F        50908.27
DP   1  16 21 1  F        50844.97
DP   1  16 22 0  F        50540.96
DP   1  16 22 1  F        49739.79
DP   1  16 23 0  F        48633.93
DP   1  16 23 1  F        47528.07
DP   2  16 00 0  F        15819.26
DP   2  16 00 1  F        15249.35
DP   2  16 01 0  F        14728.07
DP   2  16 01 1  F        14293.70
DP   2  16 02 0  F        13943.05
DP   2  16 02 1  F        13661.09
DP   2  16 03 0  F        13426.92
DP   2  16 03 1  F        13226.02
DP   2  16 04 0  F        13075.28
DP   2  16 04 1  F        12995.04
DP   2  16 05 0  F        12987.89
DP   2  16 05 1  F        13045.34
DP   2  16 06 0  F        13132.48
DP   2  16 06 1  F        13251.50
DP   2  16 07 0  F        13579.55
DP   2  16 07 1  F        14255.77
DP   2  16 08 0  F        15092.11
DP   2  16 08 1  F        15851.10
DP   2  16 09 0  F        16424.70
DP   2  16 09 1  F        16778.78
DP   2  16 10 0  F        17045.47
DP   2  16 10 1  F        17359.39
DP   2  16 11 0  F        17699.13
DP   2  16 11 1  F        17972.70
DP   2  16 12 0  F        17961.88
DP   2  16 12 1  F        17571.08
DP   2  16 13 0  F        17321.61
DP   2  16 13 1  F        17677.30
DP   2  16 14 0  F        18255.32
DP   2  16 14 1  F        18578.76
DP   2  16 15 0  F        18641.10
DP   2  16 15 1  F        18553.41
DP   2  16 16 0  F        18426.58
DP   2  16 16 1  F        18332.51
DP   2  16 17 0  F        18187.21
DP   2  16 17 1  F        17880.14
DP   2  16 18 0  F        17350.25
DP   2  16 18 1  F        16637.05
DP   2  16 19 0  F        16132.67
DP   2  16 19 1  F        16168.71
DP   2  16 20 0  F        16482.14
DP   2  16 20 1  F        16731.40
DP   2  16 21 0  F        16855.56
DP   2  16 21 1  F        16863.94
DP   2  16 22 0  F        16766.11
DP   2  16 22 1  F        16578.16
DP   2  16 23 0  F        16341.95
DP   2  16 23 1  F        16105.73
DP   3  16 00 0  F        13933.87
DP   3  16 00 1  F        13691.18
DP   3  16 01 0  F        13459.51
DP   3  16 01 1  F        13248.46
DP   3  16 02 0  F        13061.88
DP   3  16 02 1  F        12900.47
DP   3  16 03 0  F        12757.95
DP   3  16 03 1  F        12634.14
DP   3  16 04 0  F        12560.10
DP   3  16 04 1  F        12541.21
DP   3  16 05 0  F        12448.89
DP   3  16 05 1  F        12178.75
DP   3  16 06 0  F        11857.29
DP   3  16 06 1  F        11651.65
DP   3  16 07 0  F        11660.68
DP   3  16 07 1  F        11934.12
DP   3  16 08 0  F        12393.57
DP   3  16 08 1  F        12923.72
DP   3  16 09 0  F        13389.75
DP   3  16 09 1  F        13690.41
DP   3  16 10 0  F        13878.31
DP   3  16 10 1  F        14029.74
DP   3  16 11 0  F        14161.92
DP   3  16 11 1  F        14261.20
DP   3  16 12 0  F        14249.55
DP   3  16 12 1  F        14089.28
DP   3  16 13 0  F        13968.49
DP   3  16 13 1  F        14063.42
DP   3  16 14 0  F        14276.87
DP   3  16 14 1  F        14467.32
DP   3  16 15 0  F        14589.10
DP   3  16 15 1  F        14627.09
DP   3  16 16 0  F        14592.19
DP   3  16 16 1  F        14478.75
DP   3  16 17 0  F        14188.73
DP   3  16 17 1  F        13688.25
DP   3  16 18 0  F        13292.54
DP   3  16 18 1  F        13282.96
DP   3  16 19 0  F        13456.30
DP   3  16 19 1  F        13549.33
DP   3  16 20 0  F        13543.43
DP   3  16 20 1  F        13500.41
DP   3  16 21 0  F        13559.25
DP   3  16 21 1  F        13811.73
DP   3  16 22 0  F        14083.46
DP   3  16 22 1  F        14192.18
DP   3  16 23 0  F        14190.08
DP   3  16 23 1  F        14187.98
DP   4  16 00 0  F        7724.38
DP   4  16 00 1  F        7662.78
DP   4  16 01 0  F        7596.80
DP   4  16 01 1  F        7525.77
DP   4  16 02 0  F        7463.84
DP   4  16 02 1  F        7420.58
DP   4  16 03 0  F        7372.34
DP   4  16 03 1  F        7296.22
DP   4  16 04 0  F        7205.52
DP   4  16 04 1  F        7122.35
DP   4  16 05 0  F        7067.71
DP   4  16 05 1  F        7047.13
DP   4  16 06 0  F        7005.32
DP   4  16 06 1  F        6896.15
DP   4  16 07 0  F        6771.03
DP   4  16 07 1  F        6698.16
DP   4  16 08 0  F        6715.33
DP   4  16 08 1  F        6835.45
DP   4  16 09 0  F        7002.20
DP   4  16 09 1  F        7153.26
DP   4  16 10 0  F        7271.61
DP   4  16 10 1  F        7354.91
DP   4  16 11 0  F        7414.43
DP   4  16 11 1  F        7458.03
DP   4  16 12 0  F        7466.19
DP   4  16 12 1  F        7429.54
DP   4  16 13 0  F        7406.63
DP   4  16 13 1  F        7455.25
DP   4  16 14 0  F        7562.33
DP   4  16 14 1  F        7694.44
DP   4  16 15 0  F        7807.45
DP   4  16 15 1  F        7864.92
DP   4  16 16 0  F        7871.83
DP   4  16 16 1  F        7839.00
DP   4  16 17 0  F        7759.24
DP   4  16 17 1  F        7627.60
DP   4  16 18 0  F        7466.12
DP   4  16 18 1  F        7313.92
DP   4  16 19 0  F        7251.41
DP   4  16 19 1  F        7331.54
DP   4  16 20 0  F        7456.23
DP   4  16 20 1  F        7520.64
DP   4  16 21 0  F        7544.02
DP   4  16 21 1  F        7569.23
DP   4  16 22 0  F        7609.21
DP   4  16 22 1  F        7666.86
DP   4  16 23 0  F        7734.65
DP   4  16 23 1  F        7802.43
DP   1  17 00 0  F        46688.41
DP   1  17 00 1  F        45229.08
DP   1  17 01 0  F        43872.70
DP   1  17 01 1  F        42705.95
DP   1  17 02 0  F        41750.44
DP   1  17 02 1  F        41001.11
DP   1  17 03 0  F        40411.34
DP   1  17 03 1  F        39942.07
DP   1  17 04 0  F        39625.87
DP   1  17 04 1  F        39497.11
DP   1  17 05 0  F        39525.57
DP   1  17 05 1  F        39667.82
DP   1  17 06 0  F        39892.36
DP   1  17 06 1  F        40238.75
DP   1  17 07 0  F        41018.90
DP   1  17 07 1  F        42473.36
DP   1  17 08 0  F        44284.81
DP   1  17 08 1  F        46048.12
DP   1  17 09 0  F        47564.76
DP   1  17 09 1  F        48737.72
DP   1  17 10 0  F        49669.59
DP   1  17 10 1  F        50467.95
DP   1  17 11 0  F        51060.63
DP   1  17 11 1  F        51359.61
DP   1  17 12 0  F        51393.10
DP   1  17 12 1  F        51283.91
DP   1  17 13 0  F        51417.16
DP   1  17 13 1  F        52077.55
DP   1  17 14 0  F        52886.02
DP   1  17 14 1  F        53409.81
DP   1  17 15 0  F        53665.34
DP   1  17 15 1  F        53768.73
DP   1  17 16 0  F        53786.05
DP   1  17 16 1  F        53683.64
DP   1  17 17 0  F        53079.07
DP   1  17 17 1  F        51703.41
DP   1  17 18 0  F        50090.58
DP   1  17 18 1  F        48930.69
DP   1  17 19 0  F        48735.90
DP   1  17 19 1  F        49693.98
DP   1  17 20 0  F        50873.25
DP   1  17 20 1  F        51345.83
DP   1  17 21 0  F        51318.47
DP   1  17 21 1  F        51165.82
DP   1  17 22 0  F        50799.47
DP   1  17 22 1  F        50084.09
DP   1  17 23 0  F        49159.76
DP   1  17 23 1  F        48235.44
DP   2  17 00 0  F        14778.75
DP   2  17 00 1  F        14230.80
DP   2  17 01 0  F        13736.92
DP   2  17 01 1  F        13337.01
DP   2  17 02 0  F        13014.26
DP   2  17 02 1  F        12743.64
DP   2  17 03 0  F        12523.98
DP   2  17 03 1  F        12358.08
DP   2  17 04 0  F        12240.80
DP   2  17 04 1  F        12170.73
DP   2  17 05 0  F        12169.39
DP   2  17 05 1  F        12248.73
DP   2  17 06 0  F        12359.59
DP   2  17 06 1  F        12482.61
DP   2  17 07 0  F        12778.81
DP   2  17 07 1  F        13378.33
DP   2  17 08 0  F        14107.28
DP   2  17 08 1  F        14746.86
DP   2  17 09 0  F        15202.41
DP   2  17 09 1  F        15448.28
DP   2  17 10 0  F        15610.44
DP   2  17 10 1  F        15815.49
DP   2  17 11 0  F        16040.89
DP   2  17 11 1  F        16200.67
DP   2  17 12 0  F        16104.29
DP   2  17 12 1  F        15666.18
DP   2  17 13 0  F        15325.22
DP   2  17 13 1  F        15480.59
DP   2  17 14 0  F        15848.13
DP   2  17 14 1  F        16058.26
DP   2  17 15 0  F        16082.87
DP   2  17 15 1  F        15988.77
DP   2  17 16 0  F        15880.84
DP   2  17 16 1  F        15836.91
DP   2  17 17 0  F        15788.27
DP   2  17 17 1  F        15642.86
DP   2  17 18 0  F        15361.51
DP   2  17 18 1  F        14972.18
DP   2  17 19 0  F        14718.31
DP   2  17 19 1  F        14802.30
DP   2  17 20 0  F        15046.85
DP   2  17 20 1  F        15219.24
DP   2  17 21 0  F        15244.95
DP   2  17 21 1  F        15107.59
DP   2  17 22 0  F        14865.17
DP   2  17 22 1  F        14583.90
DP   2  17 23 0  F        14288.39
DP   2  17 23 1  F        13992.88
DP   3  17 00 0  F        13729.00
DP   3  17 00 1  F        13492.54
DP   3  17 01 0  F        13265.58
DP   3  17 01 1  F        13057.21
DP   3  17 02 0  F        12874.91
DP   3  17 02 1  F        12721.71
DP   3  17 03 0  F        12584.41
DP   3  17 03 1  F        12456.31
DP   3  17 04 0  F        12373.17
DP   3  17 04 1  F        12348.03
DP   3  17 05 0  F        12260.68
DP   3  17 05 1  F        12010.26
DP   3  17 06 0  F        11706.38
DP   3  17 06 1  F        11500.65
DP   3  17 07 0  F        11502.07
DP   3  17 07 1  F        11771.52
DP   3  17 08 0  F        12219.86
DP   3  17 08 1  F        12722.19
DP   3  17 09 0  F        13160.36
DP   3  17 09 1  F        13449.99
DP   3  17 10 0  F        13634.94
DP   3  17 10 1  F        13779.62
DP   3  17 11 0  F        13902.50
DP   3  17 11 1  F        13994.63
DP   3  17 12 0  F        13983.45
DP   3  17 12 1  F        13833.25
DP   3  17 13 0  F        13719.25
DP   3  17 13 1  F        13807.19
DP   3  17 14 0  F        14013.96
DP   3  17 14 1  F        14211.15
DP   3  17 15 0  F        14338.12
DP   3  17 15 1  F        14365.11
DP   3  17 16 0  F        14317.98
DP   3  17 16 1  F        14208.73
DP   3  17 17 0  F        13937.99
DP   3  17 17 1  F        13464.50
DP   3  17 18 0  F        13090.62
DP   3  17 18 1  F        13089.43
DP   3  17 19 0  F        13273.09
DP   3  17 19 1  F        13392.27
DP   3  17 20 0  F        13412.54
DP   3  17 20 1  F        13378.42
DP   3  17 21 0  F        13435.48
DP   3  17 21 1  F        13685.58
DP   3  17 22 0  F        13954.82
DP   3  17 22 1  F        14059.46
DP   3  17 23 0  F        14052.23
DP   3  17 23 1  F        14045.01
DP   4  17 00 0  F        7643.20
DP   4  17 00 1  F        7579.46
DP   4  17 01 0  F        7512.11
DP   4  17 01 1  F        7440.55
DP   4  17 02 0  F        7376.12
DP   4  17 02 1  F        7326.62
DP   4  17 03 0  F        7273.81
DP   4  17 03 1  F        7200.15
DP   4  17 04 0  F        7116.95
DP   4  17 04 1  F        7042.03
DP   4  17 05 0  F        6990.30
DP   4  17 05 1  F        6964.23
DP   4  17 06 0  F        6919.30
DP   4  17 06 1  F        6818.14
DP   4  17 07 0  F        6698.82
DP   4  17 07 1  F        6618.05
DP   4  17 08 0  F        6631.58
DP   4  17 08 1  F        6769.00
DP   4  17 09 0  F        6956.22
DP   4  17 09 1  F        7111.47
DP   4  17 10 0  F        7225.75
DP   4  17 10 1  F        7310.51
DP   4  17 11 0  F        7385.90
DP   4  17 11 1  F        7461.78
DP   4  17 12 0  F        7498.08
DP   4  17 12 1  F        7468.23
DP   4  17 13 0  F        7449.80
DP   4  17 13 1  F        7519.75
DP   4  17 14 0  F        7648.60
DP   4  17 14 1  F        7783.42
DP   4  17 15 0  F        7883.90
DP   4  17 15 1  F        7923.62
DP   4  17 16 0  F        7918.96
DP   4  17 16 1  F        7886.75
DP   4  17 17 0  F        7802.67
DP   4  17 17 1  F        7647.47
DP   4  17 18 0  F        7463.44
DP   4  17 18 1  F        7310.39
DP   4  17 19 0  F        7256.96
DP   4  17 19 1  F        7341.51
DP   4  17 20 0  F        7472.67
DP   4  17 20 1  F        7552.66
DP   4  17 21 0  F        7588.02
DP   4  17 21 1  F        7609.62
DP   4  17 22 0  F        7641.61
DP   4  17 22 1  F        7699.94
DP   4  17 23 0  F        7774.68
DP   4  17 23 1  F        7849.41
DP   1  18 00 0  F        46437.00
DP   1  18 00 1  F        44983.62
DP   1  18 01 0  F        43643.48
DP   1  18 01 1  F        42508.77
DP   1  18 02 0  F        41587.52
DP   1  18 02 1  F        40858.41
DP   1  18 03 0  F        40266.89
DP   1  18 03 1  F        39775.89
DP   1  18 04 0  F        39451.65
DP   1  18 04 1  F        39356.60
DP   1  18 05 0  F        39434.54
DP   1  18 05 1  F        39607.05
DP   1  18 06 0  F        39825.36
DP   1  18 06 1  F        40124.36
DP   1  18 07 0  F        40843.89
DP   1  18 07 1  F        42246.72
DP   1  18 08 0  F        43982.34
DP   1  18 08 1  F        45615.84
DP   1  18 09 0  F        46987.68
DP   1  18 09 1  F        48043.00
DP   1  18 10 0  F        48870.18
DP   1  18 10 1  F        49558.10
DP   1  18 11 0  F        50054.52
DP   1  18 11 1  F        50289.07
DP   1  18 12 0  F        50260.16
DP   1  18 12 1  F        50056.66
DP   1  18 13 0  F        50060.55
DP   1  18 13 1  F        50570.84
DP   1  18 14 0  F        51261.61
DP   1  18 14 1  F        51740.28
DP   1  18 15 0  F        51972.65
DP   1  18 15 1  F        52022.55
DP   1  18 16 0  F        51987.59
DP   1  18 16 1  F        51882.99
DP   1  18 17 0  F        51360.70
DP   1  18 17 1  F        50169.63
DP   1  18 18 0  F        48809.73
DP   1  18 18 1  F        47915.66
DP   1  18 19 0  F        47909.84
DP   1  18 19 1  F        48906.10
DP   1  18 20 0  F        49996.08
DP   1  18 20 1  F        50305.32
DP   1  18 21 0  F        50116.97
DP   1  18 21 1  F        49863.59
DP   1  18 22 0  F        49417.79
DP   1  18 22 1  F        48595.06
DP   1  18 23 0  F        47542.44
DP   1  18 23 1  F        46489.81
DP   2  18 00 0  F        13681.83
DP   2  18 00 1  F        13150.22
DP   2  18 01 0  F        12686.95
DP   2  18 01 1  F        12340.39
DP   2  18 02 0  F        12079.12
DP   2  18 02 1  F        11861.18
DP   2  18 03 0  F        11682.23
DP   2  18 03 1  F        11545.84
DP   2  18 04 0  F        11449.43
DP   2  18 04 1  F        11396.07
DP   2  18 05 0  F        11417.41
DP   2  18 05 1  F        11534.64
DP   2  18 06 0  F        11698.42
DP   2  18 06 1  F        11884.78
DP   2  18 07 0  F        12241.92
DP   2  18 07 1  F        12882.43
DP   2  18 08 0  F        13604.29
DP   2  18 08 1  F        14175.11
DP   2  18 09 0  F        14555.62
DP   2  18 09 1  F        14774.16
DP   2  18 10 0  F        14936.48
DP   2  18 10 1  F        15140.55
DP   2  18 11 0  F        15375.77
DP   2  18 11 1  F        15567.39
DP   2  18 12 0  F        15492.65
DP   2  18 12 1  F        15036.57
DP   2  18 13 0  F        14663.16
DP   2  18 13 1  F        14804.34
DP   2  18 14 0  F        15184.40
DP   2  18 14 1  F        15432.91
DP   2  18 15 0  F        15508.20
DP   2  18 15 1  F        15465.18
DP   2  18 16 0  F        15416.34
DP   2  18 16 1  F        15446.99
DP   2  18 17 0  F        15476.05
DP   2  18 17 1  F        15397.10
DP   2  18 18 0  F        15168.82
DP   2  18 18 1  F        14822.53
DP   2  18 19 0  F        14615.15
DP   2  18 19 1  F        14755.09
DP   2  18 20 0  F        15031.25
DP   2  18 20 1  F        15183.34
DP   2  18 21 0  F        15173.79
DP   2  18 21 1  F        15025.29
DP   2  18 22 0  F        14778.71
DP   2  18 22 1  F        14476.28
DP   2  18 23 0  F        14147.53
DP   2  18 23 1  F        13818.77
DP   3  18 00 0  F        13925.22
DP   3  18 00 1  F        13684.32
DP   3  18 01 0  F        13456.46
DP   3  18 01 1  F        13252.17
DP   3  18 02 0  F        13071.85
DP   3  18 02 1  F        12912.35
DP   3  18 03 0  F        12766.49
DP   3  18 03 1  F        12634.66
DP   3  18 04 0  F        12551.56
DP   3  18 04 1  F        12526.41
DP   3  18 05 0  F        12431.98
DP   3  18 05 1  F        12162.61
DP   3  18 06 0  F        11835.40
DP   3  18 06 1  F        11610.66
DP   3  18 07 0  F        11598.73
DP   3  18 07 1  F        11858.34
DP   3  18 08 0  F        12291.77
DP   3  18 08 1  F        12768.27
DP   3  18 09 0  F        13181.52
DP   3  18 09 1  F        13459.45
DP   3  18 10 0  F        13642.60
DP   3  18 10 1  F        13788.00
DP   3  18 11 0  F        13906.25
DP   3  18 11 1  F        13985.22
DP   3  18 12 0  F        13968.48
DP   3  18 12 1  F        13834.22
DP   3  18 13 0  F        13743.56
DP   3  18 13 1  F        13844.53
DP   3  18 14 0  F        14049.96
DP   3  18 14 1  F        14233.58
DP   3  18 15 0  F        14348.16
DP   3  18 15 1  F        14375.16
DP   3  18 16 0  F        14331.75
DP   3  18 16 1  F        14218.51
DP   3  18 17 0  F        13933.88
DP   3  18 17 1  F        13442.12
DP   3  18 18 0  F        13072.87
DP   3  18 18 1  F        13117.91
DP   3  18 19 0  F        13352.17
DP   3  18 19 1  F        13487.51
DP   3  18 20 0  F        13500.39
DP   3  18 20 1  F        13456.44
DP   3  18 21 0  F        13513.42
DP   3  18 21 1  F        13778.56
DP   3  18 22 0  F        14064.67
DP   3  18 22 1  F        14174.37
DP   3  18 23 0  F        14164.16
DP   3  18 23 1  F        14153.94
DP   4  18 00 0  F        7780.26
DP   4  18 00 1  F        7710.72
DP   4  18 01 0  F        7637.99
DP   4  18 01 1  F        7562.00
DP   4  18 02 0  F        7495.20
DP   4  18 02 1  F        7445.71
DP   4  18 03 0  F        7391.72
DP   4  18 03 1  F        7313.14
DP   4  18 04 0  F        7226.63
DP   4  18 04 1  F        7154.60
DP   4  18 05 0  F        7105.92
DP   4  18 05 1  F        7075.99
DP   4  18 06 0  F        7020.07
DP   4  18 06 1  F        6903.98
DP   4  18 07 0  F        6775.85
DP   4  18 07 1  F        6698.34
DP   4  18 08 0  F        6710.03
DP   4  18 08 1  F        6824.89
DP   4  18 09 0  F        6982.74
DP   4  18 09 1  F        7118.93
DP   4  18 10 0  F        7224.95
DP   4  18 10 1  F        7306.24
DP   4  18 11 0  F        7367.86
DP   4  18 11 1  F        7410.89
DP   4  18 12 0  F        7421.11
DP   4  18 12 1  F        7395.53
DP   4  18 13 0  F        7391.53
DP   4  18 13 1  F        7462.13
DP   4  18 14 0  F        7582.68
DP   4  18 14 1  F        7710.25
DP   4  18 15 0  F        7806.39
DP   4  18 15 1  F        7844.40
DP   4  18 16 0  F        7840.17
DP   4  18 16 1  F        7809.61
DP   4  18 17 0  F        7726.15
DP   4  18 17 1  F        7570.67
DP   4  18 18 0  F        7396.17
DP   4  18 18 1  F        7269.00
DP   4  18 19 0  F        7236.63
DP   4  18 19 1  F        7316.88
DP   4  18 20 0  F        7427.90
DP   4  18 20 1  F        7487.59
DP   4  18 21 0  F        7512.50
DP   4  18 21 1  F        7538.83
DP   4  18 22 0  F        7582.80
DP   4  18 22 1  F        7651.35
DP   4  18 23 0  F        7734.32
DP   4  18 23 1  F        7817.28
DP   1  19 00 0  F        44510.52
DP   1  19 00 1  F        43092.78
DP   1  19 01 0  F        41784.88
DP   1  19 01 1  F        40675.67
DP   1  19 02 0  F        39770.19
DP   1  19 02 1  F        39050.18
DP   1  19 03 0  F        38488.12
DP   1  19 03 1  F        38065.70
DP   1  19 04 0  F        37810.77
DP   1  19 04 1  F        37745.92
DP   1  19 05 0  F        37826.46
DP   1  19 05 1  F        38003.95
DP   1  19 06 0  F        38282.03
DP   1  19 06 1  F        38711.04
DP   1  19 07 0  F        39475.96
DP   1  19 07 1  F        40708.06
DP   1  19 08 0  F        42189.17
DP   1  19 08 1  F        43631.41
DP   1  19 09 0  F        44817.33
DP   1  19 09 1  F        45619.32
DP   1  19 10 0  F        46198.52
DP   1  19 10 1  F        46724.07
DP   1  19 11 0  F        47108.23
DP   1  19 11 1  F        47230.81
DP   1  19 12 0  F        47098.50
DP   1  19 12 1  F        46807.12
DP   1  19 13 0  F        46681.96
DP   1  19 13 1  F        46975.75
DP   1  19 14 0  F        47421.51
DP   1  19 14 1  F        47704.37
DP   1  19 15 0  F        47837.67
DP   1  19 15 1  F        47885.82
DP   1  19 16 0  F        47789.26
DP   1  19 16 1  F        47472.03
DP   1  19 17 0  F        46916.58
DP   1  19 17 1  F        46155.13
DP   1  19 18 0  F        45360.83
DP   1  19 18 1  F        44793.25
DP   1  19 19 0  F        44916.86
DP   1  19 19 1  F        45961.57
DP   1  19 20 0  F        47014.12
DP   1  19 20 1  F        47182.63
DP   1  19 21 0  F        46803.89
DP   1  19 21 1  F        46373.98
DP   1  19 22 0  F        45797.47
DP   1  19 22 1  F        44904.05
DP   1  19 23 0  F        43815.66
DP   1  19 23 1  F        42727.27
DP   2  19 00 0  F        13786.30
DP   2  19 00 1  F        13255.33
DP   2  19 01 0  F        12785.46
DP   2  19 01 1  F        12420.43
DP   2  19 02 0  F        12134.58
DP   2  19 02 1  F        11894.92
DP   2  19 03 0  F        11708.51
DP   2  19 03 1  F        11584.36
DP   2  19 04 0  F        11498.98
DP   2  19 04 1  F        11436.91
DP   2  19 05 0  F        11447.25
DP   2  19 05 1  F        11570.15
DP   2  19 06 0  F        11745.37
DP   2  19 06 1  F        11936.51
DP   2  19 07 0  F        12302.71
DP   2  19 07 1  F        12968.69
DP   2  19 08 0  F        13725.82
DP   2  19 08 1  F        14331.59
DP   2  19 09 0  F        14741.27
DP   2  19 09 1  F        14981.96
DP   2  19 10 0  F        15170.49
DP   2  19 10 1  F        15414.97
DP   2  19 11 0  F        15698.96
DP   2  19 11 1  F        15939.57
DP   2  19 12 0  F        15912.40
DP   2  19 12 1  F        15505.47
DP   2  19 13 0  F        15198.11
DP   2  19 13 1  F        15431.96
DP   2  19 14 0  F        15906.82
DP   2  19 14 1  F        16226.50
DP   2  19 15 0  F        16352.89
DP   2  19 15 1  F        16345.83
DP   2  19 16 0  F        16298.96
DP   2  19 16 1  F        16282.45
DP   2  19 17 0  F        16238.71
DP   2  19 17 1  F        16085.54
DP   2  19 18 0  F        15770.10
DP   2  19 18 1  F        15318.08
DP   2  19 19 0  F        15039.90
DP   2  19 19 1  F        15188.13
DP   2  19 20 0  F        15499.21
DP   2  19 20 1  F        15655.56
DP   2  19 21 0  F        15639.62
DP   2  19 21 1  F        15505.76
DP   2  19 22 0  F        15296.04
DP   2  19 22 1  F        15046.03
DP   2  19 23 0  F        14777.57
DP   2  19 23 1  F        14509.11
DP   3  19 00 0  F        13945.21
DP   3  19 00 1  F        13704.51
DP   3  19 01 0  F        13476.98
DP   3  19 01 1  F        13273.63
DP   3  19 02 0  F        13096.83
DP   3  19 02 1  F        12944.13
DP   3  19 03 0  F        12802.48
DP   3  19 03 1  F        12666.63
DP   3  19 04 0  F        12573.06
DP   3  19 04 1  F        12535.37
DP   3  19 05 0  F        12433.72
DP   3  19 05 1  F        12166.74
DP   3  19 06 0  F        11840.48
DP   3  19 06 1  F        11604.68
DP   3  19 07 0  F        11576.62
DP   3  19 07 1  F        11824.17
DP   3  19 08 0  F        12250.06
DP   3  19 08 1  F        12720.24
DP   3  19 09 0  F        13118.67
DP   3  19 09 1  F        13367.36
DP   3  19 10 0  F        13522.60
DP   3  19 10 1  F        13656.86
DP   3  19 11 0  F        13772.86
DP   3  19 11 1  F        13847.75
DP   3  19 12 0  F        13825.96
DP   3  19 12 1  F        13688.01
DP   3  19 13 0  F        13591.42
DP   3  19 13 1  F        13681.04
DP   3  19 14 0  F        13873.99
DP   3  19 14 1  F        14048.97
DP   3  19 15 0  F        14158.62
DP   3  19 15 1  F        14182.31
DP   3  19 16 0  F        14132.48
DP   3  19 16 1  F        14007.80
DP   3  19 17 0  F        13719.10
DP   3  19 17 1  F        13243.10
DP   3  19 18 0  F        12908.04
DP   3  19 18 1  F        12998.26
DP   3  19 19 0  F        13270.74
DP   3  19 19 1  F        13421.33
DP   3  19 20 0  F        13428.51
DP   3  19 20 1  F        13366.23
DP   3  19 21 0  F        13407.68
DP   3  19 21 1  F        13671.96
DP   3  19 22 0  F        13962.54
DP   3  19 22 1  F        14070.63
DP   3  19 23 0  F        14054.15
DP   3  19 23 1  F        14037.67
DP   4  19 00 0  F        7612.97
DP   4  19 00 1  F        7539.86
DP   4  19 01 0  F        7467.28
DP   4  19 01 1  F        7397.18
DP   4  19 02 0  F        7337.02
DP   4  19 02 1  F        7290.54
DP   4  19 03 0  F        7241.07
DP   4  19 03 1  F        7172.27
DP   4  19 04 0  F        7089.56
DP   4  19 04 1  F        7006.32
DP   4  19 05 0  F        6946.13
DP   4  19 05 1  F        6919.09
DP   4  19 06 0  F        6871.16
DP   4  19 06 1  F        6756.04
DP   4  19 07 0  F        6622.29
DP   4  19 07 1  F        6537.31
DP   4  19 08 0  F        6548.97
DP   4  19 08 1  F        6676.57
DP   4  19 09 0  F        6844.86
DP   4  19 09 1  F        6974.31
DP   4  19 10 0  F        7062.98
DP   4  19 10 1  F        7127.35
DP   4  19 11 0  F        7180.10
DP   4  19 11 1  F        7227.08
DP   4  19 12 0  F        7250.68
DP   4  19 12 1  F        7240.29
DP   4  19 13 0  F        7236.70
DP   4  19 13 1  F        7282.96
DP   4  19 14 0  F        7379.64
DP   4  19 14 1  F        7508.55
DP   4  19 15 0  F        7618.96
DP   4  19 15 1  F        7666.69
DP   4  19 16 0  F        7666.44
DP   4  19 16 1  F        7637.61
DP   4  19 17 0  F        7559.60
DP   4  19 17 1  F        7417.49
DP   4  19 18 0  F        7259.15
DP   4  19 18 1  F        7145.59
DP   4  19 19 0  F        7127.73
DP   4  19 19 1  F        7225.71
DP   4  19 20 0  F        7346.71
DP   4  19 20 1  F        7399.20
DP   4  19 21 0  F        7409.52
DP   4  19 21 1  F        7425.15
DP   4  19 22 0  F        7460.23
DP   4  19 22 1  F        7517.46
DP   4  19 23 0  F        7587.30
DP   4  19 23 1  F        7657.14
