&   CARGA
&
&   ss  di hi m df hf m Demanda
&X  XX  XX XX X XX XX X XXXXXXXXXX
DP   1  16 00 0  F        34831.96
DP   1  16 00 1  F        33910.74
DP   1  16 01 0  F        33163.10
DP   1  16 01 1  F        32447.35
DP   1  16 02 0  F        32088.25
DP   1  16 02 1  F        31724.33
DP   1  16 03 0  F        31556.68
DP   1  16 03 1  F        31397.37
DP   1  16 04 0  F        31532.59
DP   1  16 04 1  F        31783.29
DP   1  16 05 0  F        32246.52
DP   1  16 05 1  F        32460.95
DP   1  16 06 0  F        33811.82
DP   1  16 06 1  F        34342.02
DP   1  16 07 0  F        36378.19
DP   1  16 07 1  F        37703.54
DP   1  16 08 0  F        38879.57
DP   1  16 08 1  F        39817.57
DP   1  16 09 0  F        40505.26
DP   1  16 09 1  F        41115.94
DP   1  16 10 0  F        41874.86
DP   1  16 10 1  F        42387.20
DP   1  16 11 0  F        42676.42
DP   1  16 11 1  F        42782.89
DP   1  16 12 0  F        42407.14
DP   1  16 12 1  F        42411.91
DP   1  16 13 0  F        43056.14
DP   1  16 13 1  F        43708.04
DP   1  16 14 0  F        44224.83
DP   1  16 14 1  F        44840.60
DP   1  16 15 0  F        45114.65
DP   1  16 15 1  F        45455.45
DP   1  16 16 0  F        45517.43
DP   1  16 16 1  F        45346.37
DP   1  16 17 0  F        44133.11
DP   1  16 17 1  F        43986.21
DP   1  16 18 0  F        44818.44
DP   1  16 18 1  F        46947.13
DP   1  16 19 0  F        47440.43
DP   1  16 19 1  F        46990.31
DP   1  16 20 0  F        46464.99
DP   1  16 20 1  F        46402.07
DP   1  16 21 0  F        45781.76
DP   1  16 21 1  F        44746.39
DP   1  16 22 0  F        43536.10
DP   1  16 22 1  F        42361.36
DP   1  16 23 0  F        41534.35
DP   1  16 23 1  F        40315.04
DP   2  16 00 0  F        10983.83
DP   2  16 00 1  F        10724.45
DP   2  16 01 0  F        10479.75
DP   2  16 01 1  F        10288.86
DP   2  16 02 0  F        10157.59
DP   2  16 02 1  F        10115.46
DP   2  16 03 0  F        10105.52
DP   2  16 03 1  F        10099.48
DP   2  16 04 0  F        10123.83
DP   2  16 04 1  F        10189.51
DP   2  16 05 0  F        10418.58
DP   2  16 05 1  F        10415.58
DP   2  16 06 0  F        10984.42
DP   2  16 06 1  F        11419.79
DP   2  16 07 0  F        12090.15
DP   2  16 07 1  F        12704.92
DP   2  16 08 0  F        13280.71
DP   2  16 08 1  F        13459.63
DP   2  16 09 0  F        13511.00
DP   2  16 09 1  F        13748.94
DP   2  16 10 0  F        13966.12
DP   2  16 10 1  F        14196.19
DP   2  16 11 0  F        14313.72
DP   2  16 11 1  F        13904.15
DP   2  16 12 0  F        13167.62
DP   2  16 12 1  F        13068.01
DP   2  16 13 0  F        13671.92
DP   2  16 13 1  F        14289.96
DP   2  16 14 0  F        14570.72
DP   2  16 14 1  F        14758.17
DP   2  16 15 0  F        14821.75
DP   2  16 15 1  F        14948.87
DP   2  16 16 0  F        14963.89
DP   2  16 16 1  F        15059.70
DP   2  16 17 0  F        14803.86
DP   2  16 17 1  F        14416.63
DP   2  16 18 0  F        13897.27
DP   2  16 18 1  F        14421.75
DP   2  16 19 0  F        15202.18
DP   2  16 19 1  F        15337.39
DP   2  16 20 0  F        14972.87
DP   2  16 20 1  F        14734.08
DP   2  16 21 0  F        14626.32
DP   2  16 21 1  F        14457.33
DP   2  16 22 0  F        14085.96
DP   2  16 22 1  F        13632.37
DP   2  16 23 0  F        13097.65
DP   2  16 23 1  F        12754.92
DP   3  16 00 0  F        11459.10
DP   3  16 00 1  F        11312.16
DP   3  16 01 0  F        11176.01
DP   3  16 01 1  F        11036.02
DP   3  16 02 0  F        10977.12
DP   3  16 02 1  F        10895.89
DP   3  16 03 0  F        10802.36
DP   3  16 03 1  F        10731.21
DP   3  16 04 0  F        10678.92
DP   3  16 04 1  F        10541.03
DP   3  16 05 0  F        10052.00
DP   3  16 05 1  F         9762.91
DP   3  16 06 0  F         9718.10
DP   3  16 06 1  F         9742.37
DP   3  16 07 0  F        10044.91
DP   3  16 07 1  F        10386.81
DP   3  16 08 0  F        10785.70
DP   3  16 08 1  F        11043.00
DP   3  16 09 0  F        11146.09
DP   3  16 09 1  F        11236.87
DP   3  16 10 0  F        11242.79
DP   3  16 10 1  F        11310.01
DP   3  16 11 0  F        11191.05
DP   3  16 11 1  F        11196.68
DP   3  16 12 0  F        11065.89
DP   3  16 12 1  F        11138.78
DP   3  16 13 0  F        11490.85
DP   3  16 13 1  F        11747.87
DP   3  16 14 0  F        11960.98
DP   3  16 14 1  F        12092.07
DP   3  16 15 0  F        12169.12
DP   3  16 15 1  F        12244.86
DP   3  16 16 0  F        12305.74
DP   3  16 16 1  F        12233.11
DP   3  16 17 0  F        11871.79
DP   3  16 17 1  F        12205.61
DP   3  16 18 0  F        12305.57
DP   3  16 18 1  F        12289.69
DP   3  16 19 0  F        12221.63
DP   3  16 19 1  F        12135.77
DP   3  16 20 0  F        12083.69
DP   3  16 20 1  F        12178.87
DP   3  16 21 0  F        12550.69
DP   3  16 21 1  F        12657.75
DP   3  16 22 0  F        12566.93
DP   3  16 22 1  F        12492.94
DP   3  16 23 0  F        12334.96
DP   3  16 23 1  F        12206.79
DP   4  16 00 0  F         6387.17
DP   4  16 00 1  F         6353.71
DP   4  16 01 0  F         6296.41
DP   4  16 01 1  F         6220.61
DP   4  16 02 0  F         6178.06
DP   4  16 02 1  F         6140.47
DP   4  16 03 0  F         6097.32
DP   4  16 03 1  F         6043.98
DP   4  16 04 0  F         6000.85
DP   4  16 04 1  F         5942.51
DP   4  16 05 0  F         5900.18
DP   4  16 05 1  F         5763.06
DP   4  16 06 0  F         5590.15
DP   4  16 06 1  F         5485.13
DP   4  16 07 0  F         5474.57
DP   4  16 07 1  F         5574.50
DP   4  16 08 0  F         5783.18
DP   4  16 08 1  F         5934.26
DP   4  16 09 0  F         6007.25
DP   4  16 09 1  F         6057.02
DP   4  16 10 0  F         6126.28
DP   4  16 10 1  F         6125.65
DP   4  16 11 0  F         6109.49
DP   4  16 11 1  F         6032.64
DP   4  16 12 0  F         6007.84
DP   4  16 12 1  F         6059.48
DP   4  16 13 0  F         6231.75
DP   4  16 13 1  F         6376.05
DP   4  16 14 0  F         6527.45
DP   4  16 14 1  F         6583.24
DP   4  16 15 0  F         6616.59
DP   4  16 15 1  F         6629.76
DP   4  16 16 0  F         6570.17
DP   4  16 16 1  F         6440.95
DP   4  16 17 0  F         6261.79
DP   4  16 17 1  F         6173.00
DP   4  16 18 0  F         6189.56
DP   4  16 18 1  F         6262.56
DP   4  16 19 0  F         6308.35
DP   4  16 19 1  F         6374.48
DP   4  16 20 0  F         6405.63
DP   4  16 20 1  F         6470.33
DP   4  16 21 0  F         6520.19
DP   4  16 21 1  F         6611.08
DP   4  16 22 0  F         6628.38
DP   4  16 22 1  F         6675.42
DP   4  16 23 0  F         6659.04
DP   4  16 23 1  F         6661.21
