&   CARGA
&
&   ss  di hi m df hf m Demanda
&X  XX  XX XX X XX XX X XXXXXXXXXX
DP   1  11 00 0  F        44314.07
DP   1  11 00 1  F        42858.65
DP   1  11 01 0  F        41524.88
DP   1  11 01 1  F        40408.00
DP   1  11 02 0  F        39497.51
DP   1  11 02 1  F        38762.43
DP   1  11 03 0  F        38195.68
DP   1  11 03 1  F        37796.45
DP   1  11 04 0  F        37565.14
DP   1  11 04 1  F        37496.65
DP   1  11 05 0  F        37562.75
DP   1  11 05 1  F        37734.93
DP   1  11 06 0  F        38006.90
DP   1  11 06 1  F        38425.51
DP   1  11 07 0  F        39228.21
DP   1  11 07 1  F        40582.91
DP   1  11 08 0  F        42188.74
DP   1  11 08 1  F        43682.44
DP   1  11 09 0  F        44919.84
DP   1  11 09 1  F        45855.65
DP   1  11 10 0  F        46620.91
DP   1  11 10 1  F        47333.92
DP   1  11 11 0  F        47885.78
DP   1  11 11 1  F        48151.62
DP   1  11 12 0  F        48169.98
DP   1  11 12 1  F        48068.38
DP   1  11 13 0  F        48166.88
DP   1  11 13 1  F        48707.21
DP   1  11 14 0  F        49425.52
DP   1  11 14 1  F        49993.60
DP   1  11 15 0  F        50331.50
DP   1  11 15 1  F        50452.20
DP   1  11 16 0  F        50492.19
DP   1  11 16 1  F        50512.15
DP   1  11 17 0  F        50146.07
DP   1  11 17 1  F        49112.18
DP   1  11 18 0  F        47892.39
DP   1  11 18 1  F        47104.80
DP   1  11 19 0  F        47148.60
DP   1  11 19 1  F        48125.86
DP   1  11 20 0  F        49169.10
DP   1  11 20 1  F        49448.24
DP   1  11 21 0  F        49252.34
DP   1  11 21 1  F        49006.01
DP   1  11 22 0  F        48556.79
DP   1  11 22 1  F        47699.05
DP   1  11 23 0  F        46591.52
DP   1  11 23 1  F        45483.98
DP   2  11 00 0  F        14919.73
DP   2  11 00 1  F        14397.57
DP   2  11 01 0  F        13910.69
DP   2  11 01 1  F        13487.78
DP   2  11 02 0  F        13131.20
DP   2  11 02 1  F        12836.18
DP   2  11 03 0  F        12595.75
DP   2  11 03 1  F        12403.64
DP   2  11 04 0  F        12258.74
DP   2  11 04 1  F        12164.09
DP   2  11 05 0  F        12134.33
DP   2  11 05 1  F        12171.68
DP   2  11 06 0  F        12217.10
DP   2  11 06 1  F        12249.73
DP   2  11 07 0  F        12462.67
DP   2  11 07 1  F        13022.57
DP   2  11 08 0  F        13776.40
DP   2  11 08 1  F        14508.52
DP   2  11 09 0  F        15072.69
DP   2  11 09 1  F        15391.61
DP   2  11 10 0  F        15594.45
DP   2  11 10 1  F        15826.84
DP   2  11 11 0  F        16093.84
DP   2  11 11 1  F        16325.69
DP   2  11 12 0  F        16293.92
DP   2  11 12 1  F        15889.12
DP   2  11 13 0  F        15636.83
DP   2  11 13 1  F        16006.43
DP   2  11 14 0  F        16607.81
DP   2  11 14 1  F        16956.41
DP   2  11 15 0  F        17049.55
DP   2  11 15 1  F        17001.03
DP   2  11 16 0  F        16908.78
DP   2  11 16 1  F        16833.47
DP   2  11 17 0  F        16702.61
DP   2  11 17 1  F        16417.60
DP   2  11 18 0  F        15908.46
DP   2  11 18 1  F        15212.23
DP   2  11 19 0  F        14765.27
DP   2  11 19 1  F        14920.13
DP   2  11 20 0  F        15294.91
DP   2  11 20 1  F        15453.43
DP   2  11 21 0  F        15476.84
DP   2  11 21 1  F        15520.15
DP   2  11 22 0  F        15516.50
DP   2  11 22 1  F        15378.06
DP   2  11 23 0  F        15154.97
DP   2  11 23 1  F        14931.89
DP   3  11 00 0  F        13914.43
DP   3  11 00 1  F        13659.25
DP   3  11 01 0  F        13421.61
DP   3  11 01 1  F        13215.70
DP   3  11 02 0  F        13042.43
DP   3  11 02 1  F        12897.23
DP   3  11 03 0  F        12767.08
DP   3  11 03 1  F        12645.43
DP   3  11 04 0  F        12560.15
DP   3  11 04 1  F        12518.70
DP   3  11 05 0  F        12412.47
DP   3  11 05 1  F        12151.57
DP   3  11 06 0  F        11837.06
DP   3  11 06 1  F        11610.64
DP   3  11 07 0  F        11585.47
DP   3  11 07 1  F        11826.34
DP   3  11 08 0  F        12232.89
DP   3  11 08 1  F        12672.31
DP   3  11 09 0  F        13046.88
DP   3  11 09 1  F        13294.04
DP   3  11 10 0  F        13456.68
DP   3  11 10 1  F        13592.25
DP   3  11 11 0  F        13710.86
DP   3  11 11 1  F        13797.77
DP   3  11 12 0  F        13785.95
DP   3  11 12 1  F        13646.63
DP   3  11 13 0  F        13556.17
DP   3  11 13 1  F        13676.43
DP   3  11 14 0  F        13906.23
DP   3  11 14 1  F        14102.51
DP   3  11 15 0  F        14217.62
DP   3  11 15 1  F        14239.56
DP   3  11 16 0  F        14203.22
DP   3  11 16 1  F        14123.77
DP   3  11 17 0  F        13890.49
DP   3  11 17 1  F        13451.61
DP   3  11 18 0  F        13117.23
DP   3  11 18 1  F        13164.62
DP   3  11 19 0  F        13378.12
DP   3  11 19 1  F        13483.48
DP   3  11 20 0  F        13465.22
DP   3  11 20 1  F        13395.91
DP   3  11 21 0  F        13441.83
DP   3  11 21 1  F        13714.11
DP   3  11 22 0  F        14009.60
DP   3  11 22 1  F        14115.09
DP   3  11 23 0  F        14091.34
DP   3  11 23 1  F        14067.58
DP   4  11 00 0  F        7356.94
DP   4  11 00 1  F        7295.85
DP   4  11 01 0  F        7231.62
DP   4  11 01 1  F        7162.75
DP   4  11 02 0  F        7094.41
DP   4  11 02 1  F        7029.48
DP   4  11 03 0  F        6955.17
DP   4  11 03 1  F        6862.51
DP   4  11 04 0  F        6773.68
DP   4  11 04 1  F        6712.39
DP   4  11 05 0  F        6677.57
DP   4  11 05 1  F        6653.06
DP   4  11 06 0  F        6587.20
DP   4  11 06 1  F        6446.15
DP   4  11 07 0  F        6302.73
DP   4  11 07 1  F        6242.23
DP   4  11 08 0  F        6293.17
DP   4  11 08 1  F        6450.71
DP   4  11 09 0  F        6633.43
DP   4  11 09 1  F        6762.04
DP   4  11 10 0  F        6842.59
DP   4  11 10 1  F        6898.20
DP   4  11 11 0  F        6935.06
DP   4  11 11 1  F        6951.71
DP   4  11 12 0  F        6933.07
DP   4  11 12 1  F        6877.90
DP   4  11 13 0  F        6854.17
DP   4  11 13 1  F        6923.37
DP   4  11 14 0  F        7051.99
DP   4  11 14 1  F        7185.60
DP   4  11 15 0  F        7281.20
DP   4  11 15 1  F        7310.70
DP   4  11 16 0  F        7294.23
DP   4  11 16 1  F        7254.58
DP   4  11 17 0  F        7176.97
DP   4  11 17 1  F        7046.19
DP   4  11 18 0  F        6883.00
DP   4  11 18 1  F        6729.44
DP   4  11 19 0  F        6676.49
DP   4  11 19 1  F        6783.01
DP   4  11 20 0  F        6930.29
DP   4  11 20 1  F        6996.78
DP   4  11 21 0  F        7027.18
DP   4  11 21 1  F        7087.58
DP   4  11 22 0  F        7163.44
DP   4  11 22 1  F        7227.45
DP   4  11 23 0  F        7281.84
DP   4  11 23 1  F        7336.22
