&   CARGA
&
&   ss  di hi m df hf m Demanda
&X  XX  XX XX X XX XX X XXXXXXXXXX
DP   1  07 00 0  F        41240.73
DP   1  07 00 1  F        40149.70
DP   1  07 01 0  F        39101.59
DP   1  07 01 1  F        38135.21
DP   1  07 02 0  F        37273.01
DP   1  07 02 1  F        36529.96
DP   1  07 03 0  F        35907.50
DP   1  07 03 1  F        35406.96
DP   1  07 04 0  F        35042.92
DP   1  07 04 1  F        34806.63
DP   1  07 05 0  F        34582.97
DP   1  07 05 1  F        34248.95
DP   1  07 06 0  F        33756.57
DP   1  07 06 1  F        33151.25
DP   1  07 07 0  F        32777.15
DP   1  07 07 1  F        32928.60
DP   1  07 08 0  F        33401.70
DP   1  07 08 1  F        33929.96
DP   1  07 09 0  F        34494.75
DP   1  07 09 1  F        35112.63
DP   1  07 10 0  F        35693.21
DP   1  07 10 1  F        36157.61
DP   1  07 11 0  F        36579.85
DP   1  07 11 1  F        37042.75
DP   1  07 12 0  F        37511.17
DP   1  07 12 1  F        37918.72
DP   1  07 13 0  F        38192.02
DP   1  07 13 1  F        38288.73
DP   1  07 14 0  F        38297.80
DP   1  07 14 1  F        38321.35
DP   1  07 15 0  F        38383.03
DP   1  07 15 1  F        38496.61
DP   1  07 16 0  F        38714.91
DP   1  07 16 1  F        39076.48
DP   1  07 17 0  F        39523.88
DP   1  07 17 1  F        39986.78
DP   1  07 18 0  F        40439.50
DP   1  07 18 1  F        40926.78
DP   1  07 19 0  F        41730.39
DP   1  07 19 1  F        43012.62
DP   1  07 20 0  F        44220.77
DP   1  07 20 1  F        44785.26
DP   1  07 21 0  F        44783.83
DP   1  07 21 1  F        44433.38
DP   1  07 22 0  F        43860.19
DP   1  07 22 1  F        43160.51
DP   1  07 23 0  F        42401.25
DP   1  07 23 1  F        41642.00
DP   2  07 00 0  F        12608.70
DP   2  07 00 1  F        12162.86
DP   2  07 01 0  F        11756.65
DP   2  07 01 1  F        11418.65
DP   2  07 02 0  F        11133.16
DP   2  07 02 1  F        10878.17
DP   2  07 03 0  F        10650.45
DP   2  07 03 1  F        10456.27
DP   2  07 04 0  F        10320.96
DP   2  07 04 1  F        10257.11
DP   2  07 05 0  F        10207.11
DP   2  07 05 1  F        10109.74
DP   2  07 06 0  F        9959.60
DP   2  07 06 1  F        9791.78
DP   2  07 07 0  F        9747.65
DP   2  07 07 1  F        9940.39
DP   2  07 08 0  F        10264.13
DP   2  07 08 1  F        10579.39
DP   2  07 09 0  F        10831.45
DP   2  07 09 1  F        11010.26
DP   2  07 10 0  F        11199.97
DP   2  07 10 1  F        11475.25
DP   2  07 11 0  F        11778.94
DP   2  07 11 1  F        12028.05
DP   2  07 12 0  F        12168.21
DP   2  07 12 1  F        12184.33
DP   2  07 13 0  F        12189.84
DP   2  07 13 1  F        12289.60
DP   2  07 14 0  F        12425.68
DP   2  07 14 1  F        12520.84
DP   2  07 15 0  F        12583.30
DP   2  07 15 1  F        12637.28
DP   2  07 16 0  F        12685.59
DP   2  07 16 1  F        12734.86
DP   2  07 17 0  F        12828.54
DP   2  07 17 1  F        12979.75
DP   2  07 18 0  F        13043.53
DP   2  07 18 1  F        12936.07
DP   2  07 19 0  F        12976.16
DP   2  07 19 1  F        13437.85
DP   2  07 20 0  F        14013.53
DP   2  07 20 1  F        14343.62
DP   2  07 21 0  F        14442.13
DP   2  07 21 1  F        14404.38
DP   2  07 22 0  F        14277.29
DP   2  07 22 1  F        14094.39
DP   2  07 23 0  F        13884.23
DP   2  07 23 1  F        13674.07
DP   3  07 00 0  F        13618.66
DP   3  07 00 1  F        13420.91
DP   3  07 01 0  F        13222.57
DP   3  07 01 1  F        13027.91
DP   3  07 02 0  F        12860.73
DP   3  07 02 1  F        12737.72
DP   3  07 03 0  F        12627.67
DP   3  07 03 1  F        12502.97
DP   3  07 04 0  F        12398.31
DP   3  07 04 1  F        12331.71
DP   3  07 05 0  F        12192.20
DP   3  07 05 1  F        11882.08
DP   3  07 06 0  F        11485.71
DP   3  07 06 1  F        11123.70
DP   3  07 07 0  F        10879.76
DP   3  07 07 1  F        10801.59
DP   3  07 08 0  F        10829.68
DP   3  07 08 1  F        10887.12
DP   3  07 09 0  F        10934.46
DP   3  07 09 1  F        10952.87
DP   3  07 10 0  F        10968.39
DP   3  07 10 1  F        11010.61
DP   3  07 11 0  F        11078.18
DP   3  07 11 1  F        11159.23
DP   3  07 12 0  F        11230.56
DP   3  07 12 1  F        11273.94
DP   3  07 13 0  F        11302.24
DP   3  07 13 1  F        11333.07
DP   3  07 14 0  F        11371.65
DP   3  07 14 1  F        11416.71
DP   3  07 15 0  F        11453.40
DP   3  07 15 1  F        11470.74
DP   3  07 16 0  F        11486.73
DP   3  07 16 1  F        11515.14
DP   3  07 17 0  F        11523.89
DP   3  07 17 1  F        11519.84
DP   3  07 18 0  F        11711.41
DP   3  07 18 1  F        12244.30
DP   3  07 19 0  F        12811.88
DP   3  07 19 1  F        13094.41
DP   3  07 20 0  F        13172.12
DP   3  07 20 1  F        13200.18
DP   3  07 21 0  F        13233.52
DP   3  07 21 1  F        13291.32
DP   3  07 22 0  F        13350.10
DP   3  07 22 1  F        13384.20
DP   3  07 23 0  F        13401.74
DP   3  07 23 1  F        13419.27
DP   4  07 00 0  F        7013.37
DP   4  07 00 1  F        6984.68
DP   4  07 01 0  F        6953.80
DP   4  07 01 1  F        6918.16
DP   4  07 02 0  F        6873.62
DP   4  07 02 1  F        6818.38
DP   4  07 03 0  F        6761.54
DP   4  07 03 1  F        6711.22
DP   4  07 04 0  F        6660.48
DP   4  07 04 1  F        6603.40
DP   4  07 05 0  F        6552.99
DP   4  07 05 1  F        6516.28
DP   4  07 06 0  F        6457.47
DP   4  07 06 1  F        6344.98
DP   4  07 07 0  F        6206.80
DP   4  07 07 1  F        6079.65
DP   4  07 08 0  F        5975.42
DP   4  07 08 1  F        5898.08
DP   4  07 09 0  F        5844.60
DP   4  07 09 1  F        5809.99
DP   4  07 10 0  F        5788.26
DP   4  07 10 1  F        5774.16
DP   4  07 11 0  F        5766.28
DP   4  07 11 1  F        5763.38
DP   4  07 12 0  F        5761.16
DP   4  07 12 1  F        5757.00
DP   4  07 13 0  F        5758.15
DP   4  07 13 1  F        5772.58
DP   4  07 14 0  F        5801.41
DP   4  07 14 1  F        5843.24
DP   4  07 15 0  F        5893.59
DP   4  07 15 1  F        5945.05
DP   4  07 16 0  F        5981.52
DP   4  07 16 1  F        5991.43
DP   4  07 17 0  F        5989.93
DP   4  07 17 1  F        5998.25
DP   4  07 18 0  F        6035.07
DP   4  07 18 1  F        6116.17
DP   4  07 19 0  F        6248.23
DP   4  07 19 1  F        6422.55
DP   4  07 20 0  F        6578.12
DP   4  07 20 1  F        6661.33
DP   4  07 21 0  F        6700.64
DP   4  07 21 1  F        6737.07
DP   4  07 22 0  F        6779.80
DP   4  07 22 1  F        6829.22
DP   4  07 23 0  F        6882.39
DP   4  07 23 1  F        6935.56
