&   CARGA
&
&   ss  di hi m df hf m Demanda
&X  XX  XX XX X XX XX X XXXXXXXXXX
DP   1  09 00 0  F        45090.76
DP   1  09 00 1  F        43657.08
DP   1  09 01 0  F        42331.95
DP   1  09 01 1  F        41203.49
DP   1  09 02 0  F        40277.96
DP   1  09 02 1  F        39539.71
DP   1  09 03 0  F        38967.33
DP   1  09 03 1  F        38543.81
DP   1  09 04 0  F        38275.70
DP   1  09 04 1  F        38167.06
DP   1  09 05 0  F        38188.50
DP   1  09 05 1  F        38310.54
DP   1  09 06 0  F        38536.84
DP   1  09 06 1  F        38920.36
DP   1  09 07 0  F        39678.28
DP   1  09 07 1  F        40967.19
DP   1  09 08 0  F        42537.02
DP   1  09 08 1  F        44070.42
DP   1  09 09 0  F        45387.44
DP   1  09 09 1  F        46392.95
DP   1  09 10 0  F        47193.77
DP   1  09 10 1  F        47898.46
DP   1  09 11 0  F        48420.63
DP   1  09 11 1  F        48661.17
DP   1  09 12 0  F        48664.94
DP   1  09 12 1  F        48560.69
DP   1  09 13 0  F        48668.72
DP   1  09 13 1  F        49224.33
DP   1  09 14 0  F        49931.26
DP   1  09 14 1  F        50439.83
DP   1  09 15 0  F        50718.16
DP   1  09 15 1  F        50829.63
DP   1  09 16 0  F        50900.92
DP   1  09 16 1  F        50964.88
DP   1  09 17 0  F        50615.80
DP   1  09 17 1  F        49534.06
DP   1  09 18 0  F        48182.94
DP   1  09 18 1  F        47182.21
DP   1  09 19 0  F        46994.78
DP   1  09 19 1  F        47804.46
DP   1  09 20 0  F        48835.55
DP   1  09 20 1  F        49303.42
DP   1  09 21 0  F        49347.12
DP   1  09 21 1  F        49239.05
DP   1  09 22 0  F        48861.12
DP   1  09 22 1  F        48074.06
DP   1  09 23 0  F        47044.22
DP   1  09 23 1  F        46014.38
DP   2  09 00 0  F        15086.35
DP   2  09 00 1  F        14517.72
DP   2  09 01 0  F        14012.58
DP   2  09 01 1  F        13613.80
DP   2  09 02 0  F        13281.85
DP   2  09 02 1  F        12973.34
DP   2  09 03 0  F        12711.89
DP   2  09 03 1  F        12527.20
DP   2  09 04 0  F        12406.25
DP   2  09 04 1  F        12331.69
DP   2  09 05 0  F        12311.46
DP   2  09 05 1  F        12350.34
DP   2  09 06 0  F        12415.25
DP   2  09 06 1  F        12507.10
DP   2  09 07 0  F        12800.86
DP   2  09 07 1  F        13437.81
DP   2  09 08 0  F        14250.33
DP   2  09 08 1  F        15016.78
DP   2  09 09 0  F        15608.30
DP   2  09 09 1  F        15966.44
DP   2  09 10 0  F        16221.49
DP   2  09 10 1  F        16513.90
DP   2  09 11 0  F        16836.15
DP   2  09 11 1  F        17106.19
DP   2  09 12 0  F        17091.94
DP   2  09 12 1  F        16689.88
DP   2  09 13 0  F        16460.70
DP   2  09 13 1  F        16898.91
DP   2  09 14 0  F        17569.95
DP   2  09 14 1  F        17945.48
DP   2  09 15 0  F        18051.04
DP   2  09 15 1  F        18030.97
DP   2  09 16 0  F        17950.99
DP   2  09 16 1  F        17840.27
DP   2  09 17 0  F        17660.35
DP   2  09 17 1  F        17343.03
DP   2  09 18 0  F        16768.84
DP   2  09 18 1  F        15941.48
DP   2  09 19 0  F        15408.75
DP   2  09 19 1  F        15622.39
DP   2  09 20 0  F        16105.74
DP   2  09 20 1  F        16311.42
DP   2  09 21 0  F        16337.50
DP   2  09 21 1  F        16378.94
DP   2  09 22 0  F        16372.93
DP   2  09 22 1  F        16228.00
DP   2  09 23 0  F        15995.71
DP   2  09 23 1  F        15763.42
DP   3  09 00 0  F        14124.00
DP   3  09 00 1  F        13875.45
DP   3  09 01 0  F        13637.46
DP   3  09 01 1  F        13420.74
DP   3  09 02 0  F        13236.72
DP   3  09 02 1  F        13091.20
DP   3  09 03 0  F        12966.85
DP   3  09 03 1  F        12851.20
DP   3  09 04 0  F        12774.29
DP   3  09 04 1  F        12743.54
DP   3  09 05 0  F        12633.42
DP   3  09 05 1  F        12344.19
DP   3  09 06 0  F        12012.22
DP   3  09 06 1  F        11811.19
DP   3  09 07 0  F        11827.95
DP   3  09 07 1  F        12099.01
DP   3  09 08 0  F        12546.50
DP   3  09 08 1  F        13057.17
DP   3  09 09 0  F        13490.62
DP   3  09 09 1  F        13744.18
DP   3  09 10 0  F        13893.16
DP   3  09 10 1  F        14033.49
DP   3  09 11 0  F        14165.77
DP   3  09 11 1  F        14257.22
DP   3  09 12 0  F        14237.22
DP   3  09 12 1  F        14079.39
DP   3  09 13 0  F        13972.27
DP   3  09 13 1  F        14089.08
DP   3  09 14 0  F        14326.71
DP   3  09 14 1  F        14536.91
DP   3  09 15 0  F        14667.03
DP   3  09 15 1  F        14699.16
DP   3  09 16 0  F        14658.49
DP   3  09 16 1  F        14553.34
DP   3  09 17 0  F        14281.44
DP   3  09 17 1  F        13802.76
DP   3  09 18 0  F        13436.91
DP   3  09 18 1  F        13466.14
DP   3  09 19 0  F        13663.56
DP   3  09 19 1  F        13744.52
DP   3  09 20 0  F        13702.44
DP   3  09 20 1  F        13620.72
DP   3  09 21 0  F        13664.66
DP   3  09 21 1  F        13941.69
DP   3  09 22 0  F        14245.89
DP   3  09 22 1  F        14361.83
DP   3  09 23 0  F        14349.24
DP   3  09 23 1  F        14336.65
DP   4  09 00 0  F        7424.42
DP   4  09 00 1  F        7377.17
DP   4  09 01 0  F        7319.87
DP   4  09 01 1  F        7247.04
DP   4  09 02 0  F        7171.43
DP   4  09 02 1  F        7104.50
DP   4  09 03 0  F        7034.49
DP   4  09 03 1  F        6950.71
DP   4  09 04 0  F        6869.82
DP   4  09 04 1  F        6810.43
DP   4  09 05 0  F        6771.25
DP   4  09 05 1  F        6740.03
DP   4  09 06 0  F        6680.39
DP   4  09 06 1  F        6568.11
DP   4  09 07 0  F        6451.58
DP   4  09 07 1  F        6390.64
DP   4  09 08 0  F        6418.09
DP   4  09 08 1  F        6543.06
DP   4  09 09 0  F        6706.97
DP   4  09 09 1  F        6847.21
DP   4  09 10 0  F        6952.86
DP   4  09 10 1  F        7026.06
DP   4  09 11 0  F        7069.46
DP   4  09 11 1  F        7083.20
DP   4  09 12 0  F        7056.76
DP   4  09 12 1  F        6992.36
DP   4  09 13 0  F        6953.83
DP   4  09 13 1  F        6999.17
DP   4  09 14 0  F        7101.61
DP   4  09 14 1  F        7216.47
DP   4  09 15 0  F        7312.38
DP   4  09 15 1  F        7365.79
DP   4  09 16 0  F        7371.16
DP   4  09 16 1  F        7327.92
DP   4  09 17 0  F        7237.41
DP   4  09 17 1  F        7103.72
DP   4  09 18 0  F        6940.01
DP   4  09 18 1  F        6776.06
DP   4  09 19 0  F        6699.11
DP   4  09 19 1  F        6771.89
DP   4  09 20 0  F        6901.77
DP   4  09 20 1  F        6986.03
DP   4  09 21 0  F        7037.00
DP   4  09 21 1  F        7088.50
DP   4  09 22 0  F        7145.44
DP   4  09 22 1  F        7205.59
DP   4  09 23 0  F        7267.29
DP   4  09 23 1  F        7328.99
