&   CARGA
&
&   ss  di hi m df hf m Demanda
&X  XX  XX XX X XX XX X XXXXXXXXXX
DP   1  10 00 0  F        44512.51
DP   1  10 00 1  F        43071.17
DP   1  10 01 0  F        41732.96
DP   1  10 01 1  F        40586.44
DP   1  10 02 0  F        39661.87
DP   1  10 02 1  F        38959.00
DP   1  10 03 0  F        38413.88
DP   1  10 03 1  F        37973.40
DP   1  10 04 0  F        37691.40
DP   1  10 04 1  F        37619.78
DP   1  10 05 0  F        37695.63
DP   1  10 05 1  F        37847.71
DP   1  10 06 0  F        38086.21
DP   1  10 06 1  F        38483.69
DP   1  10 07 0  F        39280.61
DP   1  10 07 1  F        40641.78
DP   1  10 08 0  F        42261.26
DP   1  10 08 1  F        43771.75
DP   1  10 09 0  F        45031.17
DP   1  10 09 1  F        45993.25
DP   1  10 10 0  F        46769.78
DP   1  10 10 1  F        47462.30
DP   1  10 11 0  F        47973.31
DP   1  10 11 1  F        48199.14
DP   1  10 12 0  F        48210.49
DP   1  10 12 1  F        48154.91
DP   1  10 13 0  F        48312.92
DP   1  10 13 1  F        48884.51
DP   1  10 14 0  F        49614.48
DP   1  10 14 1  F        50192.64
DP   1  10 15 0  F        50544.11
DP   1  10 15 1  F        50682.70
DP   1  10 16 0  F        50741.81
DP   1  10 16 1  F        50775.39
DP   1  10 17 0  F        50399.86
DP   1  10 17 1  F        49323.80
DP   1  10 18 0  F        48062.00
DP   1  10 18 1  F        47256.09
DP   1  10 19 0  F        47248.98
DP   1  10 19 1  F        48103.11
DP   1  10 20 0  F        49057.55
DP   1  10 20 1  F        49377.36
DP   1  10 21 0  F        49254.73
DP   1  10 21 1  F        49006.51
DP   1  10 22 0  F        48521.18
DP   1  10 22 1  F        47654.51
DP   1  10 23 0  F        46559.96
DP   1  10 23 1  F        45465.41
DP   2  10 00 0  F        14967.93
DP   2  10 00 1  F        14384.49
DP   2  10 01 0  F        13870.40
DP   2  10 01 1  F        13472.69
DP   2  10 02 0  F        13149.06
DP   2  10 02 1  F        12850.83
DP   2  10 03 0  F        12593.17
DP   2  10 03 1  F        12401.07
DP   2  10 04 0  F        12275.15
DP   2  10 04 1  F        12209.37
DP   2  10 05 0  F        12195.57
DP   2  10 05 1  F        12221.47
DP   2  10 06 0  F        12260.26
DP   2  10 06 1  F        12322.57
DP   2  10 07 0  F        12583.26
DP   2  10 07 1  F        13185.38
DP   2  10 08 0  F        13980.53
DP   2  10 08 1  F        14760.48
DP   2  10 09 0  F        15368.94
DP   2  10 09 1  F        15720.91
DP   2  10 10 0  F        15964.29
DP   2  10 10 1  F        16259.58
DP   2  10 11 0  F        16584.66
DP   2  10 11 1  F        16842.50
DP   2  10 12 0  F        16819.00
DP   2  10 12 1  F        16431.10
DP   2  10 13 0  F        16236.90
DP   2  10 13 1  F        16720.34
DP   2  10 14 0  F        17427.41
DP   2  10 14 1  F        17814.41
DP   2  10 15 0  F        17916.77
DP   2  10 15 1  F        17892.57
DP   2  10 16 0  F        17811.49
DP   2  10 16 1  F        17703.74
DP   2  10 17 0  F        17530.01
DP   2  10 17 1  F        17219.69
DP   2  10 18 0  F        16646.33
DP   2  10 18 1  F        15807.18
DP   2  10 19 0  F        15250.24
DP   2  10 19 1  F        15432.77
DP   2  10 20 0  F        15898.52
DP   2  10 20 1  F        16116.06
DP   2  10 21 0  F        16166.95
DP   2  10 21 1  F        16228.49
DP   2  10 22 0  F        16248.19
DP   2  10 22 1  F        16147.04
DP   2  10 23 0  F        15969.99
DP   2  10 23 1  F        15792.93
DP   3  10 00 0  F        13814.51
DP   3  10 00 1  F        13558.05
DP   3  10 01 0  F        13318.60
DP   3  10 01 1  F        13110.93
DP   3  10 02 0  F        12940.84
DP   3  10 02 1  F        12806.20
DP   3  10 03 0  F        12682.04
DP   3  10 03 1  F        12552.85
DP   3  10 04 0  F        12463.62
DP   3  10 04 1  F        12437.17
DP   3  10 05 0  F        12347.19
DP   3  10 05 1  F        12086.60
DP   3  10 06 0  F        11774.40
DP   3  10 06 1  F        11571.73
DP   3  10 07 0  F        11582.19
DP   3  10 07 1  F        11857.79
DP   3  10 08 0  F        12301.72
DP   3  10 08 1  F        12784.47
DP   3  10 09 0  F        13194.77
DP   3  10 09 1  F        13457.10
DP   3  10 10 0  F        13620.86
DP   3  10 10 1  F        13753.43
DP   3  10 11 0  F        13869.21
DP   3  10 11 1  F        13954.85
DP   3  10 12 0  F        13939.18
DP   3  10 12 1  F        13790.19
DP   3  10 13 0  F        13690.32
DP   3  10 13 1  F        13808.36
DP   3  10 14 0  F        14044.10
DP   3  10 14 1  F        14251.60
DP   3  10 15 0  F        14371.15
DP   3  10 15 1  F        14380.94
DP   3  10 16 0  F        14324.58
DP   3  10 16 1  F        14227.05
DP   3  10 17 0  F        13973.44
DP   3  10 17 1  F        13508.48
DP   3  10 18 0  F        13155.26
DP   3  10 18 1  F        13201.32
DP   3  10 19 0  F        13413.54
DP   3  10 19 1  F        13501.98
DP   3  10 20 0  F        13470.04
DP   3  10 20 1  F        13409.03
DP   3  10 21 0  F        13468.43
DP   3  10 21 1  F        13740.04
DP   3  10 22 0  F        14026.59
DP   3  10 22 1  F        14124.69
DP   3  10 23 0  F        14095.51
DP   3  10 23 1  F        14066.32
DP   4  10 00 0  F        7162.13
DP   4  10 00 1  F        7120.78
DP   4  10 01 0  F        7069.43
DP   4  10 01 1  F        7002.21
DP   4  10 02 0  F        6929.74
DP   4  10 02 1  F        6862.79
DP   4  10 03 0  F        6796.17
DP   4  10 03 1  F        6724.29
DP   4  10 04 0  F        6655.89
DP   4  10 04 1  F        6601.61
DP   4  10 05 0  F        6565.37
DP   4  10 05 1  F        6540.62
DP   4  10 06 0  F        6485.69
DP   4  10 06 1  F        6371.61
DP   4  10 07 0  F        6255.31
DP   4  10 07 1  F        6205.56
DP   4  10 08 0  F        6252.71
DP   4  10 08 1  F        6399.85
DP   4  10 09 0  F        6579.42
DP   4  10 09 1  F        6722.22
DP   4  10 10 0  F        6823.13
DP   4  10 10 1  F        6892.36
DP   4  10 11 0  F        6937.51
DP   4  10 11 1  F        6961.08
DP   4  10 12 0  F        6947.81
DP   4  10 12 1  F        6895.13
DP   4  10 13 0  F        6869.18
DP   4  10 13 1  F        6931.05
DP   4  10 14 0  F        7053.20
DP   4  10 14 1  F        7188.81
DP   4  10 15 0  F        7302.77
DP   4  10 15 1  F        7367.69
DP   4  10 16 0  F        7375.48
DP   4  10 16 1  F        7325.43
DP   4  10 17 0  F        7227.11
DP   4  10 17 1  F        7092.52
DP   4  10 18 0  F        6933.16
DP   4  10 18 1  F        6776.10
DP   4  10 19 0  F        6711.35
DP   4  10 19 1  F        6802.10
DP   4  10 20 0  F        6941.38
DP   4  10 20 1  F        7015.37
DP   4  10 21 0  F        7053.14
DP   4  10 21 1  F        7105.98
DP   4  10 22 0  F        7171.17
DP   4  10 22 1  F        7235.51
DP   4  10 23 0  F        7297.91
DP   4  10 23 1  F        7360.31
