&   CARGA
&
&   ss  di hi m df hf m Demanda
&X  XX  XX XX X XX XX X XXXXXXXXXX
DP   1  06 00 0  F        43643.29
DP   1  06 00 1  F        42373.50
DP   1  06 01 0  F        41180.84
DP   1  06 01 1  F        40129.20
DP   1  06 02 0  F        39229.49
DP   1  06 02 1  F        38477.55
DP   1  06 03 0  F        37861.76
DP   1  06 03 1  F        37375.51
DP   1  06 04 0  F        37039.46
DP   1  06 04 1  F        36854.49
DP   1  06 05 0  F        36715.18
DP   1  06 05 1  F        36511.30
DP   1  06 06 0  F        36219.68
DP   1  06 06 1  F        35909.99
DP   1  06 07 0  F        35936.18
DP   1  06 07 1  F        36581.78
DP   1  06 08 0  F        37564.30
DP   1  06 08 1  F        38529.45
DP   1  06 09 0  F        39401.75
DP   1  06 09 1  F        40171.33
DP   1  06 10 0  F        40811.83
DP   1  06 10 1  F        41297.61
DP   1  06 11 0  F        41622.40
DP   1  06 11 1  F        41802.41
DP   1  06 12 0  F        41924.44
DP   1  06 12 1  F        42071.66
DP   1  06 13 0  F        42241.99
DP   1  06 13 1  F        42406.74
DP   1  06 14 0  F        42515.95
DP   1  06 14 1  F        42539.34
DP   1  06 15 0  F        42546.54
DP   1  06 15 1  F        42611.61
DP   1  06 16 0  F        42726.24
DP   1  06 16 1  F        42854.38
DP   1  06 17 0  F        42931.40
DP   1  06 17 1  F        42933.44
DP   1  06 18 0  F        43028.45
DP   1  06 18 1  F        43415.18
DP   1  06 19 0  F        44223.80
DP   1  06 19 1  F        45426.19
DP   1  06 20 0  F        46429.74
DP   1  06 20 1  F        46676.34
DP   1  06 21 0  F        46310.47
DP   1  06 21 1  F        45618.86
DP   1  06 22 0  F        44754.66
DP   1  06 22 1  F        43822.07
DP   1  06 23 0  F        42863.08
DP   1  06 23 1  F        41904.08
DP   2  06 00 0  F        13251.70
DP   2  06 00 1  F        12752.10
DP   2  06 01 0  F        12305.82
DP   2  06 01 1  F        11949.32
DP   2  06 02 0  F        11651.48
DP   2  06 02 1  F        11376.76
DP   2  06 03 0  F        11139.45
DP   2  06 03 1  F        10960.84
DP   2  06 04 0  F        10840.45
DP   2  06 04 1  F        10770.02
DP   2  06 05 0  F        10732.10
DP   2  06 05 1  F        10703.01
DP   2  06 06 0  F        10643.61
DP   2  06 06 1  F        10552.31
DP   2  06 07 0  F        10593.34
DP   2  06 07 1  F        10901.66
DP   2  06 08 0  F        11329.33
DP   2  06 08 1  F        11693.36
DP   2  06 09 0  F        11953.44
DP   2  06 09 1  F        12119.48
DP   2  06 10 0  F        12259.55
DP   2  06 10 1  F        12435.63
DP   2  06 11 0  F        12627.07
DP   2  06 11 1  F        12785.55
DP   2  06 12 0  F        12834.70
DP   2  06 12 1  F        12735.46
DP   2  06 13 0  F        12626.28
DP   2  06 13 1  F        12640.74
DP   2  06 14 0  F        12715.46
DP   2  06 14 1  F        12759.73
DP   2  06 15 0  F        12770.44
DP   2  06 15 1  F        12766.25
DP   2  06 16 0  F        12765.35
DP   2  06 16 1  F        12788.44
DP   2  06 17 0  F        12866.83
DP   2  06 17 1  F        13004.49
DP   2  06 18 0  F        13085.42
DP   2  06 18 1  F        13043.04
DP   2  06 19 0  F        13128.38
DP   2  06 19 1  F        13547.92
DP   2  06 20 0  F        14012.28
DP   2  06 20 1  F        14197.04
DP   2  06 21 0  F        14133.63
DP   2  06 21 1  F        13928.79
DP   2  06 22 0  F        13634.79
DP   2  06 22 1  F        13288.08
DP   2  06 23 0  F        12916.13
DP   2  06 23 1  F        12544.18
DP   3  06 00 0  F        14114.22
DP   3  06 00 1  F        13913.39
DP   3  06 01 0  F        13703.31
DP   3  06 01 1  F        13484.04
DP   3  06 02 0  F        13292.94
DP   3  06 02 1  F        13159.62
DP   3  06 03 0  F        13045.53
DP   3  06 03 1  F        12914.49
DP   3  06 04 0  F        12807.87
DP   3  06 04 1  F        12751.17
DP   3  06 05 0  F        12628.66
DP   3  06 05 1  F        12338.60
DP   3  06 06 0  F        11976.38
DP   3  06 06 1  F        11675.65
DP   3  06 07 0  F        11525.80
DP   3  06 07 1  F        11577.60
DP   3  06 08 0  F        11771.47
DP   3  06 08 1  F        12020.80
DP   3  06 09 0  F        12241.11
DP   3  06 09 1  F        12372.14
DP   3  06 10 0  F        12448.25
DP   3  06 10 1  F        12519.26
DP   3  06 11 0  F        12602.38
DP   3  06 11 1  F        12692.59
DP   3  06 12 0  F        12728.63
DP   3  06 12 1  F        12669.56
DP   3  06 13 0  F        12612.08
DP   3  06 13 1  F        12651.87
DP   3  06 14 0  F        12742.95
DP   3  06 14 1  F        12816.45
DP   3  06 15 0  F        12853.72
DP   3  06 15 1  F        12852.21
DP   3  06 16 0  F        12823.77
DP   3  06 16 1  F        12774.32
DP   3  06 17 0  F        12671.88
DP   3  06 17 1  F        12529.33
DP   3  06 18 0  F        12577.13
DP   3  06 18 1  F        12985.91
DP   3  06 19 0  F        13469.44
DP   3  06 19 1  F        13714.04
DP   3  06 20 0  F        13753.21
DP   3  06 20 1  F        13703.91
DP   3  06 21 0  F        13669.84
DP   3  06 21 1  F        13719.34
DP   3  06 22 0  F        13792.53
DP   3  06 22 1  F        13818.48
DP   3  06 23 0  F        13810.31
DP   3  06 23 1  F        13802.14
DP   4  06 00 0  F        7435.04
DP   4  06 00 1  F        7403.90
DP   4  06 01 0  F        7364.36
DP   4  06 01 1  F        7310.85
DP   4  06 02 0  F        7248.99
DP   4  06 02 1  F        7185.04
DP   4  06 03 0  F        7116.34
DP   4  06 03 1  F        7041.44
DP   4  06 04 0  F        6972.37
DP   4  06 04 1  F        6920.51
DP   4  06 05 0  F        6881.26
DP   4  06 05 1  F        6840.66
DP   4  06 06 0  F        6763.44
DP   4  06 06 1  F        6626.18
DP   4  06 07 0  F        6474.05
DP   4  06 07 1  F        6360.80
DP   4  06 08 0  F        6305.80
DP   4  06 08 1  F        6311.27
DP   4  06 09 0  F        6345.41
DP   4  06 09 1  F        6374.91
DP   4  06 10 0  F        6394.61
DP   4  06 10 1  F        6406.38
DP   4  06 11 0  F        6412.03
DP   4  06 11 1  F        6411.69
DP   4  06 12 0  F        6398.69
DP   4  06 12 1  F        6370.46
DP   4  06 13 0  F        6347.51
DP   4  06 13 1  F        6350.25
DP   4  06 14 0  F        6375.78
DP   4  06 14 1  F        6415.19
DP   4  06 15 0  F        6458.76
DP   4  06 15 1  F        6494.73
DP   4  06 16 0  F        6503.86
DP   4  06 16 1  F        6473.29
DP   4  06 17 0  F        6423.24
DP   4  06 17 1  F        6380.98
DP   4  06 18 0  F        6369.01
DP   4  06 18 1  F        6406.73
DP   4  06 19 0  F        6505.80
DP   4  06 19 1  F        6660.68
DP   4  06 20 0  F        6804.55
DP   4  06 20 1  F        6876.51
DP   4  06 21 0  F        6900.44
DP   4  06 21 1  F        6914.72
DP   4  06 22 0  F        6930.95
DP   4  06 22 1  F        6952.61
DP   4  06 23 0  F        6977.68
DP   4  06 23 1  F        7002.75
