&   CARGA
&
&   ss  di hi m df hf m Demanda
&X  XX  XX XX X XX XX X XXXXXXXXXX
DP   1  05 00 0  F        44090.59
DP   1  05 00 1  F        42763.47
DP   1  05 01 0  F        41513.47
DP   1  05 01 1  F        40407.86
DP   1  05 02 0  F        39474.57
DP   1  05 02 1  F        38725.74
DP   1  05 03 0  F        38149.74
DP   1  05 03 1  F        37733.74
DP   1  05 04 0  F        37483.86
DP   1  05 04 1  F        37396.38
DP   1  05 05 0  F        37409.29
DP   1  05 05 1  F        37462.68
DP   1  05 06 0  F        37563.18
DP   1  05 06 1  F        37783.83
DP   1  05 07 0  F        38396.64
DP   1  05 07 1  F        39596.02
DP   1  05 08 0  F        41066.87
DP   1  05 08 1  F        42433.27
DP   1  05 09 0  F        43585.52
DP   1  05 09 1  F        44503.30
DP   1  05 10 0  F        45257.70
DP   1  05 10 1  F        45905.09
DP   1  05 11 0  F        46351.80
DP   1  05 11 1  F        46517.21
DP   1  05 12 0  F        46523.17
DP   1  05 12 1  F        46545.75
DP   1  05 13 0  F        46775.48
DP   1  05 13 1  F        47320.37
DP   1  05 14 0  F        47944.03
DP   1  05 14 1  F        48387.86
DP   1  05 15 0  F        48648.94
DP   1  05 15 1  F        48775.27
DP   1  05 16 0  F        48762.84
DP   1  05 16 1  F        48574.28
DP   1  05 17 0  F        48090.66
DP   1  05 17 1  F        47253.94
DP   1  05 18 0  F        46331.14
DP   1  05 18 1  F        45687.96
DP   1  05 19 0  F        45759.67
DP   1  05 19 1  F        46745.39
DP   1  05 20 0  F        47829.91
DP   1  05 20 1  F        48199.49
DP   1  05 21 0  F        48060.63
DP   1  05 21 1  F        47775.75
DP   1  05 22 0  F        47310.65
DP   1  05 22 1  F        46580.34
DP   1  05 23 0  F        45693.25
DP   1  05 23 1  F        44806.15
DP   2  05 00 0  F        13245.08
DP   2  05 00 1  F        12755.70
DP   2  05 01 0  F        12316.70
DP   2  05 01 1  F        11964.38
DP   2  05 02 0  F        11678.74
DP   2  05 02 1  F        11433.52
DP   2  05 03 0  F        11233.81
DP   2  05 03 1  F        11089.78
DP   2  05 04 0  F        11000.60
DP   2  05 04 1  F        10963.57
DP   2  05 05 0  F        10979.58
DP   2  05 05 1  F        11045.15
DP   2  05 06 0  F        11135.97
DP   2  05 06 1  F        11257.93
DP   2  05 07 0  F        11558.81
DP   2  05 07 1  F        12148.85
DP   2  05 08 0  F        12846.32
DP   2  05 08 1  F        13433.70
DP   2  05 09 0  F        13842.40
DP   2  05 09 1  F        14069.84
DP   2  05 10 0  F        14228.53
DP   2  05 10 1  F        14430.94
DP   2  05 11 0  F        14674.12
DP   2  05 11 1  F        14889.88
DP   2  05 12 0  F        14864.19
DP   2  05 12 1  F        14487.22
DP   2  05 13 0  F        14211.61
DP   2  05 13 1  F        14449.24
DP   2  05 14 0  F        14886.59
DP   2  05 14 1  F        15131.85
DP   2  05 15 0  F        15205.57
DP   2  05 15 1  F        15212.88
DP   2  05 16 0  F        15184.98
DP   2  05 16 1  F        15132.02
DP   2  05 17 0  F        15053.88
DP   2  05 17 1  F        14929.15
DP   2  05 18 0  F        14661.38
DP   2  05 18 1  F        14230.86
DP   2  05 19 0  F        13999.68
DP   2  05 19 1  F        14263.61
DP   2  05 20 0  F        14671.08
DP   2  05 20 1  F        14824.15
DP   2  05 21 0  F        14786.72
DP   2  05 21 1  F        14700.86
DP   2  05 22 0  F        14559.56
DP   2  05 22 1  F        14334.25
DP   2  05 23 0  F        14059.07
DP   2  05 23 1  F        13783.90
DP   3  05 00 0  F        14258.78
DP   3  05 00 1  F        13998.94
DP   3  05 01 0  F        13758.93
DP   3  05 01 1  F        13553.75
DP   3  05 02 0  F        13379.00
DP   3  05 02 1  F        13225.00
DP   3  05 03 0  F        13080.39
DP   3  05 03 1  F        12942.58
DP   3  05 04 0  F        12845.67
DP   3  05 04 1  F        12800.33
DP   3  05 05 0  F        12686.55
DP   3  05 05 1  F        12405.29
DP   3  05 06 0  F        12071.89
DP   3  05 06 1  F        11839.50
DP   3  05 07 0  F        11798.19
DP   3  05 07 1  F        11994.39
DP   3  05 08 0  F        12363.08
DP   3  05 08 1  F        12806.59
DP   3  05 09 0  F        13208.12
DP   3  05 09 1  F        13478.59
DP   3  05 10 0  F        13658.92
DP   3  05 10 1  F        13808.46
DP   3  05 11 0  F        13930.28
DP   3  05 11 1  F        14005.92
DP   3  05 12 0  F        13987.04
DP   3  05 12 1  F        13859.89
DP   3  05 13 0  F        13779.13
DP   3  05 13 1  F        13886.05
DP   3  05 14 0  F        14100.34
DP   3  05 14 1  F        14301.36
DP   3  05 15 0  F        14429.07
DP   3  05 15 1  F        14452.83
DP   3  05 16 0  F        14399.14
DP   3  05 16 1  F        14282.52
DP   3  05 17 0  F        14012.40
DP   3  05 17 1  F        13555.77
DP   3  05 18 0  F        13214.79
DP   3  05 18 1  F        13257.06
DP   3  05 19 0  F        13476.88
DP   3  05 19 1  F        13608.76
DP   3  05 20 0  F        13621.55
DP   3  05 20 1  F        13568.48
DP   3  05 21 0  F        13606.05
DP   3  05 21 1  F        13846.98
DP   3  05 22 0  F        14125.62
DP   3  05 22 1  F        14262.40
DP   3  05 23 0  F        14300.40
DP   3  05 23 1  F        14338.40
DP   4  05 00 0  F        7799.95
DP   4  05 00 1  F        7753.55
DP   4  05 01 0  F        7694.87
DP   4  05 01 1  F        7616.60
DP   4  05 02 0  F        7531.40
DP   4  05 02 1  F        7452.27
DP   4  05 03 0  F        7373.65
DP   4  05 03 1  F        7288.94
DP   4  05 04 0  F        7205.91
DP   4  05 04 1  F        7134.42
DP   4  05 05 0  F        7078.27
DP   4  05 05 1  F        7030.48
DP   4  05 06 0  F        6946.98
DP   4  05 06 1  F        6797.54
DP   4  05 07 0  F        6644.06
DP   4  05 07 1  F        6561.68
DP   4  05 08 0  F        6586.29
DP   4  05 08 1  F        6723.07
DP   4  05 09 0  F        6893.48
DP   4  05 09 1  F        7018.75
DP   4  05 10 0  F        7102.73
DP   4  05 10 1  F        7165.20
DP   4  05 11 0  F        7207.03
DP   4  05 11 1  F        7223.93
DP   4  05 12 0  F        7209.80
DP   4  05 12 1  F        7169.66
DP   4  05 13 0  F        7154.72
DP   4  05 13 1  F        7211.34
DP   4  05 14 0  F        7320.33
DP   4  05 14 1  F        7445.05
DP   4  05 15 0  F        7544.48
DP   4  05 15 1  F        7585.27
DP   4  05 16 0  F        7568.99
DP   4  05 16 1  F        7505.64
DP   4  05 17 0  F        7403.93
DP   4  05 17 1  F        7272.26
DP   4  05 18 0  F        7118.93
DP   4  05 18 1  F        6968.31
DP   4  05 19 0  F        6909.08
DP   4  05 19 1  F        7003.25
DP   4  05 20 0  F        7141.87
DP   4  05 20 1  F        7210.98
DP   4  05 21 0  F        7247.74
DP   4  05 21 1  F        7309.72
DP   4  05 22 0  F        7385.21
DP   4  05 22 1  F        7451.30
DP   4  05 23 0  F        7509.63
DP   4  05 23 1  F        7567.95
