&   CARGA
&
&   ss  di hi m df hf m Demanda
&X  XX  XX XX X XX XX X XXXXXXXXXX
DP   1  08 00 0  F        41038.78
DP   1  08 00 1  F        40043.09
DP   1  08 01 0  F        39068.25
DP   1  08 01 1  F        38147.86
DP   1  08 02 0  F        37366.43
DP   1  08 02 1  F        36791.07
DP   1  08 03 0  F        36368.29
DP   1  08 03 1  F        36037.26
DP   1  08 04 0  F        35828.27
DP   1  08 04 1  F        35774.33
DP   1  08 05 0  F        35828.33
DP   1  08 05 1  F        35953.24
DP   1  08 06 0  F        36232.53
DP   1  08 06 1  F        36776.97
DP   1  08 07 0  F        37685.98
DP   1  08 07 1  F        39005.00
DP   1  08 08 0  F        40575.05
DP   1  08 08 1  F        42187.56
DP   1  08 09 0  F        43640.03
DP   1  08 09 1  F        44790.83
DP   1  08 10 0  F        45735.86
DP   1  08 10 1  F        46580.39
DP   1  08 11 0  F        47229.89
DP   1  08 11 1  F        47580.83
DP   1  08 12 0  F        47693.63
DP   1  08 12 1  F        47708.49
DP   1  08 13 0  F        47920.81
DP   1  08 13 1  F        48542.17
DP   1  08 14 0  F        49293.72
DP   1  08 14 1  F        49852.91
DP   1  08 15 0  F        50212.78
DP   1  08 15 1  F        50443.79
DP   1  08 16 0  F        50610.51
DP   1  08 16 1  F        50691.34
DP   1  08 17 0  F        50325.90
DP   1  08 17 1  F        49244.04
DP   1  08 18 0  F        47875.31
DP   1  08 18 1  F        46806.60
DP   1  08 19 0  F        46554.66
DP   1  08 19 1  F        47368.32
DP   1  08 20 0  F        48495.10
DP   1  08 20 1  F        49150.04
DP   1  08 21 0  F        49419.79
DP   1  08 21 1  F        49521.60
DP   1  08 22 0  F        49323.66
DP   1  08 22 1  F        48686.63
DP   1  08 23 0  F        47790.16
DP   1  08 23 1  F        46893.70
DP   2  08 00 0  F        13578.84
DP   2  08 00 1  F        13180.51
DP   2  08 01 0  F        12814.57
DP   2  08 01 1  F        12505.21
DP   2  08 02 0  F        12243.96
DP   2  08 02 1  F        12017.80
DP   2  08 03 0  F        11828.29
DP   2  08 03 1  F        11681.53
DP   2  08 04 0  F        11587.33
DP   2  08 04 1  F        11554.06
DP   2  08 05 0  F        11580.65
DP   2  08 05 1  F        11659.90
DP   2  08 06 0  F        11769.57
DP   2  08 06 1  F        11918.71
DP   2  08 07 0  F        12256.60
DP   2  08 07 1  F        12901.66
DP   2  08 08 0  F        13708.66
DP   2  08 08 1  F        14483.22
DP   2  08 09 0  F        15098.13
DP   2  08 09 1  F        15487.87
DP   2  08 10 0  F        15766.52
DP   2  08 10 1  F        16061.66
DP   2  08 11 0  F        16375.37
DP   2  08 11 1  F        16638.42
DP   2  08 12 0  F        16622.00
DP   2  08 12 1  F        16222.20
DP   2  08 13 0  F        15994.38
DP   2  08 13 1  F        16427.68
DP   2  08 14 0  F        17087.30
DP   2  08 14 1  F        17449.06
DP   2  08 15 0  F        17555.21
DP   2  08 15 1  F        17562.03
DP   2  08 16 0  F        17515.29
DP   2  08 16 1  F        17423.36
DP   2  08 17 0  F        17255.32
DP   2  08 17 1  F        16954.98
DP   2  08 18 0  F        16404.38
DP   2  08 18 1  F        15599.76
DP   2  08 19 0  F        15056.11
DP   2  08 19 1  F        15205.30
DP   2  08 20 0  F        15627.98
DP   2  08 20 1  F        15831.52
DP   2  08 21 0  F        15881.43
DP   2  08 21 1  F        15929.90
DP   2  08 22 0  F        15917.55
DP   2  08 22 1  F        15765.27
DP   2  08 23 0  F        15526.47
DP   2  08 23 1  F        15287.67
DP   3  08 00 0  F        13600.38
DP   3  08 00 1  F        13374.32
DP   3  08 01 0  F        13162.84
DP   3  08 01 1  F        12977.98
DP   3  08 02 0  F        12821.71
DP   3  08 02 1  F        12690.96
DP   3  08 03 0  F        12572.54
DP   3  08 03 1  F        12459.25
DP   3  08 04 0  F        12378.14
DP   3  08 04 1  F        12337.25
DP   3  08 05 0  F        12234.50
DP   3  08 05 1  F        11987.13
DP   3  08 06 0  F        11699.91
DP   3  08 06 1  F        11513.04
DP   3  08 07 0  F        11520.93
DP   3  08 07 1  F        11776.72
DP   3  08 08 0  F        12214.15
DP   3  08 08 1  F        12727.10
DP   3  08 09 0  F        13169.46
DP   3  08 09 1  F        13431.93
DP   3  08 10 0  F        13592.55
DP   3  08 10 1  F        13749.47
DP   3  08 11 0  F        13894.01
DP   3  08 11 1  F        13985.64
DP   3  08 12 0  F        13963.38
DP   3  08 12 1  F        13811.84
DP   3  08 13 0  F        13718.61
DP   3  08 13 1  F        13852.07
DP   3  08 14 0  F        14100.97
DP   3  08 14 1  F        14310.83
DP   3  08 15 0  F        14433.75
DP   3  08 15 1  F        14459.77
DP   3  08 16 0  F        14423.98
DP   3  08 16 1  F        14340.13
DP   3  08 17 0  F        14091.48
DP   3  08 17 1  F        13624.12
DP   3  08 18 0  F        13265.88
DP   3  08 18 1  F        13308.52
DP   3  08 19 0  F        13517.87
DP   3  08 19 1  F        13600.87
DP   3  08 20 0  F        13554.92
DP   3  08 20 1  F        13471.56
DP   3  08 21 0  F        13528.43
DP   3  08 21 1  F        13839.27
DP   3  08 22 0  F        14176.15
DP   3  08 22 1  F        14301.87
DP   3  08 23 0  F        14283.92
DP   3  08 23 1  F        14265.97
DP   4  08 00 0  F        7080.41
DP   4  08 00 1  F        7051.68
DP   4  08 01 0  F        7016.28
DP   4  08 01 1  F        6969.51
DP   4  08 02 0  F        6914.66
DP   4  08 02 1  F        6855.90
DP   4  08 03 0  F        6793.01
DP   4  08 03 1  F        6726.95
DP   4  08 04 0  F        6667.93
DP   4  08 04 1  F        6625.48
DP   4  08 05 0  F        6597.19
DP   4  08 05 1  F        6572.02
DP   4  08 06 0  F        6516.52
DP   4  08 06 1  F        6409.86
DP   4  08 07 0  F        6304.28
DP   4  08 07 1  F        6260.00
DP   4  08 08 0  F        6296.24
DP   4  08 08 1  F        6410.99
DP   4  08 09 0  F        6558.31
DP   4  08 09 1  F        6690.03
DP   4  08 10 0  F        6792.88
DP   4  08 10 1  F        6863.64
DP   4  08 11 0  F        6904.49
DP   4  08 11 1  F        6917.82
DP   4  08 12 0  F        6901.59
DP   4  08 12 1  F        6861.07
DP   4  08 13 0  F        6835.33
DP   4  08 13 1  F        6861.47
DP   4  08 14 0  F        6935.04
DP   4  08 14 1  F        7037.04
DP   4  08 15 0  F        7131.88
DP   4  08 15 1  F        7186.94
DP   4  08 16 0  F        7198.12
DP   4  08 16 1  F        7167.70
DP   4  08 17 0  F        7094.86
DP   4  08 17 1  F        6979.84
DP   4  08 18 0  F        6830.09
DP   4  08 18 1  F        6671.84
DP   4  08 19 0  F        6599.13
DP   4  08 19 1  F        6680.70
DP   4  08 20 0  F        6816.20
DP   4  08 20 1  F        6896.89
DP   4  08 21 0  F        6949.36
DP   4  08 21 1  F        7020.07
DP   4  08 22 0  F        7099.38
DP   4  08 22 1  F        7168.85
DP   4  08 23 0  F        7230.80
DP   4  08 23 1  F        7292.76
