&   CARGA
&
&   ss  di hi m df hf m Demanda
&X  XX  XX XX X XX XX X XXXXXXXXXX
DP   1  05 00 0  F        43078.95
DP   1  05 00 1  F        41819.82
DP   1  05 01 0  F        40637.62
DP   1  05 01 1  F        39601.09
DP   1  05 02 0  F        38746.35
DP   1  05 02 1  F        38084.50
DP   1  05 03 0  F        37559.20
DP   1  05 03 1  F        37121.90
DP   1  05 04 0  F        36822.69
DP   1  05 04 1  F        36706.83
DP   1  05 05 0  F        36701.70
DP   1  05 05 1  F        36732.56
DP   1  05 06 0  F        36834.10
DP   1  05 06 1  F        37110.11
DP   1  05 07 0  F        37831.44
DP   1  05 07 1  F        39173.66
DP   1  05 08 0  F        40764.29
DP   1  05 08 1  F        42170.20
DP   1  05 09 0  F        43263.71
DP   1  05 09 1  F        44046.13
DP   1  05 10 0  F        44729.18
DP   1  05 10 1  F        45502.21
DP   1  05 11 0  F        46254.59
DP   1  05 11 1  F        46814.11
DP   1  05 12 0  F        47062.38
DP   1  05 12 1  F        46996.62
DP   1  05 13 0  F        47022.82
DP   1  05 13 1  F        47491.66
DP   1  05 14 0  F        48123.83
DP   1  05 14 1  F        48565.94
DP   1  05 15 0  F        48798.36
DP   1  05 15 1  F        48871.71
DP   1  05 16 0  F        48783.87
DP   1  05 16 1  F        48511.22
DP   1  05 17 0  F        47997.00
DP   1  05 17 1  F        47226.67
DP   1  05 18 0  F        46387.84
DP   1  05 18 1  F        45766.50
DP   1  05 19 0  F        45840.06
DP   1  05 19 1  F        46855.54
DP   1  05 20 0  F        47947.16
DP   1  05 20 1  F        48246.99
DP   1  05 21 0  F        47991.41
DP   1  05 21 1  F        47592.13
DP   1  05 22 0  F        47057.82
DP   1  05 22 1  F        46330.66
DP   1  05 23 0  F        45489.94
DP   1  05 23 1  F        44649.22
DP   2  05 00 0  F        13772.07
DP   2  05 00 1  F        13271.37
DP   2  05 01 0  F        12823.53
DP   2  05 01 1  F        12465.60
DP   2  05 02 0  F        12171.36
DP   2  05 02 1  F        11907.06
DP   2  05 03 0  F        11672.07
DP   2  05 03 1  F        11475.91
DP   2  05 04 0  F        11335.69
DP   2  05 04 1  F        11262.69
DP   2  05 05 0  F        11237.36
DP   2  05 05 1  F        11242.03
DP   2  05 06 0  F        11297.39
DP   2  05 06 1  F        11449.38
DP   2  05 07 0  F        11806.66
DP   2  05 07 1  F        12431.63
DP   2  05 08 0  F        13139.06
DP   2  05 08 1  F        13723.18
DP   2  05 09 0  F        14143.66
DP   2  05 09 1  F        14418.01
DP   2  05 10 0  F        14629.58
DP   2  05 10 1  F        14858.07
DP   2  05 11 0  F        15102.63
DP   2  05 11 1  F        15326.61
DP   2  05 12 0  F        15430.64
DP   2  05 12 1  F        15365.45
DP   2  05 13 0  F        15344.79
DP   2  05 13 1  F        15567.85
DP   2  05 14 0  F        15912.40
DP   2  05 14 1  F        16197.48
DP   2  05 15 0  F        16328.33
DP   2  05 15 1  F        16266.40
DP   2  05 16 0  F        16111.54
DP   2  05 16 1  F        15969.87
DP   2  05 17 0  F        15834.27
DP   2  05 17 1  F        15658.91
DP   2  05 18 0  F        15356.34
DP   2  05 18 1  F        14904.33
DP   2  05 19 0  F        14583.15
DP   2  05 19 1  F        14647.05
DP   2  05 20 0  F        14943.78
DP   2  05 20 1  F        15243.64
DP   2  05 21 0  F        15413.57
DP   2  05 21 1  F        15379.38
DP   2  05 22 0  F        15205.65
DP   2  05 22 1  F        14978.45
DP   2  05 23 0  F        14731.12
DP   2  05 23 1  F        14483.78
DP   3  05 00 0  F        14265.74
DP   3  05 00 1  F        14069.51
DP   3  05 01 0  F        13890.57
DP   3  05 01 1  F        13739.57
DP   3  05 02 0  F        13600.48
DP   3  05 02 1  F        13453.87
DP   3  05 03 0  F        13293.41
DP   3  05 03 1  F        13127.98
DP   3  05 04 0  F        13014.37
DP   3  05 04 1  F        12977.82
DP   3  05 05 0  F        12869.56
DP   3  05 05 1  F        12561.55
DP   3  05 06 0  F        12182.55
DP   3  05 06 1  F        11913.20
DP   3  05 07 0  F        11884.82
DP   3  05 07 1  F        12167.04
DP   3  05 08 0  F        12631.99
DP   3  05 08 1  F        13116.72
DP   3  05 09 0  F        13515.56
DP   3  05 09 1  F        13769.27
DP   3  05 10 0  F        13947.18
DP   3  05 10 1  F        14125.69
DP   3  05 11 0  F        14280.78
DP   3  05 11 1  F        14360.59
DP   3  05 12 0  F        14302.23
DP   3  05 12 1  F        14093.87
DP   3  05 13 0  F        13939.00
DP   3  05 13 1  F        14020.77
DP   3  05 14 0  F        14225.52
DP   3  05 14 1  F        14393.82
DP   3  05 15 0  F        14479.90
DP   3  05 15 1  F        14477.33
DP   3  05 16 0  F        14423.37
DP   3  05 16 1  F        14331.28
DP   3  05 17 0  F        14074.63
DP   3  05 17 1  F        13606.78
DP   3  05 18 0  F        13339.93
DP   3  05 18 1  F        13622.62
DP   3  05 19 0  F        14089.80
DP   3  05 19 1  F        14311.65
DP   3  05 20 0  F        14312.70
DP   3  05 20 1  F        14236.45
DP   3  05 21 0  F        14247.83
DP   3  05 21 1  F        14449.07
DP   3  05 22 0  F        14670.24
DP   3  05 22 1  F        14731.21
DP   3  05 23 0  F        14683.17
DP   3  05 23 1  F        14635.12
DP   4  05 00 0  F        7884.85
DP   4  05 00 1  F        7850.28
DP   4  05 01 0  F        7802.89
DP   4  05 01 1  F        7733.87
DP   4  05 02 0  F        7650.48
DP   4  05 02 1  F        7562.65
DP   4  05 03 0  F        7475.05
DP   4  05 03 1  F        7391.10
DP   4  05 04 0  F        7314.49
DP   4  05 04 1  F        7249.73
DP   4  05 05 0  F        7204.40
DP   4  05 05 1  F        7170.11
DP   4  05 06 0  F        7071.54
DP   4  05 06 1  F        6861.08
DP   4  05 07 0  F        6668.92
DP   4  05 07 1  F        6630.19
DP   4  05 08 0  F        6721.81
DP   4  05 08 1  F        6881.50
DP   4  05 09 0  F        7048.24
DP   4  05 09 1  F        7172.89
DP   4  05 10 0  F        7252.59
DP   4  05 10 1  F        7296.92
DP   4  05 11 0  F        7318.89
DP   4  05 11 1  F        7329.54
DP   4  05 12 0  F        7328.58
DP   4  05 12 1  F        7317.76
DP   4  05 13 0  F        7318.34
DP   4  05 13 1  F        7350.08
DP   4  05 14 0  F        7407.31
DP   4  05 14 1  F        7475.13
DP   4  05 15 0  F        7527.03
DP   4  05 15 1  F        7539.94
DP   4  05 16 0  F        7515.91
DP   4  05 16 1  F        7463.12
DP   4  05 17 0  F        7389.06
DP   4  05 17 1  F        7298.49
DP   4  05 18 0  F        7186.17
DP   4  05 18 1  F        7062.18
DP   4  05 19 0  F        7008.23
DP   4  05 19 1  F        7087.31
DP   4  05 20 0  F        7216.06
DP   4  05 20 1  F        7302.88
DP   4  05 21 0  F        7369.58
DP   4  05 21 1  F        7453.11
DP   4  05 22 0  F        7537.51
DP   4  05 22 1  F        7600.82
DP   4  05 23 0  F        7649.97
DP   4  05 23 1  F        7699.13
