&   CARGA
&
&   ss  di hi m df hf m Demanda
&X  XX  XX XX X XX XX X XXXXXXXXXX
DP   1  06 00 0  F        43871.25
DP   1  06 00 1  F        42613.18
DP   1  06 01 0  F        41428.85
DP   1  06 01 1  F        40379.73
DP   1  06 02 0  F        39478.29
DP   1  06 02 1  F        38722.94
DP   1  06 03 0  F        38104.95
DP   1  06 03 1  F        37618.71
DP   1  06 04 0  F        37278.18
DP   1  06 04 1  F        37078.58
DP   1  06 05 0  F        36920.76
DP   1  06 05 1  F        36700.57
DP   1  06 06 0  F        36388.44
DP   1  06 06 1  F        36049.50
DP   1  06 07 0  F        36053.16
DP   1  06 07 1  F        36698.20
DP   1  06 08 0  F        37696.71
DP   1  06 08 1  F        38685.96
DP   1  06 09 0  F        39590.58
DP   1  06 09 1  F        40399.63
DP   1  06 10 0  F        41072.34
DP   1  06 10 1  F        41571.42
DP   1  06 11 0  F        41903.41
DP   1  06 11 1  F        42099.86
DP   1  06 12 0  F        42248.70
DP   1  06 12 1  F        42429.50
DP   1  06 13 0  F        42632.24
DP   1  06 13 1  F        42821.81
DP   1  06 14 0  F        42952.43
DP   1  06 14 1  F        42998.83
DP   1  06 15 0  F        43028.31
DP   1  06 15 1  F        43110.43
DP   1  06 16 0  F        43231.16
DP   1  06 16 1  F        43350.42
DP   1  06 17 0  F        43407.26
DP   1  06 17 1  F        43380.19
DP   1  06 18 0  F        43426.16
DP   1  06 18 1  F        43739.44
DP   1  06 19 0  F        44484.99
DP   1  06 19 1  F        45669.53
DP   1  06 20 0  F        46696.05
DP   1  06 20 1  F        46991.32
DP   1  06 21 0  F        46681.13
DP   1  06 21 1  F        46037.29
DP   1  06 22 0  F        45216.74
DP   1  06 22 1  F        44330.40
DP   1  06 23 0  F        43419.83
DP   1  06 23 1  F        42509.26
DP   2  06 00 0  F        13606.37
DP   2  06 00 1  F        13117.07
DP   2  06 01 0  F        12674.20
DP   2  06 01 1  F        12310.53
DP   2  06 02 0  F        12004.41
DP   2  06 02 1  F        11728.24
DP   2  06 03 0  F        11484.97
DP   2  06 03 1  F        11286.32
DP   2  06 04 0  F        11148.26
DP   2  06 04 1  F        11077.08
DP   2  06 05 0  F        11035.88
DP   2  06 05 1  F        10982.44
DP   2  06 06 0  F        10896.48
DP   2  06 06 1  F        10797.79
DP   2  06 07 0  F        10844.66
DP   2  06 07 1  F        11161.55
DP   2  06 08 0  F        11599.25
DP   2  06 08 1  F        11976.67
DP   2  06 09 0  F        12258.91
DP   2  06 09 1  F        12458.35
DP   2  06 10 0  F        12630.41
DP   2  06 10 1  F        12826.30
DP   2  06 11 0  F        13037.49
DP   2  06 11 1  F        13229.54
DP   2  06 12 0  F        13324.17
DP   2  06 12 1  F        13275.44
DP   2  06 13 0  F        13210.41
DP   2  06 13 1  F        13254.68
DP   2  06 14 0  F        13354.93
DP   2  06 14 1  F        13428.21
DP   2  06 15 0  F        13452.10
DP   2  06 15 1  F        13427.67
DP   2  06 16 0  F        13389.47
DP   2  06 16 1  F        13376.91
DP   2  06 17 0  F        13415.26
DP   2  06 17 1  F        13503.43
DP   2  06 18 0  F        13549.02
DP   2  06 18 1  F        13507.31
DP   2  06 19 0  F        13615.61
DP   2  06 19 1  F        14058.55
DP   2  06 20 0  F        14528.08
DP   2  06 20 1  F        14690.46
DP   2  06 21 0  F        14601.88
DP   2  06 21 1  F        14393.38
DP   2  06 22 0  F        14105.25
DP   2  06 22 1  F        13757.37
DP   2  06 23 0  F        13378.50
DP   2  06 23 1  F        12999.63
DP   3  06 00 0  F        14171.65
DP   3  06 00 1  F        13978.02
DP   3  06 01 0  F        13777.37
DP   3  06 01 1  F        13569.77
DP   3  06 02 0  F        13383.75
DP   3  06 02 1  F        13242.14
DP   3  06 03 0  F        13116.66
DP   3  06 03 1  F        12982.29
DP   3  06 04 0  F        12878.20
DP   3  06 04 1  F        12823.75
DP   3  06 05 0  F        12695.00
DP   3  06 05 1  F        12386.33
DP   3  06 06 0  F        12008.78
DP   3  06 06 1  F        11711.46
DP   3  06 07 0  F        11579.08
DP   3  06 07 1  F        11653.49
DP   3  06 08 0  F        11869.52
DP   3  06 08 1  F        12136.50
DP   3  06 09 0  F        12368.88
DP   3  06 09 1  F        12507.10
DP   3  06 10 0  F        12590.55
DP   3  06 10 1  F        12672.82
DP   3  06 11 0  F        12765.34
DP   3  06 11 1  F        12856.79
DP   3  06 12 0  F        12887.08
DP   3  06 12 1  F        12819.56
DP   3  06 13 0  F        12760.07
DP   3  06 13 1  F        12809.96
DP   3  06 14 0  F        12910.32
DP   3  06 14 1  F        12980.95
DP   3  06 15 0  F        13017.03
DP   3  06 15 1  F        13028.58
DP   3  06 16 0  F        13009.82
DP   3  06 16 1  F        12948.40
DP   3  06 17 0  F        12821.61
DP   3  06 17 1  F        12657.07
DP   3  06 18 0  F        12694.12
DP   3  06 18 1  F        13106.26
DP   3  06 19 0  F        13591.86
DP   3  06 19 1  F        13824.14
DP   3  06 20 0  F        13850.81
DP   3  06 20 1  F        13804.47
DP   3  06 21 0  F        13782.90
DP   3  06 21 1  F        13844.59
DP   3  06 22 0  F        13925.76
DP   3  06 22 1  F        13954.06
DP   3  06 23 0  F        13944.93
DP   3  06 23 1  F        13935.80
DP   4  06 00 0  F        7675.05
DP   4  06 00 1  F        7650.52
DP   4  06 01 0  F        7613.12
DP   4  06 01 1  F        7554.57
DP   4  06 02 0  F        7485.11
DP   4  06 02 1  F        7416.17
DP   4  06 03 0  F        7345.56
DP   4  06 03 1  F        7270.50
DP   4  06 04 0  F        7199.45
DP   4  06 04 1  F        7141.44
DP   4  06 05 0  F        7096.54
DP   4  06 05 1  F        7055.75
DP   4  06 06 0  F        6982.82
DP   4  06 06 1  F        6852.39
DP   4  06 07 0  F        6710.03
DP   4  06 07 1  F        6610.07
DP   4  06 08 0  F        6570.95
DP   4  06 08 1  F        6595.17
DP   4  06 09 0  F        6657.37
DP   4  06 09 1  F        6728.07
DP   4  06 10 0  F        6789.15
DP   4  06 10 1  F        6829.64
DP   4  06 11 0  F        6855.62
DP   4  06 11 1  F        6873.09
DP   4  06 12 0  F        6870.50
DP   4  06 12 1  F        6841.08
DP   4  06 13 0  F        6814.52
DP   4  06 13 1  F        6821.27
DP   4  06 14 0  F        6858.40
DP   4  06 14 1  F        6914.03
DP   4  06 15 0  F        6973.99
DP   4  06 15 1  F        7021.79
DP   4  06 16 0  F        7034.10
DP   4  06 16 1  F        6995.36
DP   4  06 17 0  F        6928.06
DP   4  06 17 1  F        6861.10
DP   4  06 18 0  F        6811.03
DP   4  06 18 1  F        6794.70
DP   4  06 19 0  F        6842.68
DP   4  06 19 1  F        6968.40
DP   4  06 20 0  F        7102.91
DP   4  06 20 1  F        7178.17
DP   4  06 21 0  F        7212.06
DP   4  06 21 1  F        7237.63
DP   4  06 22 0  F        7262.69
DP   4  06 22 1  F        7288.43
DP   4  06 23 0  F        7314.66
DP   4  06 23 1  F        7340.90
