&   CARGA
&
&   ss  di hi m df hf m Demanda
&X  XX  XX XX X XX XX X XXXXXXXXXX
DP   1  07 00 0  F        41972.35
DP   1  07 00 1  F        40908.24
DP   1  07 01 0  F        39879.82
DP   1  07 01 1  F        38920.82
DP   1  07 02 0  F        38057.20
DP   1  07 02 1  F        37307.99
DP   1  07 03 0  F        36672.39
DP   1  07 03 1  F        36150.20
DP   1  07 04 0  F        35763.39
DP   1  07 04 1  F        35510.62
DP   1  07 05 0  F        35275.29
DP   1  07 05 1  F        34930.53
DP   1  07 06 0  F        34423.84
DP   1  07 06 1  F        33797.74
DP   1  07 07 0  F        33400.54
DP   1  07 07 1  F        33533.75
DP   1  07 08 0  F        34005.97
DP   1  07 08 1  F        34557.49
DP   1  07 09 0  F        35148.39
DP   1  07 09 1  F        35773.70
DP   1  07 10 0  F        36348.39
DP   1  07 10 1  F        36802.82
DP   1  07 11 0  F        37208.82
DP   1  07 11 1  F        37646.90
DP   1  07 12 0  F        38090.94
DP   1  07 12 1  F        38484.17
DP   1  07 13 0  F        38753.99
DP   1  07 13 1  F        38855.47
DP   1  07 14 0  F        38870.21
DP   1  07 14 1  F        38893.42
DP   1  07 15 0  F        38947.98
DP   1  07 15 1  F        39048.00
DP   1  07 16 0  F        39244.59
DP   1  07 16 1  F        39574.63
DP   1  07 17 0  F        39980.99
DP   1  07 17 1  F        40394.99
DP   1  07 18 0  F        40795.71
DP   1  07 18 1  F        41234.34
DP   1  07 19 0  F        42002.68
DP   1  07 19 1  F        43271.53
DP   1  07 20 0  F        44487.05
DP   1  07 20 1  F        45074.70
DP   1  07 21 0  F        45101.72
DP   1  07 21 1  F        44776.54
DP   1  07 22 0  F        44230.42
DP   1  07 22 1  F        43565.76
DP   1  07 23 0  F        42846.61
DP   1  07 23 1  F        42127.46
DP   2  07 00 0  F        12980.50
DP   2  07 00 1  F        12528.96
DP   2  07 01 0  F        12120.08
DP   2  07 01 1  F        11784.18
DP   2  07 02 0  F        11502.22
DP   2  07 02 1  F        11247.70
DP   2  07 03 0  F        11013.58
DP   2  07 03 1  F        10804.56
DP   2  07 04 0  F        10652.78
DP   2  07 04 1  F        10577.02
DP   2  07 05 0  F        10515.06
DP   2  07 05 1  F        10401.54
DP   2  07 06 0  F        10239.66
DP   2  07 06 1  F        10074.93
DP   2  07 07 0  F        10053.66
DP   2  07 07 1  F        10288.34
DP   2  07 08 0  F        10655.19
DP   2  07 08 1  F        10997.19
DP   2  07 09 0  F        11260.48
DP   2  07 09 1  F        11441.18
DP   2  07 10 0  F        11632.31
DP   2  07 10 1  F        11916.00
DP   2  07 11 0  F        12233.99
DP   2  07 11 1  F        12498.17
DP   2  07 12 0  F        12641.44
DP   2  07 12 1  F        12640.22
DP   2  07 13 0  F        12623.81
DP   2  07 13 1  F        12714.40
DP   2  07 14 0  F        12852.78
DP   2  07 14 1  F        12953.65
DP   2  07 15 0  F        13008.64
DP   2  07 15 1  F        13030.19
DP   2  07 16 0  F        13036.83
DP   2  07 16 1  F        13052.59
DP   2  07 17 0  F        13117.33
DP   2  07 17 1  F        13241.57
DP   2  07 18 0  F        13302.71
DP   2  07 18 1  F        13233.36
DP   2  07 19 0  F        13320.22
DP   2  07 19 1  F        13801.42
DP   2  07 20 0  F        14366.66
DP   2  07 20 1  F        14663.78
DP   2  07 21 0  F        14721.54
DP   2  07 21 1  F        14649.80
DP   2  07 22 0  F        14501.87
DP   2  07 22 1  F        14313.46
DP   2  07 23 0  F        14106.53
DP   2  07 23 1  F        13899.60
DP   3  07 00 0  F        13710.04
DP   3  07 00 1  F        13515.79
DP   3  07 01 0  F        13321.99
DP   3  07 01 1  F        13132.37
DP   3  07 02 0  F        12963.95
DP   3  07 02 1  F        12828.93
DP   3  07 03 0  F        12707.08
DP   3  07 03 1  F        12581.59
DP   3  07 04 0  F        12481.85
DP   3  07 04 1  F        12417.57
DP   3  07 05 0  F        12273.56
DP   3  07 05 1  F        11951.31
DP   3  07 06 0  F        11544.16
DP   3  07 06 1  F        11181.15
DP   3  07 07 0  F        10942.33
DP   3  07 07 1  F        10869.38
DP   3  07 08 0  F        10899.50
DP   3  07 08 1  F        10954.96
DP   3  07 09 0  F        11002.90
DP   3  07 09 1  F        11029.48
DP   3  07 10 0  F        11052.16
DP   3  07 10 1  F        11092.19
DP   3  07 11 0  F        11154.95
DP   3  07 11 1  F        11236.45
DP   3  07 12 0  F        11311.24
DP   3  07 12 1  F        11356.60
DP   3  07 13 0  F        11382.40
DP   3  07 13 1  F        11404.97
DP   3  07 14 0  F        11433.97
DP   3  07 14 1  F        11473.00
DP   3  07 15 0  F        11508.03
DP   3  07 15 1  F        11526.57
DP   3  07 16 0  F        11539.95
DP   3  07 16 1  F        11557.97
DP   3  07 17 0  F        11560.58
DP   3  07 17 1  F        11565.15
DP   3  07 18 0  F        11768.81
DP   3  07 18 1  F        12304.89
DP   3  07 19 0  F        12871.80
DP   3  07 19 1  F        13157.18
DP   3  07 20 0  F        13240.51
DP   3  07 20 1  F        13273.56
DP   3  07 21 0  F        13305.48
DP   3  07 21 1  F        13352.14
DP   3  07 22 0  F        13398.86
DP   3  07 22 1  F        13428.91
DP   3  07 23 0  F        13447.84
DP   3  07 23 1  F        13466.78
DP   4  07 00 0  F        7323.09
DP   4  07 00 1  F        7294.15
DP   4  07 01 0  F        7261.84
DP   4  07 01 1  F        7222.25
DP   4  07 02 0  F        7169.40
DP   4  07 02 1  F        7101.39
DP   4  07 03 0  F        7034.92
DP   4  07 03 1  F        6984.09
DP   4  07 04 0  F        6934.19
DP   4  07 04 1  F        6871.33
DP   4  07 05 0  F        6813.80
DP   4  07 05 1  F        6774.14
DP   4  07 06 0  F        6709.75
DP   4  07 06 1  F        6583.76
DP   4  07 07 0  F        6437.41
DP   4  07 07 1  F        6319.90
DP   4  07 08 0  F        6234.26
DP   4  07 08 1  F        6173.14
DP   4  07 09 0  F        6133.80
DP   4  07 09 1  F        6113.44
DP   4  07 10 0  F        6104.26
DP   4  07 10 1  F        6098.99
DP   4  07 11 0  F        6097.28
DP   4  07 11 1  F        6099.72
DP   4  07 12 0  F        6103.57
DP   4  07 12 1  F        6107.60
DP   4  07 13 0  F        6119.71
DP   4  07 13 1  F        6147.60
DP   4  07 14 0  F        6188.98
DP   4  07 14 1  F        6238.29
DP   4  07 15 0  F        6286.89
DP   4  07 15 1  F        6326.02
DP   4  07 16 0  F        6349.44
DP   4  07 16 1  F        6353.16
DP   4  07 17 0  F        6339.54
DP   4  07 17 1  F        6319.06
DP   4  07 18 0  F        6328.07
DP   4  07 18 1  F        6400.39
DP   4  07 19 0  F        6533.54
DP   4  07 19 1  F        6705.95
DP   4  07 20 0  F        6856.00
DP   4  07 20 1  F        6933.42
DP   4  07 21 0  F        6973.70
DP   4  07 21 1  F        7022.43
DP   4  07 22 0  F        7080.10
DP   4  07 22 1  F        7137.89
DP   4  07 23 0  F        7194.76
DP   4  07 23 1  F        7251.63
