&   CARGA
&
&   ss  di hi m df hf m Demanda
&X  XX  XX XX X XX XX X XXXXXXXXXX
DP   1  11 00 0  F        45497.61
DP   1  11 00 1  F        44087.21
DP   1  11 01 0  F        42779.76
DP   1  11 01 1  F        41658.73
DP   1  11 02 0  F        40729.84
DP   1  11 02 1  F        39979.75
DP   1  11 03 0  F        39396.77
DP   1  11 03 1  F        38972.14
DP   1  11 04 0  F        38707.21
DP   1  11 04 1  F        38599.81
DP   1  11 05 0  F        38623.58
DP   1  11 05 1  F        38747.92
DP   1  11 06 0  F        38949.57
DP   1  11 06 1  F        39266.76
DP   1  11 07 0  F        39976.51
DP   1  11 07 1  F        41288.27
DP   1  11 08 0  F        42902.62
DP   1  11 08 1  F        44440.26
DP   1  11 09 0  F        45711.20
DP   1  11 09 1  F        46634.69
DP   1  11 10 0  F        47377.45
DP   1  11 10 1  F        48094.65
DP   1  11 11 0  F        48647.60
DP   1  11 11 1  F        48881.22
DP   1  11 12 0  F        48868.47
DP   1  11 12 1  F        48774.16
DP   1  11 13 0  F        48902.27
DP   1  11 13 1  F        49470.22
DP   1  11 14 0  F        50209.80
DP   1  11 14 1  F        50791.14
DP   1  11 15 0  F        51123.12
DP   1  11 15 1  F        51209.31
DP   1  11 16 0  F        51193.10
DP   1  11 16 1  F        51146.44
DP   1  11 17 0  F        50715.70
DP   1  11 17 1  F        49625.96
DP   1  11 18 0  F        48342.53
DP   1  11 18 1  F        47469.59
DP   1  11 19 0  F        47426.27
DP   1  11 19 1  F        48340.57
DP   1  11 20 0  F        49360.89
DP   1  11 20 1  F        49667.29
DP   1  11 21 0  F        49546.10
DP   1  11 21 1  F        49410.46
DP   1  11 22 0  F        49074.57
DP   1  11 22 1  F        48303.50
DP   1  11 23 0  F        47264.55
DP   1  11 23 1  F        46225.59
DP   2  11 00 0  F        15165.83
DP   2  11 00 1  F        14652.24
DP   2  11 01 0  F        14168.04
DP   2  11 01 1  F        13739.89
DP   2  11 02 0  F        13383.38
DP   2  11 02 1  F        13103.01
DP   2  11 03 0  F        12869.69
DP   2  11 03 1  F        12658.88
DP   2  11 04 0  F        12497.56
DP   2  11 04 1  F        12415.16
DP   2  11 05 0  F        12399.25
DP   2  11 05 1  F        12424.77
DP   2  11 06 0  F        12457.83
DP   2  11 06 1  F        12506.48
DP   2  11 07 0  F        12755.12
DP   2  11 07 1  F        13354.74
DP   2  11 08 0  F        14146.05
DP   2  11 08 1  F        14910.87
DP   2  11 09 0  F        15505.54
DP   2  11 09 1  F        15854.86
DP   2  11 10 0  F        16083.08
DP   2  11 10 1  F        16332.88
DP   2  11 11 0  F        16621.38
DP   2  11 11 1  F        16887.72
DP   2  11 12 0  F        16884.74
DP   2  11 12 1  F        16484.93
DP   2  11 13 0  F        16225.47
DP   2  11 13 1  F        16592.13
DP   2  11 14 0  F        17200.03
DP   2  11 14 1  F        17562.58
DP   2  11 15 0  F        17656.73
DP   2  11 15 1  F        17579.97
DP   2  11 16 0  F        17448.17
DP   2  11 16 1  F        17342.37
DP   2  11 17 0  F        17185.75
DP   2  11 17 1  F        16873.11
DP   2  11 18 0  F        16343.54
DP   2  11 18 1  F        15643.25
DP   2  11 19 0  F        15202.53
DP   2  11 19 1  F        15362.43
DP   2  11 20 0  F        15722.92
DP   2  11 20 1  F        15838.06
DP   2  11 21 0  F        15819.31
DP   2  11 21 1  F        15850.42
DP   2  11 22 0  F        15846.99
DP   2  11 22 1  F        15698.31
DP   2  11 23 0  F        15456.62
DP   2  11 23 1  F        15214.94
DP   3  11 00 0  F        13991.20
DP   3  11 00 1  F        13740.81
DP   3  11 01 0  F        13505.25
DP   3  11 01 1  F        13296.79
DP   3  11 02 0  F        13117.49
DP   3  11 02 1  F        12965.28
DP   3  11 03 0  F        12831.81
DP   3  11 03 1  F        12713.94
DP   3  11 04 0  F        12635.61
DP   3  11 04 1  F        12598.46
DP   3  11 05 0  F        12487.68
DP   3  11 05 1  F        12211.36
DP   3  11 06 0  F        11885.62
DP   3  11 06 1  F        11666.54
DP   3  11 07 0  F        11662.11
DP   3  11 07 1  F        11928.03
DP   3  11 08 0  F        12359.05
DP   3  11 08 1  F        12819.42
DP   3  11 09 0  F        13212.30
DP   3  11 09 1  F        13475.59
DP   3  11 10 0  F        13647.29
DP   3  11 10 1  F        13781.32
DP   3  11 11 0  F        13895.24
DP   3  11 11 1  F        13981.48
DP   3  11 12 0  F        13968.24
DP   3  11 12 1  F        13822.01
DP   3  11 13 0  F        13726.61
DP   3  11 13 1  F        13850.73
DP   3  11 14 0  F        14085.07
DP   3  11 14 1  F        14278.78
DP   3  11 15 0  F        14392.83
DP   3  11 15 1  F        14422.33
DP   3  11 16 0  F        14387.44
DP   3  11 16 1  F        14289.03
DP   3  11 17 0  F        14026.07
DP   3  11 17 1  F        13560.86
DP   3  11 18 0  F        13210.86
DP   3  11 18 1  F        13255.93
DP   3  11 19 0  F        13470.22
DP   3  11 19 1  F        13570.24
DP   3  11 20 0  F        13547.56
DP   3  11 20 1  F        13482.61
DP   3  11 21 0  F        13536.21
DP   3  11 21 1  F        13812.60
DP   3  11 22 0  F        14109.55
DP   3  11 22 1  F        14216.19
DP   3  11 23 0  F        14193.66
DP   3  11 23 1  F        14171.14
DP   4  11 00 0  F        7525.13
DP   4  11 00 1  F        7477.75
DP   4  11 01 0  F        7423.35
DP   4  11 01 1  F        7357.55
DP   4  11 02 0  F        7286.58
DP   4  11 02 1  F        7215.86
DP   4  11 03 0  F        7137.06
DP   4  11 03 1  F        7044.10
DP   4  11 04 0  F        6953.59
DP   4  11 04 1  F        6884.39
DP   4  11 05 0  F        6841.62
DP   4  11 05 1  F        6817.59
DP   4  11 06 0  F        6767.15
DP   4  11 06 1  F        6656.23
DP   4  11 07 0  F        6532.61
DP   4  11 07 1  F        6459.36
DP   4  11 08 0  F        6478.83
DP   4  11 08 1  F        6607.52
DP   4  11 09 0  F        6779.24
DP   4  11 09 1  F        6922.46
DP   4  11 10 0  F        7026.96
DP   4  11 10 1  F        7098.02
DP   4  11 11 0  F        7141.66
DP   4  11 11 1  F        7161.03
DP   4  11 12 0  F        7147.00
DP   4  11 12 1  F        7101.14
DP   4  11 13 0  F        7079.83
DP   4  11 13 1  F        7135.40
DP   4  11 14 0  F        7249.14
DP   4  11 14 1  F        7383.34
DP   4  11 15 0  F        7495.43
DP   4  11 15 1  F        7552.82
DP   4  11 16 0  F        7567.44
DP   4  11 16 1  F        7553.85
DP   4  11 17 0  F        7492.46
DP   4  11 17 1  F        7364.93
DP   4  11 18 0  F        7192.20
DP   4  11 18 1  F        7017.36
DP   4  11 19 0  F        6932.98
DP   4  11 19 1  F        7003.00
DP   4  11 20 0  F        7127.38
DP   4  11 20 1  F        7198.87
DP   4  11 21 0  F        7245.39
DP   4  11 21 1  F        7313.69
DP   4  11 22 0  F        7390.71
DP   4  11 22 1  F        7454.69
DP   4  11 23 0  F        7509.02
DP   4  11 23 1  F        7563.35
