&   CARGA
&
&   ss  di hi m df hf m Demanda
&X  XX  XX XX X XX XX X XXXXXXXXXX
DP   1  08 00 0  F        41559.27
DP   1  08 00 1  F        40580.30
DP   1  08 01 0  F        39619.57
DP   1  08 01 1  F        38707.74
DP   1  08 02 0  F        37925.11
DP   1  08 02 1  F        37337.11
DP   1  08 03 0  F        36900.09
DP   1  08 03 1  F        36561.88
DP   1  08 04 0  F        36345.29
DP   1  08 04 1  F        36275.45
DP   1  08 05 0  F        36311.88
DP   1  08 05 1  F        36422.22
DP   1  08 06 0  F        36672.37
DP   1  08 06 1  F        37161.24
DP   1  08 07 0  F        38021.56
DP   1  08 07 1  F        39332.64
DP   1  08 08 0  F        40926.19
DP   1  08 08 1  F        42573.88
DP   1  08 09 0  F        44054.70
DP   1  08 09 1  F        45214.33
DP   1  08 10 0  F        46158.12
DP   1  08 10 1  F        47001.57
DP   1  08 11 0  F        47641.29
DP   1  08 11 1  F        47966.90
DP   1  08 12 0  F        48059.04
DP   1  08 12 1  F        48076.95
DP   1  08 13 0  F        48303.29
DP   1  08 13 1  F        48933.70
DP   1  08 14 0  F        49692.46
DP   1  08 14 1  F        50260.50
DP   1  08 15 0  F        50616.73
DP   1  08 15 1  F        50819.91
DP   1  08 16 0  F        50950.25
DP   1  08 16 1  F        51002.18
DP   1  08 17 0  F        50605.70
DP   1  08 17 1  F        49480.46
DP   1  08 18 0  F        48069.30
DP   1  08 18 1  F        46975.94
DP   1  08 19 0  F        46724.38
DP   1  08 19 1  F        47560.33
DP   1  08 20 0  F        48696.05
DP   1  08 20 1  F        49320.55
DP   1  08 21 0  F        49563.45
DP   1  08 21 1  F        49684.71
DP   1  08 22 0  F        49524.92
DP   1  08 22 1  F        48909.34
DP   1  08 23 0  F        48021.12
DP   1  08 23 1  F        47132.91
DP   2  08 00 0  F        13627.44
DP   2  08 00 1  F        13236.61
DP   2  08 01 0  F        12870.70
DP   2  08 01 1  F        12551.71
DP   2  08 02 0  F        12289.85
DP   2  08 02 1  F        12085.80
DP   2  08 03 0  F        11913.86
DP   2  08 03 1  F        11755.40
DP   2  08 04 0  F        11646.57
DP   2  08 04 1  F        11622.98
DP   2  08 05 0  F        11663.58
DP   2  08 05 1  F        11739.88
DP   2  08 06 0  F        11850.48
DP   2  08 06 1  F        12027.34
DP   2  08 07 0  F        12408.97
DP   2  08 07 1  F        13097.24
DP   2  08 08 0  F        13941.11
DP   2  08 08 1  F        14743.17
DP   2  08 09 0  F        15373.53
DP   2  08 09 1  F        15766.70
DP   2  08 10 0  F        16047.12
DP   2  08 10 1  F        16354.17
DP   2  08 11 0  F        16696.79
DP   2  08 11 1  F        17005.76
DP   2  08 12 0  F        17029.51
DP   2  08 12 1  F        16645.53
DP   2  08 13 0  F        16430.05
DP   2  08 13 1  F        16895.89
DP   2  08 14 0  F        17603.76
DP   2  08 14 1  F        18015.00
DP   2  08 15 0  F        18145.81
DP   2  08 15 1  F        18135.35
DP   2  08 16 0  F        18059.76
DP   2  08 16 1  F        17958.13
DP   2  08 17 0  F        17784.49
DP   2  08 17 1  F        17462.93
DP   2  08 18 0  F        16882.95
DP   2  08 18 1  F        16054.55
DP   2  08 19 0  F        15504.18
DP   2  08 19 1  F        15667.69
DP   2  08 20 0  F        16101.99
DP   2  08 20 1  F        16294.06
DP   2  08 21 0  F        16329.96
DP   2  08 21 1  F        16384.27
DP   2  08 22 0  F        16386.36
DP   2  08 22 1  F        16241.65
DP   2  08 23 0  F        16004.88
DP   2  08 23 1  F        15768.11
DP   3  08 00 0  F        13624.54
DP   3  08 00 1  F        13402.27
DP   3  08 01 0  F        13193.42
DP   3  08 01 1  F        13009.34
DP   3  08 02 0  F        12853.05
DP   3  08 02 1  F        12722.46
DP   3  08 03 0  F        12603.26
DP   3  08 03 1  F        12487.91
DP   3  08 04 0  F        12408.04
DP   3  08 04 1  F        12374.04
DP   3  08 05 0  F        12271.93
DP   3  08 05 1  F        12010.02
DP   3  08 06 0  F        11709.96
DP   3  08 06 1  F        11529.06
DP   3  08 07 0  F        11553.99
DP   3  08 07 1  F        11826.35
DP   3  08 08 0  F        12278.14
DP   3  08 08 1  F        12803.61
DP   3  08 09 0  F        13255.53
DP   3  08 09 1  F        13523.85
DP   3  08 10 0  F        13688.81
DP   3  08 10 1  F        13850.52
DP   3  08 11 0  F        13998.29
DP   3  08 11 1  F        14089.15
DP   3  08 12 0  F        14061.58
DP   3  08 12 1  F        13901.66
DP   3  08 13 0  F        13804.47
DP   3  08 13 1  F        13943.56
DP   3  08 14 0  F        14197.43
DP   3  08 14 1  F        14402.34
DP   3  08 15 0  F        14520.53
DP   3  08 15 1  F        14551.72
DP   3  08 16 0  F        14519.63
DP   3  08 16 1  F        14425.99
DP   3  08 17 0  F        14160.55
DP   3  08 17 1  F        13678.99
DP   3  08 18 0  F        13312.53
DP   3  08 18 1  F        13353.96
DP   3  08 19 0  F        13566.71
DP   3  08 19 1  F        13654.79
DP   3  08 20 0  F        13613.70
DP   3  08 20 1  F        13533.57
DP   3  08 21 0  F        13591.45
DP   3  08 21 1  F        13901.28
DP   3  08 22 0  F        14237.63
DP   3  08 22 1  F        14365.62
DP   3  08 23 0  F        14351.76
DP   3  08 23 1  F        14337.90
DP   4  08 00 0  F        7347.53
DP   4  08 00 1  F        7324.32
DP   4  08 01 0  F        7291.86
DP   4  08 01 1  F        7243.18
DP   4  08 02 0  F        7180.47
DP   4  08 02 1  F        7109.15
DP   4  08 03 0  F        7038.38
DP   4  08 03 1  F        6976.12
DP   4  08 04 0  F        6921.82
DP   4  08 04 1  F        6874.15
DP   4  08 05 0  F        6837.33
DP   4  08 05 1  F        6808.53
DP   4  08 06 0  F        6751.36
DP   4  08 06 1  F        6641.14
DP   4  08 07 0  F        6533.58
DP   4  08 07 1  F        6492.96
DP   4  08 08 0  F        6537.36
DP   4  08 08 1  F        6662.91
DP   4  08 09 0  F        6824.19
DP   4  08 09 1  F        6973.41
DP   4  08 10 0  F        7095.00
DP   4  08 10 1  F        7181.84
DP   4  08 11 0  F        7228.50
DP   4  08 11 1  F        7233.83
DP   4  08 12 0  F        7212.00
DP   4  08 12 1  F        7182.88
DP   4  08 13 0  F        7173.68
DP   4  08 13 1  F        7207.14
DP   4  08 14 0  F        7280.73
DP   4  08 14 1  F        7380.62
DP   4  08 15 0  F        7472.88
DP   4  08 15 1  F        7525.32
DP   4  08 16 0  F        7532.71
DP   4  08 16 1  F        7495.84
DP   4  08 17 0  F        7412.61
DP   4  08 17 1  F        7283.29
DP   4  08 18 0  F        7120.69
DP   4  08 18 1  F        6955.20
DP   4  08 19 0  F        6875.13
DP   4  08 19 1  F        6943.97
DP   4  08 20 0  F        7068.06
DP   4  08 20 1  F        7146.21
DP   4  08 21 0  F        7204.21
DP   4  08 21 1  F        7284.96
DP   4  08 22 0  F        7373.03
DP   4  08 22 1  F        7445.28
DP   4  08 23 0  F        7506.16
DP   4  08 23 1  F        7567.04
