&   CARGA
&
&   ss  di hi m df hf m Demanda
&X  XX  XX XX X XX XX X XXXXXXXXXX
DP   1  09 00 0  F        46206.34
DP   1  09 00 1  F        44822.28
DP   1  09 01 0  F        43525.73
DP   1  09 01 1  F        42391.67
DP   1  09 02 0  F        41444.72
DP   1  09 02 1  F        40688.95
DP   1  09 03 0  F        40096.47
DP   1  09 03 1  F        39642.31
DP   1  09 04 0  F        39345.34
DP   1  09 04 1  F        39217.03
DP   1  09 05 0  F        39195.52
DP   1  09 05 1  F        39224.25
DP   1  09 06 0  F        39341.27
DP   1  09 06 1  F        39641.99
DP   1  09 07 0  F        40356.55
DP   1  09 07 1  F        41652.02
DP   1  09 08 0  F        43308.26
DP   1  09 08 1  F        45021.04
DP   1  09 09 0  F        46536.85
DP   1  09 09 1  F        47688.01
DP   1  09 10 0  F        48599.34
DP   1  09 10 1  F        49410.58
DP   1  09 11 0  F        50028.82
DP   1  09 11 1  F        50344.66
DP   1  09 12 0  F        50415.66
DP   1  09 12 1  F        50388.80
DP   1  09 13 0  F        50601.67
DP   1  09 13 1  F        51297.67
DP   1  09 14 0  F        52152.69
DP   1  09 14 1  F        52784.84
DP   1  09 15 0  F        53148.47
DP   1  09 15 1  F        53299.16
DP   1  09 16 0  F        53361.14
DP   1  09 16 1  F        53361.33
DP   1  09 17 0  F        52868.94
DP   1  09 17 1  F        51553.68
DP   1  09 18 0  F        49945.19
DP   1  09 18 1  F        48739.49
DP   1  09 19 0  F        48438.31
DP   1  09 19 1  F        49239.80
DP   1  09 20 0  F        50322.18
DP   1  09 20 1  F        50856.77
DP   1  09 21 0  F        51007.34
DP   1  09 21 1  F        51070.87
DP   1  09 22 0  F        50884.79
DP   1  09 22 1  F        50261.84
DP   1  09 23 0  F        49375.36
DP   1  09 23 1  F        48488.88
DP   2  09 00 0  F        15237.06
DP   2  09 00 1  F        14700.41
DP   2  09 01 0  F        14212.81
DP   2  09 01 1  F        13809.49
DP   2  09 02 0  F        13470.41
DP   2  09 02 1  F        13170.20
DP   2  09 03 0  F        12917.27
DP   2  09 03 1  F        12725.06
DP   2  09 04 0  F        12593.26
DP   2  09 04 1  F        12519.16
DP   2  09 05 0  F        12504.30
DP   2  09 05 1  F        12546.65
DP   2  09 06 0  F        12625.83
DP   2  09 06 1  F        12752.03
DP   2  09 07 0  F        13076.31
DP   2  09 07 1  F        13716.65
DP   2  09 08 0  F        14517.96
DP   2  09 08 1  F        15275.22
DP   2  09 09 0  F        15856.72
DP   2  09 09 1  F        16198.47
DP   2  09 10 0  F        16434.05
DP   2  09 10 1  F        16707.37
DP   2  09 11 0  F        17006.14
DP   2  09 11 1  F        17244.62
DP   2  09 12 0  F        17199.30
DP   2  09 12 1  F        16769.84
DP   2  09 13 0  F        16486.29
DP   2  09 13 1  F        16822.58
DP   2  09 14 0  F        17398.00
DP   2  09 14 1  F        17735.21
DP   2  09 15 0  F        17825.07
DP   2  09 15 1  F        17771.54
DP   2  09 16 0  F        17662.81
DP   2  09 16 1  F        17554.35
DP   2  09 17 0  F        17386.58
DP   2  09 17 1  F        17075.15
DP   2  09 18 0  F        16551.64
DP   2  09 18 1  F        15852.39
DP   2  09 19 0  F        15416.77
DP   2  09 19 1  F        15597.24
DP   2  09 20 0  F        15995.46
DP   2  09 20 1  F        16157.21
DP   2  09 21 0  F        16155.65
DP   2  09 21 1  F        16145.94
DP   2  09 22 0  F        16083.89
DP   2  09 22 1  F        15903.33
DP   2  09 23 0  F        15649.58
DP   2  09 23 1  F        15395.83
DP   3  09 00 0  F        14173.85
DP   3  09 00 1  F        13928.24
DP   3  09 01 0  F        13693.07
DP   3  09 01 1  F        13478.35
DP   3  09 02 0  F        13292.29
DP   3  09 02 1  F        13138.92
DP   3  09 03 0  F        13007.35
DP   3  09 03 1  F        12891.47
DP   3  09 04 0  F        12819.44
DP   3  09 04 1  F        12794.21
DP   3  09 05 0  F        12683.49
DP   3  09 05 1  F        12383.96
DP   3  09 06 0  F        12043.26
DP   3  09 06 1  F        11846.36
DP   3  09 07 0  F        11876.52
DP   3  09 07 1  F        12163.75
DP   3  09 08 0  F        12626.58
DP   3  09 08 1  F        13150.07
DP   3  09 09 0  F        13596.69
DP   3  09 09 1  F        13865.67
DP   3  09 10 0  F        14025.83
DP   3  09 10 1  F        14167.32
DP   3  09 11 0  F        14296.00
DP   3  09 11 1  F        14385.55
DP   3  09 12 0  F        14365.33
DP   3  09 12 1  F        14207.34
DP   3  09 13 0  F        14098.66
DP   3  09 13 1  F        14211.68
DP   3  09 14 0  F        14444.87
DP   3  09 14 1  F        14652.20
DP   3  09 15 0  F        14783.52
DP   3  09 15 1  F        14821.16
DP   3  09 16 0  F        14781.50
DP   3  09 16 1  F        14665.39
DP   3  09 17 0  F        14377.48
DP   3  09 17 1  F        13885.95
DP   3  09 18 0  F        13509.26
DP   3  09 18 1  F        13527.54
DP   3  09 19 0  F        13717.31
DP   3  09 19 1  F        13797.38
DP   3  09 20 0  F        13759.28
DP   3  09 20 1  F        13683.14
DP   3  09 21 0  F        13730.73
DP   3  09 21 1  F        14007.09
DP   3  09 22 0  F        14308.76
DP   3  09 22 1  F        14423.19
DP   3  09 23 0  F        14409.99
DP   3  09 23 1  F        14396.78
DP   4  09 00 0  F        7688.15
DP   4  09 00 1  F        7647.31
DP   4  09 01 0  F        7592.66
DP   4  09 01 1  F        7515.96
DP   4  09 02 0  F        7431.21
DP   4  09 02 1  F        7352.95
DP   4  09 03 0  F        7275.65
DP   4  09 03 1  F        7192.69
DP   4  09 04 0  F        7113.29
DP   4  09 04 1  F        7048.83
DP   4  09 05 0  F        7003.54
DP   4  09 05 1  F        6971.88
DP   4  09 06 0  F        6916.40
DP   4  09 06 1  F        6809.65
DP   4  09 07 0  F        6696.10
DP   4  09 07 1  F        6633.48
DP   4  09 08 0  F        6660.68
DP   4  09 08 1  F        6793.33
DP   4  09 09 0  F        6973.02
DP   4  09 09 1  F        7135.02
DP   4  09 10 0  F        7263.60
DP   4  09 10 1  F        7355.69
DP   4  09 11 0  F        7409.84
DP   4  09 11 1  F        7424.62
DP   4  09 12 0  F        7396.94
DP   4  09 12 1  F        7336.00
DP   4  09 13 0  F        7301.73
DP   4  09 13 1  F        7347.13
DP   4  09 14 0  F        7446.58
DP   4  09 14 1  F        7558.47
DP   4  09 15 0  F        7655.80
DP   4  09 15 1  F        7717.80
DP   4  09 16 0  F        7734.10
DP   4  09 16 1  F        7697.44
DP   4  09 17 0  F        7602.63
DP   4  09 17 1  F        7450.44
DP   4  09 18 0  F        7263.46
DP   4  09 18 1  F        7081.03
DP   4  09 19 0  F        6987.74
DP   4  09 19 1  F        7042.90
DP   4  09 20 0  F        7159.55
DP   4  09 20 1  F        7240.87
DP   4  09 21 0  F        7296.77
DP   4  09 21 1  F        7356.58
DP   4  09 22 0  F        7420.52
DP   4  09 22 1  F        7482.97
DP   4  09 23 0  F        7543.96
DP   4  09 23 1  F        7604.96
