&   CARGA
&
&   ss  di hi m df hf m Demanda
&X  XX  XX XX X XX XX X XXXXXXXXXX
DP   1  12 00 0  F        44880.44
DP   1  12 00 1  F        43477.59
DP   1  12 01 0  F        42183.10
DP   1  12 01 1  F        41084.52
DP   1  12 02 0  F        40186.14
DP   1  12 02 1  F        39469.59
DP   1  12 03 0  F        38908.98
DP   1  12 03 1  F        38486.27
DP   1  12 04 0  F        38222.23
DP   1  12 04 1  F        38133.50
DP   1  12 05 0  F        38181.41
DP   1  12 05 1  F        38325.91
DP   1  12 06 0  F        38576.83
DP   1  12 06 1  F        38996.63
DP   1  12 07 0  F        39808.41
DP   1  12 07 1  F        41163.22
DP   1  12 08 0  F        42763.19
DP   1  12 08 1  F        44255.56
DP   1  12 09 0  F        45516.88
DP   1  12 09 1  F        46509.54
DP   1  12 10 0  F        47310.02
DP   1  12 10 1  F        47987.99
DP   1  12 11 0  F        48471.94
DP   1  12 11 1  F        48683.93
DP   1  12 12 0  F        48661.57
DP   1  12 12 1  F        48520.36
DP   1  12 13 0  F        48571.68
DP   1  12 13 1  F        49047.14
DP   1  12 14 0  F        49663.25
DP   1  12 14 1  F        50089.89
DP   1  12 15 0  F        50325.43
DP   1  12 15 1  F        50426.28
DP   1  12 16 0  F        50352.40
DP   1  12 16 1  F        50035.63
DP   1  12 17 0  F        49391.96
DP   1  12 17 1  F        48413.57
DP   1  12 18 0  F        47413.37
DP   1  12 18 1  F        46775.66
DP   1  12 19 0  F        46849.45
DP   1  12 19 1  F        47748.67
DP   1  12 20 0  F        48682.05
DP   1  12 20 1  F        48892.04
DP   1  12 21 0  F        48661.20
DP   1  12 21 1  F        48398.17
DP   1  12 22 0  F        47975.94
DP   1  12 22 1  F        47212.11
DP   1  12 23 0  F        46238.23
DP   1  12 23 1  F        45264.34
DP   2  12 00 0  F        14144.42
DP   2  12 00 1  F        13657.54
DP   2  12 01 0  F        13201.63
DP   2  12 01 1  F        12803.28
DP   2  12 02 0  F        12471.36
DP   2  12 02 1  F        12205.66
DP   2  12 03 0  F        11987.27
DP   2  12 03 1  F        11802.79
DP   2  12 04 0  F        11679.56
DP   2  12 04 1  F        11641.82
DP   2  12 05 0  F        11660.45
DP   2  12 05 1  F        11702.50
DP   2  12 06 0  F        11772.79
DP   2  12 06 1  F        11907.08
DP   2  12 07 0  F        12227.11
DP   2  12 07 1  F        12820.25
DP   2  12 08 0  F        13550.33
DP   2  12 08 1  F        14237.48
DP   2  12 09 0  F        14750.48
DP   2  12 09 1  F        15021.80
DP   2  12 10 0  F        15190.19
DP   2  12 10 1  F        15403.28
DP   2  12 11 0  F        15638.06
DP   2  12 11 1  F        15800.71
DP   2  12 12 0  F        15684.76
DP   2  12 12 1  F        15203.21
DP   2  12 13 0  F        14859.66
DP   2  12 13 1  F        15103.99
DP   2  12 14 0  F        15580.51
DP   2  12 14 1  F        15845.79
DP   2  12 15 0  F        15911.08
DP   2  12 15 1  F        15884.37
DP   2  12 16 0  F        15805.94
DP   2  12 16 1  F        15692.46
DP   2  12 17 0  F        15533.80
DP   2  12 17 1  F        15304.43
DP   2  12 18 0  F        14943.89
DP   2  12 18 1  F        14462.44
DP   2  12 19 0  F        14188.15
DP   2  12 19 1  F        14379.10
DP   2  12 20 0  F        14695.50
DP   2  12 20 1  F        14765.36
DP   2  12 21 0  F        14685.61
DP   2  12 21 1  F        14618.05
DP   2  12 22 0  F        14515.02
DP   2  12 22 1  F        14304.47
DP   2  12 23 0  F        14026.18
DP   2  12 23 1  F        13747.88
DP   3  12 00 0  F        14108.41
DP   3  12 00 1  F        13857.99
DP   3  12 01 0  F        13621.96
DP   3  12 01 1  F        13412.96
DP   3  12 02 0  F        13236.50
DP   3  12 02 1  F        13091.72
DP   3  12 03 0  F        12959.17
DP   3  12 03 1  F        12826.80
DP   3  12 04 0  F        12730.62
DP   3  12 04 1  F        12686.12
DP   3  12 05 0  F        12578.31
DP   3  12 05 1  F        12310.59
DP   3  12 06 0  F        11990.26
DP   3  12 06 1  F        11764.59
DP   3  12 07 0  F        11736.96
DP   3  12 07 1  F        11964.89
DP   3  12 08 0  F        12366.43
DP   3  12 08 1  F        12824.39
DP   3  12 09 0  F        13220.15
DP   3  12 09 1  F        13469.59
DP   3  12 10 0  F        13628.02
DP   3  12 10 1  F        13768.29
DP   3  12 11 0  F        13894.06
DP   3  12 11 1  F        13982.06
DP   3  12 12 0  F        13970.73
DP   3  12 12 1  F        13835.71
DP   3  12 13 0  F        13739.73
DP   3  12 13 1  F        13834.10
DP   3  12 14 0  F        14037.12
DP   3  12 14 1  F        14225.83
DP   3  12 15 0  F        14345.19
DP   3  12 15 1  F        14368.78
DP   3  12 16 0  F        14316.82
DP   3  12 16 1  F        14198.20
DP   3  12 17 0  F        13930.04
DP   3  12 17 1  F        13486.77
DP   3  12 18 0  F        13163.93
DP   3  12 18 1  F        13219.67
DP   3  12 19 0  F        13441.57
DP   3  12 19 1  F        13561.22
DP   3  12 20 0  F        13556.77
DP   3  12 20 1  F        13492.24
DP   3  12 21 0  F        13528.39
DP   3  12 21 1  F        13777.35
DP   3  12 22 0  F        14060.01
DP   3  12 22 1  F        14184.60
DP   3  12 23 0  F        14200.07
DP   3  12 23 1  F        14215.53
DP   4  12 00 0  F        7537.86
DP   4  12 00 1  F        7504.46
DP   4  12 01 0  F        7455.65
DP   4  12 01 1  F        7382.14
DP   4  12 02 0  F        7299.04
DP   4  12 02 1  F        7222.58
DP   4  12 03 0  F        7148.97
DP   4  12 03 1  F        7071.82
DP   4  12 04 0  F        6994.49
DP   4  12 04 1  F        6923.87
DP   4  12 05 0  F        6871.23
DP   4  12 05 1  F        6837.97
DP   4  12 06 0  F        6781.51
DP   4  12 06 1  F        6668.47
DP   4  12 07 0  F        6546.09
DP   4  12 07 1  F        6476.70
DP   4  12 08 0  F        6502.21
DP   4  12 08 1  F        6637.67
DP   4  12 09 0  F        6810.82
DP   4  12 09 1  F        6947.00
DP   4  12 10 0  F        7049.00
DP   4  12 10 1  F        7132.81
DP   4  12 11 0  F        7189.45
DP   4  12 11 1  F        7206.29
DP   4  12 12 0  F        7180.90
DP   4  12 12 1  F        7124.67
DP   4  12 13 0  F        7093.99
DP   4  12 13 1  F        7139.42
DP   4  12 14 0  F        7242.88
DP   4  12 14 1  F        7366.08
DP   4  12 15 0  F        7458.19
DP   4  12 15 1  F        7480.53
DP   4  12 16 0  F        7455.43
DP   4  12 16 1  F        7409.54
DP   4  12 17 0  F        7325.97
DP   4  12 17 1  F        7187.19
DP   4  12 18 0  F        7016.61
DP   4  12 18 1  F        6857.36
DP   4  12 19 0  F        6790.40
DP   4  12 19 1  F        6868.43
DP   4  12 20 0  F        6993.21
DP   4  12 20 1  F        7061.31
DP   4  12 21 0  F        7099.46
DP   4  12 21 1  F        7153.67
DP   4  12 22 0  F        7216.88
DP   4  12 22 1  F        7273.07
DP   4  12 23 0  F        7323.60
DP   4  12 23 1  F        7374.12
