&   CARGA
&
&   ss  di hi m df hf m Demanda
&X  XX  XX XX X XX XX X XXXXXXXXXX
DP   1  10 00 0  F        46558.71
DP   1  10 00 1  F        45192.21
DP   1  10 01 0  F        43900.70
DP   1  10 01 1  F        42751.04
DP   1  10 02 0  F        41777.74
DP   1  10 02 1  F        40995.77
DP   1  10 03 0  F        40374.30
DP   1  10 03 1  F        39886.57
DP   1  10 04 0  F        39567.97
DP   1  10 04 1  F        39444.97
DP   1  10 05 0  F        39446.38
DP   1  10 05 1  F        39498.55
DP   1  10 06 0  F        39615.79
DP   1  10 06 1  F        39879.37
DP   1  10 07 0  F        40550.59
DP   1  10 07 1  F        41821.50
DP   1  10 08 0  F        43427.31
DP   1  10 08 1  F        45020.95
DP   1  10 09 0  F        46383.14
DP   1  10 09 1  F        47390.65
DP   1  10 10 0  F        48176.72
DP   1  10 10 1  F        48877.09
DP   1  10 11 0  F        49381.10
DP   1  10 11 1  F        49569.20
DP   1  10 12 0  F        49532.64
DP   1  10 12 1  F        49446.92
DP   1  10 13 0  F        49613.50
DP   1  10 13 1  F        50237.39
DP   1  10 14 0  F        51011.96
DP   1  10 14 1  F        51578.79
DP   1  10 15 0  F        51884.08
DP   1  10 15 1  F        51969.39
DP   1  10 16 0  F        51953.11
DP   1  10 16 1  F        51874.85
DP   1  10 17 0  F        51382.19
DP   1  10 17 1  F        50210.25
DP   1  10 18 0  F        48836.20
DP   1  10 18 1  F        47867.32
DP   1  10 19 0  F        47689.20
DP   1  10 19 1  F        48422.62
DP   1  10 20 0  F        49350.84
DP   1  10 20 1  F        49760.61
DP   1  10 21 0  F        49790.30
DP   1  10 21 1  F        49696.40
DP   1  10 22 0  F        49356.42
DP   1  10 22 1  F        48627.95
DP   1  10 23 0  F        47667.81
DP   1  10 23 1  F        46707.68
DP   2  10 00 0  F        14764.97
DP   2  10 00 1  F        14211.55
DP   2  10 01 0  F        13717.01
DP   2  10 01 1  F        13323.07
DP   2  10 02 0  F        13002.86
DP   2  10 02 1  F        12721.57
DP   2  10 03 0  F        12481.11
DP   2  10 03 1  F        12293.13
DP   2  10 04 0  F        12171.31
DP   2  10 04 1  F        12122.15
DP   2  10 05 0  F        12121.19
DP   2  10 05 1  F        12142.55
DP   2  10 06 0  F        12185.64
DP   2  10 06 1  F        12285.90
DP   2  10 07 0  F        12597.80
DP   2  10 07 1  F        13237.42
DP   2  10 08 0  F        14048.37
DP   2  10 08 1  F        14823.08
DP   2  10 09 0  F        15421.65
DP   2  10 09 1  F        15773.97
DP   2  10 10 0  F        16021.30
DP   2  10 10 1  F        16317.52
DP   2  10 11 0  F        16655.72
DP   2  10 11 1  F        16951.12
DP   2  10 12 0  F        16968.30
DP   2  10 12 1  F        16599.76
DP   2  10 13 0  F        16400.23
DP   2  10 13 1  F        16860.73
DP   2  10 14 0  F        17555.52
DP   2  10 14 1  F        17961.35
DP   2  10 15 0  F        18081.91
DP   2  10 15 1  F        18044.58
DP   2  10 16 0  F        17944.51
DP   2  10 16 1  F        17840.46
DP   2  10 17 0  F        17677.80
DP   2  10 17 1  F        17368.70
DP   2  10 18 0  F        16806.17
DP   2  10 18 1  F        16007.28
DP   2  10 19 0  F        15504.75
DP   2  10 19 1  F        15732.39
DP   2  10 20 0  F        16212.82
DP   2  10 20 1  F        16404.38
DP   2  10 21 0  F        16419.58
DP   2  10 21 1  F        16466.27
DP   2  10 22 0  F        16479.43
DP   2  10 22 1  F        16361.92
DP   2  10 23 0  F        16161.04
DP   2  10 23 1  F        15960.15
DP   3  10 00 0  F        13913.72
DP   3  10 00 1  F        13665.59
DP   3  10 01 0  F        13430.48
DP   3  10 01 1  F        13220.43
DP   3  10 02 0  F        13043.58
DP   3  10 02 1  F        12901.27
DP   3  10 03 0  F        12771.74
DP   3  10 03 1  F        12641.66
DP   3  10 04 0  F        12554.65
DP   3  10 04 1  F        12530.55
DP   3  10 05 0  F        12437.23
DP   3  10 05 1  F        12164.65
DP   3  10 06 0  F        11843.10
DP   3  10 06 1  F        11644.40
DP   3  10 07 0  F        11666.05
DP   3  10 07 1  F        11952.44
DP   3  10 08 0  F        12409.72
DP   3  10 08 1  F        12912.24
DP   3  10 09 0  F        13345.27
DP   3  10 09 1  F        13628.27
DP   3  10 10 0  F        13806.48
DP   3  10 10 1  F        13945.17
DP   3  10 11 0  F        14063.82
DP   3  10 11 1  F        14153.71
DP   3  10 12 0  F        14138.89
DP   3  10 12 1  F        13983.00
DP   3  10 13 0  F        13875.17
DP   3  10 13 1  F        13990.97
DP   3  10 14 0  F        14226.23
DP   3  10 14 1  F        14430.84
DP   3  10 15 0  F        14550.74
DP   3  10 15 1  F        14568.14
DP   3  10 16 0  F        14514.43
DP   3  10 16 1  F        14403.13
DP   3  10 17 0  F        14126.95
DP   3  10 17 1  F        13640.00
DP   3  10 18 0  F        13262.60
DP   3  10 18 1  F        13280.47
DP   3  10 19 0  F        13474.79
DP   3  10 19 1  F        13568.02
DP   3  10 20 0  F        13552.41
DP   3  10 20 1  F        13504.62
DP   3  10 21 0  F        13569.17
DP   3  10 21 1  F        13837.58
DP   3  10 22 0  F        14121.49
DP   3  10 22 1  F        14225.87
DP   3  10 23 0  F        14208.83
DP   3  10 23 1  F        14191.79
DP   4  10 00 0  F        7420.79
DP   4  10 00 1  F        7387.21
DP   4  10 01 0  F        7341.13
DP   4  10 01 1  F        7274.39
DP   4  10 02 0  F        7196.24
DP   4  10 02 1  F        7117.93
DP   4  10 03 0  F        7041.32
DP   4  10 03 1  F        6966.72
DP   4  10 04 0  F        6897.62
DP   4  10 04 1  F        6838.67
DP   4  10 05 0  F        6795.95
DP   4  10 05 1  F        6767.31
DP   4  10 06 0  F        6716.27
DP   4  10 06 1  F        6615.83
DP   4  10 07 0  F        6511.40
DP   4  10 07 1  F        6461.37
DP   4  10 08 0  F        6503.89
DP   4  10 08 1  F        6653.18
DP   4  10 09 0  F        6847.95
DP   4  10 09 1  F        7021.01
DP   4  10 10 0  F        7157.01
DP   4  10 10 1  F        7254.38
DP   4  10 11 0  F        7314.77
DP   4  10 11 1  F        7339.35
DP   4  10 12 0  F        7323.95
DP   4  10 12 1  F        7275.99
DP   4  10 13 0  F        7254.27
DP   4  10 13 1  F        7312.02
DP   4  10 14 0  F        7428.62
DP   4  10 14 1  F        7565.38
DP   4  10 15 0  F        7685.34
DP   4  10 15 1  F        7757.06
DP   4  10 16 0  F        7769.36
DP   4  10 16 1  F        7718.77
DP   4  10 17 0  F        7612.14
DP   4  10 17 1  F        7459.47
DP   4  10 18 0  F        7272.89
DP   4  10 18 1  F        7081.79
DP   4  10 19 0  F        6982.51
DP   4  10 19 1  F        7045.37
DP   4  10 20 0  F        7169.59
DP   4  10 20 1  F        7244.71
DP   4  10 21 0  F        7292.60
DP   4  10 21 1  F        7355.82
DP   4  10 22 0  F        7427.25
DP   4  10 22 1  F        7491.54
DP   4  10 23 0  F        7550.16
DP   4  10 23 1  F        7608.78
