&   CARGA
&
&   ss  di hi m df hf m Demanda
&X  XX  XX XX X XX XX X XXXXXXXXXX
DP   1  06 00 0  F        43506.27
DP   1  06 00 1  F        42506.31
DP   1  06 01 0  F        41570.06
DP   1  06 01 1  F        40742.80
DP   1  06 02 0  F        39996.10
DP   1  06 02 1  F        39295.30
DP   1  06 03 0  F        38654.55
DP   1  06 03 1  F        38105.00
DP   1  06 04 0  F        37697.11
DP   1  06 04 1  F        37451.31
DP   1  06 05 0  F        37248.64
DP   1  06 05 1  F        36976.30
DP   1  06 06 0  F        36685.59
DP   1  06 06 1  F        36485.40
DP   1  06 07 0  F        36550.79
DP   1  06 07 1  F        37014.36
DP   1  06 08 0  F        37772.49
DP   1  06 08 1  F        38669.09
DP   1  06 09 0  F        39574.12
DP   1  06 09 1  F        40399.35
DP   1  06 10 0  F        41197.62
DP   1  06 10 1  F        42023.27
DP   1  06 11 0  F        42795.69
DP   1  06 11 1  F        43415.13
DP   1  06 12 0  F        43840.35
DP   1  06 12 1  F        44053.49
DP   1  06 13 0  F        44071.88
DP   1  06 13 1  F        43931.55
DP   1  06 14 0  F        43708.10
DP   1  06 14 1  F        43488.56
DP   1  06 15 0  F        43365.97
DP   1  06 15 1  F        43396.74
DP   1  06 16 0  F        43484.70
DP   1  06 16 1  F        43533.00
DP   1  06 17 0  F        43594.71
DP   1  06 17 1  F        43729.67
DP   1  06 18 0  F        43874.88
DP   1  06 18 1  F        44040.89
DP   1  06 19 0  F        44655.43
DP   1  06 19 1  F        45983.31
DP   1  06 20 0  F        47220.48
DP   1  06 20 1  F        47550.72
DP   1  06 21 0  F        47178.09
DP   1  06 21 1  F        46511.18
DP   1  06 22 0  F        45756.37
DP   1  06 22 1  F        45037.88
DP   1  06 23 0  F        44353.38
DP   1  06 23 1  F        43668.87
DP   2  06 00 0  F        14002.73
DP   2  06 00 1  F        13593.26
DP   2  06 01 0  F        13189.41
DP   2  06 01 1  F        12798.24
DP   2  06 02 0  F        12432.59
DP   2  06 02 1  F        12105.22
DP   2  06 03 0  F        11822.90
DP   2  06 03 1  F        11595.40
DP   2  06 04 0  F        11450.53
DP   2  06 04 1  F        11395.87
DP   2  06 05 0  F        11340.06
DP   2  06 05 1  F        11210.92
DP   2  06 06 0  F        11112.01
DP   2  06 06 1  F        11164.17
DP   2  06 07 0  F        11381.69
DP   2  06 07 1  F        11731.67
DP   2  06 08 0  F        12098.99
DP   2  06 08 1  F        12381.85
DP   2  06 09 0  F        12614.10
DP   2  06 09 1  F        12847.49
DP   2  06 10 0  F        13069.78
DP   2  06 10 1  F        13268.68
DP   2  06 11 0  F        13495.81
DP   2  06 11 1  F        13782.37
DP   2  06 12 0  F        14013.94
DP   2  06 12 1  F        14095.24
DP   2  06 13 0  F        14153.07
DP   2  06 13 1  F        14315.04
DP   2  06 14 0  F        14489.89
DP   2  06 14 1  F        14564.55
DP   2  06 15 0  F        14557.72
DP   2  06 15 1  F        14508.28
DP   2  06 16 0  F        14404.19
DP   2  06 16 1  F        14251.17
DP   2  06 17 0  F        14176.86
DP   2  06 17 1  F        14285.59
DP   2  06 18 0  F        14466.60
DP   2  06 18 1  F        14594.27
DP   2  06 19 0  F        14698.68
DP   2  06 19 1  F        14846.82
DP   2  06 20 0  F        15097.62
DP   2  06 20 1  F        15448.01
DP   2  06 21 0  F        15655.13
DP   2  06 21 1  F        15509.64
DP   2  06 22 0  F        15176.32
DP   2  06 22 1  F        14864.51
DP   2  06 23 0  F        14587.92
DP   2  06 23 1  F        14311.32
DP   3  06 00 0  F        14435.60
DP   3  06 00 1  F        14254.91
DP   3  06 01 0  F        14081.52
DP   3  06 01 1  F        13919.32
DP   3  06 02 0  F        13758.59
DP   3  06 02 1  F        13591.42
DP   3  06 03 0  F        13430.86
DP   3  06 03 1  F        13297.42
DP   3  06 04 0  F        13220.59
DP   3  06 04 1  F        13195.28
DP   3  06 05 0  F        13069.07
DP   3  06 05 1  F        12719.66
DP   3  06 06 0  F        12292.35
DP   3  06 06 1  F        11973.00
DP   3  06 07 0  F        11841.99
DP   3  06 07 1  F        11926.43
DP   3  06 08 0  F        12145.88
DP   3  06 08 1  F        12401.09
DP   3  06 09 0  F        12625.07
DP   3  06 09 1  F        12783.99
DP   3  06 10 0  F        12944.18
DP   3  06 10 1  F        13162.29
DP   3  06 11 0  F        13356.03
DP   3  06 11 1  F        13435.05
DP   3  06 12 0  F        13415.46
DP   3  06 12 1  F        13341.56
DP   3  06 13 0  F        13263.85
DP   3  06 13 1  F        13220.98
DP   3  06 14 0  F        13198.24
DP   3  06 14 1  F        13173.10
DP   3  06 15 0  F        13145.26
DP   3  06 15 1  F        13123.56
DP   3  06 16 0  F        13131.32
DP   3  06 16 1  F        13167.20
DP   3  06 17 0  F        13116.83
DP   3  06 17 1  F        12931.11
DP   3  06 18 0  F        12935.17
DP   3  06 18 1  F        13392.21
DP   3  06 19 0  F        13943.62
DP   3  06 19 1  F        14191.34
DP   3  06 20 0  F        14201.23
DP   3  06 20 1  F        14140.08
DP   3  06 21 0  F        14114.40
DP   3  06 21 1  F        14179.13
DP   3  06 22 0  F        14243.06
DP   3  06 22 1  F        14210.44
DP   3  06 23 0  F        14113.56
DP   3  06 23 1  F        14016.67
DP   4  06 00 0  F        7699.53
DP   4  06 00 1  F        7666.37
DP   4  06 01 0  F        7614.60
DP   4  06 01 1  F        7536.17
DP   4  06 02 0  F        7465.46
DP   4  06 02 1  F        7432.80
DP   4  06 03 0  F        7409.94
DP   4  06 03 1  F        7362.63
DP   4  06 04 0  F        7291.19
DP   4  06 04 1  F        7210.29
DP   4  06 05 0  F        7157.40
DP   4  06 05 1  F        7145.63
DP   4  06 06 0  F        7067.89
DP   4  06 06 1  F        6841.91
DP   4  06 07 0  F        6604.91
DP   4  06 07 1  F        6506.04
DP   4  06 08 0  F        6522.60
DP   4  06 08 1  F        6594.30
DP   4  06 09 0  F        6682.25
DP   4  06 09 1  F        6757.56
DP   4  06 10 0  F        6809.92
DP   4  06 10 1  F        6835.71
DP   4  06 11 0  F        6839.46
DP   4  06 11 1  F        6825.52
DP   4  06 12 0  F        6789.40
DP   4  06 12 1  F        6732.91
DP   4  06 13 0  F        6692.08
DP   4  06 13 1  F        6702.12
DP   4  06 14 0  F        6761.01
DP   4  06 14 1  F        6851.01
DP   4  06 15 0  F        6928.94
DP   4  06 15 1  F        6955.21
DP   4  06 16 0  F        6929.96
DP   4  06 16 1  F        6864.79
DP   4  06 17 0  F        6777.34
DP   4  06 17 1  F        6689.89
DP   4  06 18 0  F        6637.29
DP   4  06 18 1  F        6652.77
DP   4  06 19 0  F        6750.40
DP   4  06 19 1  F        6919.91
DP   4  06 20 0  F        7072.83
DP   4  06 20 1  F        7132.08
DP   4  06 21 0  F        7144.35
DP   4  06 21 1  F        7172.04
DP   4  06 22 0  F        7216.47
DP   4  06 22 1  F        7265.84
DP   4  06 23 0  F        7316.62
DP   4  06 23 1  F        7367.40
