&   CARGA
&
&   ss  di hi m df hf m Demanda
&X  XX  XX XX X XX XX X XXXXXXXXXX
DP   1  11 00 0  F        47190.59
DP   1  11 00 1  F        45808.15
DP   1  11 01 0  F        44519.86
DP   1  11 01 1  F        43401.13
DP   1  11 02 0  F        42452.52
DP   1  11 02 1  F        41660.81
DP   1  11 03 0  F        41032.73
DP   1  11 03 1  F        40577.09
DP   1  11 04 0  F        40291.24
DP   1  11 04 1  F        40163.01
DP   1  11 05 0  F        40153.60
DP   1  11 05 1  F        40225.33
DP   1  11 06 0  F        40371.59
DP   1  11 06 1  F        40651.38
DP   1  11 07 0  F        41355.07
DP   1  11 07 1  F        42705.85
DP   1  11 08 0  F        44426.85
DP   1  11 08 1  F        46142.96
DP   1  11 09 0  F        47586.19
DP   1  11 09 1  F        48604.88
DP   1  11 10 0  F        49405.55
DP   1  11 10 1  F        50192.84
DP   1  11 11 0  F        50805.60
DP   1  11 11 1  F        51058.20
DP   1  11 12 0  F        51032.66
DP   1  11 12 1  F        50915.32
DP   1  11 13 0  F        51042.01
DP   1  11 13 1  F        51650.53
DP   1  11 14 0  F        52437.03
DP   1  11 14 1  F        53033.59
DP   1  11 15 0  F        53357.72
DP   1  11 15 1  F        53422.28
DP   1  11 16 0  F        53336.16
DP   1  11 16 1  F        53141.28
DP   1  11 17 0  F        52515.70
DP   1  11 17 1  F        51226.80
DP   1  11 18 0  F        49762.95
DP   1  11 18 1  F        48748.75
DP   1  11 19 0  F        48632.71
DP   1  11 19 1  F        49555.75
DP   1  11 20 0  F        50604.38
DP   1  11 20 1  F        50904.96
DP   1  11 21 0  F        50797.41
DP   1  11 21 1  F        50750.32
DP   1  11 22 0  F        50533.40
DP   1  11 22 1  F        49857.05
DP   1  11 23 0  F        48893.30
DP   1  11 23 1  F        47929.54
DP   2  11 00 0  F        16123.22
DP   2  11 00 1  F        15546.73
DP   2  11 01 0  F        15025.23
DP   2  11 01 1  F        14600.27
DP   2  11 02 0  F        14259.66
DP   2  11 02 1  F        13978.53
DP   2  11 03 0  F        13735.04
DP   2  11 03 1  F        13516.35
DP   2  11 04 0  F        13342.73
DP   2  11 04 1  F        13240.17
DP   2  11 05 0  F        13224.71
DP   2  11 05 1  F        13293.66
DP   2  11 06 0  F        13379.57
DP   2  11 06 1  F        13458.80
DP   2  11 07 0  F        13747.79
DP   2  11 07 1  F        14430.87
DP   2  11 08 0  F        15323.84
DP   2  11 08 1  F        16174.01
DP   2  11 09 0  F        16823.10
DP   2  11 09 1  F        17193.39
DP   2  11 10 0  F        17434.82
DP   2  11 10 1  F        17716.49
DP   2  11 11 0  F        18056.43
DP   2  11 11 1  F        18381.64
DP   2  11 12 0  F        18405.95
DP   2  11 12 1  F        17978.94
DP   2  11 13 0  F        17706.32
DP   2  11 13 1  F        18136.13
DP   2  11 14 0  F        18829.47
DP   2  11 14 1  F        19234.10
DP   2  11 15 0  F        19331.17
DP   2  11 15 1  F        19239.61
DP   2  11 16 0  F        19096.11
DP   2  11 16 1  F        18988.49
DP   2  11 17 0  F        18791.64
DP   2  11 17 1  F        18356.67
DP   2  11 18 0  F        17652.66
DP   2  11 18 1  F        16770.14
DP   2  11 19 0  F        16167.52
DP   2  11 19 1  F        16216.23
DP   2  11 20 0  F        16571.84
DP   2  11 20 1  F        16815.77
DP   2  11 21 0  F        16948.55
DP   2  11 21 1  F        17043.60
DP   2  11 22 0  F        17046.95
DP   2  11 22 1  F        16901.85
DP   2  11 23 0  F        16667.98
DP   2  11 23 1  F        16434.10
DP   3  11 00 0  F        14113.65
DP   3  11 00 1  F        13870.59
DP   3  11 01 0  F        13638.26
DP   3  11 01 1  F        13426.72
DP   3  11 02 0  F        13243.28
DP   3  11 02 1  F        13090.02
DP   3  11 03 0  F        12950.87
DP   3  11 03 1  F        12816.31
DP   3  11 04 0  F        12721.25
DP   3  11 04 1  F        12678.52
DP   3  11 05 0  F        12568.21
DP   3  11 05 1  F        12290.81
DP   3  11 06 0  F        11961.13
DP   3  11 06 1  F        11734.85
DP   3  11 07 0  F        11716.99
DP   3  11 07 1  F        11963.40
DP   3  11 08 0  F        12384.08
DP   3  11 08 1  F        12855.91
DP   3  11 09 0  F        13269.04
DP   3  11 09 1  F        13545.93
DP   3  11 10 0  F        13724.90
DP   3  11 10 1  F        13863.92
DP   3  11 11 0  F        13983.78
DP   3  11 11 1  F        14078.50
DP   3  11 12 0  F        14072.32
DP   3  11 12 1  F        13927.49
DP   3  11 13 0  F        13828.19
DP   3  11 13 1  F        13945.33
DP   3  11 14 0  F        14174.83
DP   3  11 14 1  F        14370.03
DP   3  11 15 0  F        14488.91
DP   3  11 15 1  F        14522.30
DP   3  11 16 0  F        14487.63
DP   3  11 16 1  F        14383.08
DP   3  11 17 0  F        14103.08
DP   3  11 17 1  F        13607.23
DP   3  11 18 0  F        13219.56
DP   3  11 18 1  F        13231.48
DP   3  11 19 0  F        13439.67
DP   3  11 19 1  F        13574.33
DP   3  11 20 0  F        13594.51
DP   3  11 20 1  F        13546.93
DP   3  11 21 0  F        13600.12
DP   3  11 21 1  F        13874.30
DP   3  11 22 0  F        14174.75
DP   3  11 22 1  F        14294.16
DP   3  11 23 0  F        14289.95
DP   3  11 23 1  F        14285.74
DP   4  11 00 0  F        8222.02
DP   4  11 00 1  F        8160.62
DP   4  11 01 0  F        8086.07
DP   4  11 01 1  F        7993.25
DP   4  11 02 0  F        7909.22
DP   4  11 02 1  F        7855.27
DP   4  11 03 0  F        7797.60
DP   4  11 03 1  F        7703.24
DP   4  11 04 0  F        7597.80
DP   4  11 04 1  F        7515.17
DP   4  11 05 0  F        7463.85
DP   4  11 05 1  F        7433.95
DP   4  11 06 0  F        7367.36
DP   4  11 06 1  F        7221.88
DP   4  11 07 0  F        7067.05
DP   4  11 07 1  F        6990.23
DP   4  11 08 0  F        7038.26
DP   4  11 08 1  F        7221.08
DP   4  11 09 0  F        7441.57
DP   4  11 09 1  F        7602.11
DP   4  11 10 0  F        7710.31
DP   4  11 10 1  F        7795.69
DP   4  11 11 0  F        7870.52
DP   4  11 11 1  F        7933.99
DP   4  11 12 0  F        7950.34
DP   4  11 12 1  F        7904.36
DP   4  11 13 0  F        7898.19
DP   4  11 13 1  F        8022.53
DP   4  11 14 0  F        8205.25
DP   4  11 14 1  F        8353.10
DP   4  11 15 0  F        8451.24
DP   4  11 15 1  F        8504.38
DP   4  11 16 0  F        8516.89
DP   4  11 16 1  F        8488.26
DP   4  11 17 0  F        8398.66
DP   4  11 17 1  F        8236.25
DP   4  11 18 0  F        8040.31
DP   4  11 18 1  F        7868.42
DP   4  11 19 0  F        7800.18
DP   4  11 19 1  F        7883.50
DP   4  11 20 0  F        8017.44
DP   4  11 20 1  F        8095.66
DP   4  11 21 0  F        8139.10
DP   4  11 21 1  F        8190.18
DP   4  11 22 0  F        8249.91
DP   4  11 22 1  F        8310.55
DP   4  11 23 0  F        8370.84
DP   4  11 23 1  F        8431.13
DP   1  12 00 0  F        46673.96
DP   1  12 00 1  F        45293.88
DP   1  12 01 0  F        44016.93
DP   1  12 01 1  F        42924.14
DP   1  12 02 0  F        42008.15
DP   1  12 02 1  F        41246.61
DP   1  12 03 0  F        40645.52
DP   1  12 03 1  F        40213.39
DP   1  12 04 0  F        39940.41
DP   1  12 04 1  F        39810.21
DP   1  12 05 0  F        39798.32
DP   1  12 05 1  F        39886.13
DP   1  12 06 0  F        40086.31
DP   1  12 06 1  F        40460.76
DP   1  12 07 0  F        41237.04
DP   1  12 07 1  F        42578.23
DP   1  12 08 0  F        44224.00
DP   1  12 08 1  F        45838.33
DP   1  12 09 0  F        47205.91
DP   1  12 09 1  F        48208.87
DP   1  12 10 0  F        48998.30
DP   1  12 10 1  F        49721.02
DP   1  12 11 0  F        50237.99
DP   1  12 11 1  F        50397.43
DP   1  12 12 0  F        50282.47
DP   1  12 12 1  F        50071.95
DP   1  12 13 0  F        50092.36
DP   1  12 13 1  F        50571.47
DP   1  12 14 0  F        51194.35
DP   1  12 14 1  F        51599.15
DP   1  12 15 0  F        51779.02
DP   1  12 15 1  F        51793.34
DP   1  12 16 0  F        51611.62
DP   1  12 16 1  F        51178.97
DP   1  12 17 0  F        50433.09
DP   1  12 17 1  F        49377.03
DP   1  12 18 0  F        48282.80
DP   1  12 18 1  F        47509.30
DP   1  12 19 0  F        47493.98
DP   1  12 19 1  F        48427.28
DP   1  12 20 0  F        49432.87
DP   1  12 20 1  F        49661.71
DP   1  12 21 0  F        49440.75
DP   1  12 21 1  F        49236.20
DP   1  12 22 0  F        48895.61
DP   1  12 22 1  F        48199.95
DP   1  12 23 0  F        47282.69
DP   1  12 23 1  F        46365.43
DP   2  12 00 0  F        15117.86
DP   2  12 00 1  F        14583.27
DP   2  12 01 0  F        14102.28
DP   2  12 01 1  F        13712.99
DP   2  12 02 0  F        13391.55
DP   2  12 02 1  F        13107.49
DP   2  12 03 0  F        12865.75
DP   2  12 03 1  F        12677.64
DP   2  12 04 0  F        12544.65
DP   2  12 04 1  F        12468.88
DP   2  12 05 0  F        12465.05
DP   2  12 05 1  F        12540.61
DP   2  12 06 0  F        12661.52
DP   2  12 06 1  F        12821.10
DP   2  12 07 0  F        13163.75
DP   2  12 07 1  F        13807.96
DP   2  12 08 0  F        14617.71
DP   2  12 08 1  F        15399.52
DP   2  12 09 0  F        15984.78
DP   2  12 09 1  F        16279.32
DP   2  12 10 0  F        16461.98
DP   2  12 10 1  F        16722.39
DP   2  12 11 0  F        17020.20
DP   2  12 11 1  F        17231.71
DP   2  12 12 0  F        17129.81
DP   2  12 12 1  F        16624.09
DP   2  12 13 0  F        16274.53
DP   2  12 13 1  F        16579.50
DP   2  12 14 0  F        17140.58
DP   2  12 14 1  F        17459.40
DP   2  12 15 0  F        17534.54
DP   2  12 15 1  F        17479.82
DP   2  12 16 0  F        17373.07
DP   2  12 16 1  F        17256.02
DP   2  12 17 0  F        17062.06
DP   2  12 17 1  F        16710.59
DP   2  12 18 0  F        16173.24
DP   2  12 18 1  F        15509.57
DP   2  12 19 0  F        15078.53
DP   2  12 19 1  F        15167.00
DP   2  12 20 0  F        15474.25
DP   2  12 20 1  F        15644.89
DP   2  12 21 0  F        15692.26
DP   2  12 21 1  F        15694.41
DP   2  12 22 0  F        15619.47
DP   2  12 22 1  F        15429.34
DP   2  12 23 0  F        15170.99
DP   2  12 23 1  F        14912.64
DP   3  12 00 0  F        14035.79
DP   3  12 00 1  F        13783.47
DP   3  12 01 0  F        13548.37
DP   3  12 01 1  F        13344.79
DP   3  12 02 0  F        13175.41
DP   3  12 02 1  F        13035.06
DP   3  12 03 0  F        12898.87
DP   3  12 03 1  F        12751.94
DP   3  12 04 0  F        12638.71
DP   3  12 04 1  F        12585.20
DP   3  12 05 0  F        12484.20
DP   3  12 05 1  F        12239.12
DP   3  12 06 0  F        11929.14
DP   3  12 06 1  F        11677.41
DP   3  12 07 0  F        11607.18
DP   3  12 07 1  F        11798.96
DP   3  12 08 0  F        12162.15
DP   3  12 08 1  F        12570.47
DP   3  12 09 0  F        12925.76
DP   3  12 09 1  F        13161.86
DP   3  12 10 0  F        13312.42
DP   3  12 10 1  F        13428.99
DP   3  12 11 0  F        13534.72
DP   3  12 11 1  F        13628.77
DP   3  12 12 0  F        13642.51
DP   3  12 12 1  F        13534.76
DP   3  12 13 0  F        13441.97
DP   3  12 13 1  F        13498.77
DP   3  12 14 0  F        13654.80
DP   3  12 14 1  F        13820.15
DP   3  12 15 0  F        13931.75
DP   3  12 15 1  F        13949.82
DP   3  12 16 0  F        13901.04
DP   3  12 16 1  F        13802.95
DP   3  12 17 0  F        13570.24
DP   3  12 17 1  F        13169.70
DP   3  12 18 0  F        12879.48
DP   3  12 18 1  F        12946.85
DP   3  12 19 0  F        13184.31
DP   3  12 19 1  F        13346.31
DP   3  12 20 0  F        13389.77
DP   3  12 20 1  F        13350.53
DP   3  12 21 0  F        13377.73
DP   3  12 21 1  F        13584.21
DP   3  12 22 0  F        13824.45
DP   3  12 22 1  F        13938.04
DP   3  12 23 0  F        13963.45
DP   3  12 23 1  F        13988.86
DP   4  12 00 0  F        8256.85
DP   4  12 00 1  F        8188.82
DP   4  12 01 0  F        8119.67
DP   4  12 01 1  F        8049.00
DP   4  12 02 0  F        7979.12
DP   4  12 02 1  F        7911.15
DP   4  12 03 0  F        7838.51
DP   4  12 03 1  F        7755.51
DP   4  12 04 0  F        7667.61
DP   4  12 04 1  F        7586.01
DP   4  12 05 0  F        7533.45
DP   4  12 05 1  F        7516.16
DP   4  12 06 0  F        7462.43
DP   4  12 06 1  F        7314.24
DP   4  12 07 0  F        7146.06
DP   4  12 07 1  F        7050.04
DP   4  12 08 0  F        7056.62
DP   4  12 08 1  F        7164.34
DP   4  12 09 0  F        7305.77
DP   4  12 09 1  F        7413.01
DP   4  12 10 0  F        7482.08
DP   4  12 10 1  F        7527.73
DP   4  12 11 0  F        7575.73
DP   4  12 11 1  F        7638.65
DP   4  12 12 0  F        7665.30
DP   4  12 12 1  F        7618.32
DP   4  12 13 0  F        7579.49
DP   4  12 13 1  F        7632.17
DP   4  12 14 0  F        7746.93
DP   4  12 14 1  F        7868.76
DP   4  12 15 0  F        7953.18
DP   4  12 15 1  F        7972.17
DP   4  12 16 0  F        7952.99
DP   4  12 16 1  F        7923.73
DP   4  12 17 0  F        7860.34
DP   4  12 17 1  F        7741.34
DP   4  12 18 0  F        7607.47
DP   4  12 18 1  F        7511.72
DP   4  12 19 0  F        7493.68
DP   4  12 19 1  F        7569.40
DP   4  12 20 0  F        7674.03
DP   4  12 20 1  F        7741.72
DP   4  12 21 0  F        7783.44
DP   4  12 21 1  F        7825.05
DP   4  12 22 0  F        7875.28
DP   4  12 22 1  F        7936.72
DP   4  12 23 0  F        8004.68
DP   4  12 23 1  F        8072.64
DP   1  13 00 0  F        45310.73
DP   1  13 00 1  F        44072.53
DP   1  13 01 0  F        42922.95
DP   1  13 01 1  F        41927.32
DP   1  13 02 0  F        41057.96
DP   1  13 02 1  F        40280.24
DP   1  13 03 0  F        39624.80
DP   1  13 03 1  F        39129.31
DP   1  13 04 0  F        38794.21
DP   1  13 04 1  F        38592.31
DP   1  13 05 0  F        38423.03
DP   1  13 05 1  F        38187.97
DP   1  13 06 0  F        37870.68
DP   1  13 06 1  F        37547.28
DP   1  13 07 0  F        37582.47
DP   1  13 07 1  F        38265.02
DP   1  13 08 0  F        39291.54
DP   1  13 08 1  F        40283.88
DP   1  13 09 0  F        41157.00
DP   1  13 09 1  F        41901.90
DP   1  13 10 0  F        42520.61
DP   1  13 10 1  F        43008.75
DP   1  13 11 0  F        43325.28
DP   1  13 11 1  F        43451.81
DP   1  13 12 0  F        43497.10
DP   1  13 12 1  F        43565.94
DP   1  13 13 0  F        43619.87
DP   1  13 13 1  F        43602.82
DP   1  13 14 0  F        43531.57
DP   1  13 14 1  F        43440.84
DP   1  13 15 0  F        43364.16
DP   1  13 15 1  F        43328.15
DP   1  13 16 0  F        43332.73
DP   1  13 16 1  F        43363.95
DP   1  13 17 0  F        43378.88
DP   1  13 17 1  F        43366.03
DP   1  13 18 0  F        43468.52
DP   1  13 18 1  F        43866.70
DP   1  13 19 0  F        44735.07
DP   1  13 19 1  F        46067.25
DP   1  13 20 0  F        47139.34
DP   1  13 20 1  F        47290.01
DP   1  13 21 0  F        46825.86
DP   1  13 21 1  F        46194.87
DP   1  13 22 0  F        45442.77
DP   1  13 22 1  F        44538.47
DP   1  13 23 0  F        43546.18
DP   1  13 23 1  F        42553.89
DP   2  13 00 0  F        14139.58
DP   2  13 00 1  F        13644.70
DP   2  13 01 0  F        13197.20
DP   2  13 01 1  F        12830.49
DP   2  13 02 0  F        12522.12
DP   2  13 02 1  F        12244.34
DP   2  13 03 0  F        12003.99
DP   2  13 03 1  F        11815.86
DP   2  13 04 0  F        11691.90
DP   2  13 04 1  F        11636.76
DP   2  13 05 0  F        11628.64
DP   2  13 05 1  F        11639.22
DP   2  13 06 0  F        11640.39
DP   2  13 06 1  F        11642.65
DP   2  13 07 0  F        11810.60
DP   2  13 07 1  F        12273.23
DP   2  13 08 0  F        12862.89
DP   2  13 08 1  F        13372.65
DP   2  13 09 0  F        13735.22
DP   2  13 09 1  F        13944.61
DP   2  13 10 0  F        14100.58
DP   2  13 10 1  F        14301.69
DP   2  13 11 0  F        14536.12
DP   2  13 11 1  F        14741.23
DP   2  13 12 0  F        14761.58
DP   2  13 12 1  F        14513.29
DP   2  13 13 0  F        14291.49
DP   2  13 13 1  F        14374.90
DP   2  13 14 0  F        14597.70
DP   2  13 14 1  F        14732.34
DP   2  13 15 0  F        14749.10
DP   2  13 15 1  F        14681.63
DP   2  13 16 0  F        14619.44
DP   2  13 16 1  F        14636.22
DP   2  13 17 0  F        14686.47
DP   2  13 17 1  F        14693.26
DP   2  13 18 0  F        14573.00
DP   2  13 18 1  F        14313.38
DP   2  13 19 0  F        14193.75
DP   2  13 19 1  F        14443.66
DP   2  13 20 0  F        14801.81
DP   2  13 20 1  F        14960.66
DP   2  13 21 0  F        14918.57
DP   2  13 21 1  F        14743.23
DP   2  13 22 0  F        14473.78
DP   2  13 22 1  F        14142.06
DP   2  13 23 0  F        13779.28
DP   2  13 23 1  F        13416.50
DP   3  13 00 0  F        13831.97
DP   3  13 00 1  F        13634.39
DP   3  13 01 0  F        13434.54
DP   3  13 01 1  F        13235.45
DP   3  13 02 0  F        13061.31
DP   3  13 02 1  F        12929.44
DP   3  13 03 0  F        12808.44
DP   3  13 03 1  F        12672.53
DP   3  13 04 0  F        12567.14
DP   3  13 04 1  F        12519.38
DP   3  13 05 0  F        12411.97
DP   3  13 05 1  F        12139.16
DP   3  13 06 0  F        11785.58
DP   3  13 06 1  F        11476.18
DP   3  13 07 0  F        11306.57
DP   3  13 07 1  F        11336.32
DP   3  13 08 0  F        11510.12
DP   3  13 08 1  F        11742.21
DP   3  13 09 0  F        11939.89
DP   3  13 09 1  F        12038.53
DP   3  13 10 0  F        12092.69
DP   3  13 10 1  F        12168.52
DP   3  13 11 0  F        12259.44
DP   3  13 11 1  F        12337.65
DP   3  13 12 0  F        12363.50
DP   3  13 12 1  F        12316.43
DP   3  13 13 0  F        12264.26
DP   3  13 13 1  F        12274.45
DP   3  13 14 0  F        12324.65
DP   3  13 14 1  F        12374.94
DP   3  13 15 0  F        12405.00
DP   3  13 15 1  F        12402.98
DP   3  13 16 0  F        12371.18
DP   3  13 16 1  F        12315.25
DP   3  13 17 0  F        12240.20
DP   3  13 17 1  F        12184.79
DP   3  13 18 0  F        12323.65
DP   3  13 18 1  F        12769.47
DP   3  13 19 0  F        13251.30
DP   3  13 19 1  F        13485.45
DP   3  13 20 0  F        13521.02
DP   3  13 20 1  F        13480.26
DP   3  13 21 0  F        13445.24
DP   3  13 21 1  F        13465.17
DP   3  13 22 0  F        13498.11
DP   3  13 22 1  F        13494.42
DP   3  13 23 0  F        13464.88
DP   3  13 23 1  F        13435.34
DP   4  13 00 0  F        7901.36
DP   4  13 00 1  F        7855.48
DP   4  13 01 0  F        7807.28
DP   4  13 01 1  F        7754.63
DP   4  13 02 0  F        7696.08
DP   4  13 02 1  F        7631.30
DP   4  13 03 0  F        7563.49
DP   4  13 03 1  F        7495.40
DP   4  13 04 0  F        7424.24
DP   4  13 04 1  F        7351.10
DP   4  13 05 0  F        7298.16
DP   4  13 05 1  F        7275.28
DP   4  13 06 0  F        7221.85
DP   4  13 06 1  F        7087.02
DP   4  13 07 0  F        6929.19
DP   4  13 07 1  F        6820.69
DP   4  13 08 0  F        6780.06
DP   4  13 08 1  F        6804.18
DP   4  13 09 0  F        6857.15
DP   4  13 09 1  F        6903.73
DP   4  13 10 0  F        6944.20
DP   4  13 10 1  F        6986.36
DP   4  13 11 0  F        7032.51
DP   4  13 11 1  F        7077.30
DP   4  13 12 0  F        7090.33
DP   4  13 12 1  F        7053.90
DP   4  13 13 0  F        7026.36
DP   4  13 13 1  F        7064.27
DP   4  13 14 0  F        7140.98
DP   4  13 14 1  F        7215.51
DP   4  13 15 0  F        7272.70
DP   4  13 15 1  F        7305.85
DP   4  13 16 0  F        7316.29
DP   4  13 16 1  F        7305.07
DP   4  13 17 0  F        7264.06
DP   4  13 17 1  F        7194.86
DP   4  13 18 0  F        7147.12
DP   4  13 18 1  F        7170.19
DP   4  13 19 0  F        7264.18
DP   4  13 19 1  F        7406.93
DP   4  13 20 0  F        7536.53
DP   4  13 20 1  F        7599.39
DP   4  13 21 0  F        7614.98
DP   4  13 21 1  F        7617.52
DP   4  13 22 0  F        7626.90
DP   4  13 22 1  F        7654.84
DP   4  13 23 0  F        7694.38
DP   4  13 23 1  F        7733.92
DP   1  14 00 0  F        41812.66
DP   1  14 00 1  F        40761.15
DP   1  14 01 0  F        39766.81
DP   1  14 01 1  F        38873.84
DP   1  14 02 0  F        38074.44
DP   1  14 02 1  F        37355.35
DP   1  14 03 0  F        36733.34
DP   1  14 03 1  F        36229.73
DP   1  14 04 0  F        35853.95
DP   1  14 04 1  F        35588.24
DP   1  14 05 0  F        35317.76
DP   1  14 05 1  F        34927.77
DP   1  14 06 0  F        34401.07
DP   1  14 06 1  F        33816.31
DP   1  14 07 0  F        33538.11
DP   1  14 07 1  F        33863.32
DP   1  14 08 0  F        34531.71
DP   1  14 08 1  F        35211.18
DP   1  14 09 0  F        35839.38
DP   1  14 09 1  F        36424.86
DP   1  14 10 0  F        36990.21
DP   1  14 10 1  F        37549.67
DP   1  14 11 0  F        38069.99
DP   1  14 11 1  F        38513.12
DP   1  14 12 0  F        38869.14
DP   1  14 12 1  F        39134.38
DP   1  14 13 0  F        39301.86
DP   1  14 13 1  F        39369.75
DP   1  14 14 0  F        39359.98
DP   1  14 14 1  F        39310.72
DP   1  14 15 0  F        39301.43
DP   1  14 15 1  F        39406.86
DP   1  14 16 0  F        39641.68
DP   1  14 16 1  F        39990.20
DP   1  14 17 0  F        40375.55
DP   1  14 17 1  F        40728.14
DP   1  14 18 0  F        41068.80
DP   1  14 18 1  F        41498.25
DP   1  14 19 0  F        42346.23
DP   1  14 19 1  F        43776.10
DP   1  14 20 0  F        45056.59
DP   1  14 20 1  F        45487.52
DP   1  14 21 0  F        45387.75
DP   1  14 21 1  F        45209.84
DP   1  14 22 0  F        44922.35
DP   1  14 22 1  F        44420.05
DP   1  14 23 0  F        43786.73
DP   1  14 23 1  F        43153.40
DP   2  14 00 0  F        13216.02
DP   2  14 00 1  F        12768.94
DP   2  14 01 0  F        12362.58
DP   2  14 01 1  F        12026.39
DP   2  14 02 0  F        11744.82
DP   2  14 02 1  F        11495.26
DP   2  14 03 0  F        11271.86
DP   2  14 03 1  F        11078.29
DP   2  14 04 0  F        10939.69
DP   2  14 04 1  F        10873.65
DP   2  14 05 0  F        10846.01
DP   2  14 05 1  F        10813.08
DP   2  14 06 0  F        10744.69
DP   2  14 06 1  F        10653.79
DP   2  14 07 0  F        10712.17
DP   2  14 07 1  F        11056.92
DP   2  14 08 0  F        11527.43
DP   2  14 08 1  F        11928.63
DP   2  14 09 0  F        12225.29
DP   2  14 09 1  F        12436.31
DP   2  14 10 0  F        12637.00
DP   2  14 10 1  F        12895.89
DP   2  14 11 0  F        13197.72
DP   2  14 11 1  F        13484.86
DP   2  14 12 0  F        13613.85
DP   2  14 12 1  F        13503.65
DP   2  14 13 0  F        13408.38
DP   2  14 13 1  F        13567.83
DP   2  14 14 0  F        13829.08
DP   2  14 14 1  F        13991.56
DP   2  14 15 0  F        14056.69
DP   2  14 15 1  F        14075.44
DP   2  14 16 0  F        14094.71
DP   2  14 16 1  F        14150.48
DP   2  14 17 0  F        14238.91
DP   2  14 17 1  F        14322.37
DP   2  14 18 0  F        14267.85
DP   2  14 18 1  F        14020.40
DP   2  14 19 0  F        13932.59
DP   2  14 19 1  F        14302.85
DP   2  14 20 0  F        14805.50
DP   2  14 20 1  F        15060.48
DP   2  14 21 0  F        15094.38
DP   2  14 21 1  F        15017.11
DP   2  14 22 0  F        14865.35
DP   2  14 22 1  F        14659.08
DP   2  14 23 0  F        14424.75
DP   2  14 23 1  F        14190.43
DP   3  14 00 0  F        13482.11
DP   3  14 00 1  F        13297.03
DP   3  14 01 0  F        13116.59
DP   3  14 01 1  F        12945.57
DP   3  14 02 0  F        12789.35
DP   3  14 02 1  F        12649.96
DP   3  14 03 0  F        12515.52
DP   3  14 03 1  F        12379.89
DP   3  14 04 0  F        12273.91
DP   3  14 04 1  F        12208.98
DP   3  14 05 0  F        12081.87
DP   3  14 05 1  F        11800.15
DP   3  14 06 0  F        11429.39
DP   3  14 06 1  F        11073.11
DP   3  14 07 0  F        10828.68
DP   3  14 07 1  F        10759.64
DP   3  14 08 0  F        10800.55
DP   3  14 08 1  F        10866.64
DP   3  14 09 0  F        10924.97
DP   3  14 09 1  F        10961.88
DP   3  14 10 0  F        10988.99
DP   3  14 10 1  F        11024.02
DP   3  14 11 0  F        11083.71
DP   3  14 11 1  F        11173.02
DP   3  14 12 0  F        11250.81
DP   3  14 12 1  F        11279.62
DP   3  14 13 0  F        11282.69
DP   3  14 13 1  F        11292.50
DP   3  14 14 0  F        11317.79
DP   3  14 14 1  F        11357.34
DP   3  14 15 0  F        11393.85
DP   3  14 15 1  F        11413.04
DP   3  14 16 0  F        11428.79
DP   3  14 16 1  F        11452.08
DP   3  14 17 0  F        11454.06
DP   3  14 17 1  F        11444.56
DP   3  14 18 0  F        11627.93
DP   3  14 18 1  F        12145.72
DP   3  14 19 0  F        12693.85
DP   3  14 19 1  F        12957.20
DP   3  14 20 0  F        13021.97
DP   3  14 20 1  F        13046.81
DP   3  14 21 0  F        13078.83
DP   3  14 21 1  F        13129.45
DP   3  14 22 0  F        13178.84
DP   3  14 22 1  F        13206.41
DP   3  14 23 0  F        13219.57
DP   3  14 23 1  F        13232.73
DP   4  14 00 0  F        7720.95
DP   4  14 00 1  F        7678.59
DP   4  14 01 0  F        7635.32
DP   4  14 01 1  F        7589.51
DP   4  14 02 0  F        7536.74
DP   4  14 02 1  F        7474.28
DP   4  14 03 0  F        7408.88
DP   4  14 03 1  F        7347.09
DP   4  14 04 0  F        7285.16
DP   4  14 04 1  F        7220.40
DP   4  14 05 0  F        7164.72
DP   4  14 05 1  F        7122.87
DP   4  14 06 0  F        7056.38
DP   4  14 06 1  F        6931.75
DP   4  14 07 0  F        6778.41
DP   4  14 07 1  F        6638.50
DP   4  14 08 0  F        6542.01
DP   4  14 08 1  F        6505.33
DP   4  14 09 0  F        6502.51
DP   4  14 09 1  F        6502.79
DP   4  14 10 0  F        6498.58
DP   4  14 10 1  F        6493.01
DP   4  14 11 0  F        6508.86
DP   4  14 11 1  F        6559.73
DP   4  14 12 0  F        6602.84
DP   4  14 12 1  F        6601.78
DP   4  14 13 0  F        6602.02
DP   4  14 13 1  F        6651.41
DP   4  14 14 0  F        6725.40
DP   4  14 14 1  F        6790.16
DP   4  14 15 0  F        6847.24
DP   4  14 15 1  F        6903.33
DP   4  14 16 0  F        6950.26
DP   4  14 16 1  F        6976.50
DP   4  14 17 0  F        6971.82
DP   4  14 17 1  F        6939.46
DP   4  14 18 0  F        6935.25
DP   4  14 18 1  F        7010.64
DP   4  14 19 0  F        7147.01
DP   4  14 19 1  F        7305.24
DP   4  14 20 0  F        7434.37
DP   4  14 20 1  F        7496.38
DP   4  14 21 0  F        7516.95
DP   4  14 21 1  F        7532.56
DP   4  14 22 0  F        7559.36
DP   4  14 22 1  F        7604.70
DP   4  14 23 0  F        7661.17
DP   4  14 23 1  F        7717.63
DP   1  15 00 0  F        42009.57
DP   1  15 00 1  F        40898.23
DP   1  15 01 0  F        39874.69
DP   1  15 01 1  F        39006.15
DP   1  15 02 0  F        38277.54
DP   1  15 02 1  F        37663.04
DP   1  15 03 0  F        37176.35
DP   1  15 03 1  F        36837.07
DP   1  15 04 0  F        36649.02
DP   1  15 04 1  F        36606.27
DP   1  15 05 0  F        36679.45
DP   1  15 05 1  F        36852.28
DP   1  15 06 0  F        37183.98
DP   1  15 06 1  F        37771.95
DP   1  15 07 0  F        38790.81
DP   1  15 07 1  F        40342.23
DP   1  15 08 0  F        42158.86
DP   1  15 08 1  F        43917.48
DP   1  15 09 0  F        45440.37
DP   1  15 09 1  F        46634.00
DP   1  15 10 0  F        47596.15
DP   1  15 10 1  F        48429.78
DP   1  15 11 0  F        49067.37
DP   1  15 11 1  F        49418.80
DP   1  15 12 0  F        49474.16
DP   1  15 12 1  F        49324.38
DP   1  15 13 0  F        49383.70
DP   1  15 13 1  F        49971.83
DP   1  15 14 0  F        50707.29
DP   1  15 14 1  F        51152.45
DP   1  15 15 0  F        51346.38
DP   1  15 15 1  F        51430.89
DP   1  15 16 0  F        51481.94
DP   1  15 16 1  F        51468.44
DP   1  15 17 0  F        50996.88
DP   1  15 17 1  F        49782.48
DP   1  15 18 0  F        48337.86
DP   1  15 18 1  F        47339.31
DP   1  15 19 0  F        47320.35
DP   1  15 19 1  F        48474.16
DP   1  15 20 0  F        49775.25
DP   1  15 20 1  F        50224.04
DP   1  15 21 0  F        50143.34
DP   1  15 21 1  F        50019.32
DP   1  15 22 0  F        49669.39
DP   1  15 22 1  F        48850.04
DP   1  15 23 0  F        47742.84
DP   1  15 23 1  F        46635.65
DP   2  15 00 0  F        14214.40
DP   2  15 00 1  F        13789.51
DP   2  15 01 0  F        13407.91
DP   2  15 01 1  F        13100.22
DP   2  15 02 0  F        12846.28
DP   2  15 02 1  F        12621.02
DP   2  15 03 0  F        12430.60
DP   2  15 03 1  F        12286.27
DP   2  15 04 0  F        12188.60
DP   2  15 04 1  F        12139.80
DP   2  15 05 0  F        12159.50
DP   2  15 05 1  F        12257.96
DP   2  15 06 0  F        12390.69
DP   2  15 06 1  F        12548.72
DP   2  15 07 0  F        12919.88
DP   2  15 07 1  F        13654.46
DP   2  15 08 0  F        14555.71
DP   2  15 08 1  F        15375.92
DP   2  15 09 0  F        16010.57
DP   2  15 09 1  F        16427.73
DP   2  15 10 0  F        16742.75
DP   2  15 10 1  F        17081.65
DP   2  15 11 0  F        17466.18
DP   2  15 11 1  F        17834.49
DP   2  15 12 0  F        17894.85
DP   2  15 12 1  F        17493.74
DP   2  15 13 0  F        17260.44
DP   2  15 13 1  F        17761.83
DP   2  15 14 0  F        18532.30
DP   2  15 14 1  F        18992.21
DP   2  15 15 0  F        19138.42
DP   2  15 15 1  F        19106.66
DP   2  15 16 0  F        19011.80
DP   2  15 16 1  F        18923.93
DP   2  15 17 0  F        18755.14
DP   2  15 17 1  F        18384.94
DP   2  15 18 0  F        17720.80
DP   2  15 18 1  F        16803.37
DP   2  15 19 0  F        16178.07
DP   2  15 19 1  F        16297.26
DP   2  15 20 0  F        16736.39
DP   2  15 20 1  F        16987.22
DP   2  15 21 0  F        17083.78
DP   2  15 21 1  F        17152.25
DP   2  15 22 0  F        17145.09
DP   2  15 22 1  F        17000.40
DP   2  15 23 0  F        16772.42
DP   2  15 23 1  F        16544.44
DP   3  15 00 0  F        13401.02
DP   3  15 00 1  F        13175.45
DP   3  15 01 0  F        12963.00
DP   3  15 01 1  F        12775.73
DP   3  15 02 0  F        12621.38
DP   3  15 02 1  F        12500.12
DP   3  15 03 0  F        12385.98
DP   3  15 03 1  F        12261.46
DP   3  15 04 0  F        12169.08
DP   3  15 04 1  F        12132.44
DP   3  15 05 0  F        12039.46
DP   3  15 05 1  F        11795.85
DP   3  15 06 0  F        11513.95
DP   3  15 06 1  F        11342.76
DP   3  15 07 0  F        11371.03
DP   3  15 07 1  F        11644.03
DP   3  15 08 0  F        12093.17
DP   3  15 08 1  F        12611.80
DP   3  15 09 0  F        13054.78
DP   3  15 09 1  F        13314.56
DP   3  15 10 0  F        13472.58
DP   3  15 10 1  F        13630.08
DP   3  15 11 0  F        13778.54
DP   3  15 11 1  F        13876.51
DP   3  15 12 0  F        13860.48
DP   3  15 12 1  F        13712.49
DP   3  15 13 0  F        13618.92
DP   3  15 13 1  F        13747.23
DP   3  15 14 0  F        13985.14
DP   3  15 14 1  F        14178.61
DP   3  15 15 0  F        14286.31
DP   3  15 15 1  F        14303.95
DP   3  15 16 0  F        14262.60
DP   3  15 16 1  F        14172.22
DP   3  15 17 0  F        13922.80
DP   3  15 17 1  F        13466.51
DP   3  15 18 0  F        13124.00
DP   3  15 18 1  F        13178.32
DP   3  15 19 0  F        13393.59
DP   3  15 19 1  F        13478.48
DP   3  15 20 0  F        13438.83
DP   3  15 20 1  F        13370.66
DP   3  15 21 0  F        13433.71
DP   3  15 21 1  F        13725.92
DP   3  15 22 0  F        14034.29
DP   3  15 22 1  F        14139.45
DP   3  15 23 0  F        14107.34
DP   3  15 23 1  F        14075.23
DP   4  15 00 0  F        7695.34
DP   4  15 00 1  F        7650.81
DP   4  15 01 0  F        7598.71
DP   4  15 01 1  F        7535.81
DP   4  15 02 0  F        7476.35
DP   4  15 02 1  F        7432.03
DP   4  15 03 0  F        7386.89
DP   4  15 03 1  F        7323.82
DP   4  15 04 0  F        7248.71
DP   4  15 04 1  F        7175.71
DP   4  15 05 0  F        7129.16
DP   4  15 05 1  F        7118.12
DP   4  15 06 0  F        7080.35
DP   4  15 06 1  F        6964.23
DP   4  15 07 0  F        6831.86
DP   4  15 07 1  F        6763.14
DP   4  15 08 0  F        6795.48
DP   4  15 08 1  F        6936.15
DP   4  15 09 0  F        7114.60
DP   4  15 09 1  F        7256.98
DP   4  15 10 0  F        7354.15
DP   4  15 10 1  F        7417.33
DP   4  15 11 0  F        7474.40
DP   4  15 11 1  F        7541.66
DP   4  15 12 0  F        7572.36
DP   4  15 12 1  F        7533.95
DP   4  15 13 0  F        7513.79
DP   4  15 13 1  F        7596.94
DP   4  15 14 0  F        7739.36
DP   4  15 14 1  F        7875.60
DP   4  15 15 0  F        7983.45
DP   4  15 15 1  F        8053.22
DP   4  15 16 0  F        8081.99
DP   4  15 16 1  F        8065.53
DP   4  15 17 0  F        7987.67
DP   4  15 17 1  F        7841.09
DP   4  15 18 0  F        7665.63
DP   4  15 18 1  F        7516.38
DP   4  15 19 0  F        7462.29
DP   4  15 19 1  F        7543.62
DP   4  15 20 0  F        7671.85
DP   4  15 20 1  F        7753.30
DP   4  15 21 0  F        7802.27
DP   4  15 21 1  F        7852.44
DP   4  15 22 0  F        7907.10
DP   4  15 22 1  F        7962.68
DP   4  15 23 0  F        8018.36
DP   4  15 23 1  F        8074.05
DP   1  16 00 0  F        45712.98
DP   1  16 00 1  F        44303.50
DP   1  16 01 0  F        43012.06
DP   1  16 01 1  F        41932.03
DP   1  16 02 0  F        41058.13
DP   1  16 02 1  F        40359.22
DP   1  16 03 0  F        39799.23
DP   1  16 03 1  F        39354.68
DP   1  16 04 0  F        39057.30
DP   1  16 04 1  F        38937.63
DP   1  16 05 0  F        38966.12
DP   1  16 05 1  F        39102.74
DP   1  16 06 0  F        39325.83
DP   1  16 06 1  F        39684.72
DP   1  16 07 0  F        40494.49
DP   1  16 07 1  F        41993.46
DP   1  16 08 0  F        43847.14
DP   1  16 08 1  F        45633.73
DP   1  16 09 0  F        47154.87
DP   1  16 09 1  F        48323.67
DP   1  16 10 0  F        49275.82
DP   1  16 10 1  F        50137.26
DP   1  16 11 0  F        50772.32
DP   1  16 11 1  F        51040.60
DP   1  16 12 0  F        51044.10
DP   1  16 12 1  F        50977.23
DP   1  16 13 0  F        51161.39
DP   1  16 13 1  F        51813.70
DP   1  16 14 0  F        52607.10
DP   1  16 14 1  F        53166.26
DP   1  16 15 0  F        53466.85
DP   1  16 15 1  F        53581.52
DP   1  16 16 0  F        53619.75
DP   1  16 16 1  F        53584.17
DP   1  16 17 0  F        53012.96
DP   1  16 17 1  F        51571.13
DP   1  16 18 0  F        49895.32
DP   1  16 18 1  F        48780.99
DP   1  16 19 0  F        48687.31
DP   1  16 19 1  F        49719.29
DP   1  16 20 0  F        50901.77
DP   1  16 20 1  F        51303.43
DP   1  16 21 0  F        51248.56
DP   1  16 21 1  F        51202.19
DP   1  16 22 0  F        50936.83
DP   1  16 22 1  F        50170.26
DP   1  16 23 0  F        49093.88
DP   1  16 23 1  F        48017.49
DP   2  16 00 0  F        15849.83
DP   2  16 00 1  F        15259.17
DP   2  16 01 0  F        14735.54
DP   2  16 01 1  F        14325.51
DP   2  16 02 0  F        13993.70
DP   2  16 02 1  F        13696.17
DP   2  16 03 0  F        13436.61
DP   2  16 03 1  F        13228.60
DP   2  16 04 0  F        13077.83
DP   2  16 04 1  F        12990.85
DP   2  16 05 0  F        12985.75
DP   2  16 05 1  F        13068.04
DP   2  16 06 0  F        13181.45
DP   2  16 06 1  F        13307.57
DP   2  16 07 0  F        13641.29
DP   2  16 07 1  F        14344.62
DP   2  16 08 0  F        15234.81
DP   2  16 08 1  F        16066.51
DP   2  16 09 0  F        16688.70
DP   2  16 09 1  F        17035.21
DP   2  16 10 0  F        17284.81
DP   2  16 10 1  F        17620.15
DP   2  16 11 0  F        17994.36
DP   2  16 11 1  F        18278.02
DP   2  16 12 0  F        18240.88
DP   2  16 12 1  F        17795.97
DP   2  16 13 0  F        17530.28
DP   2  16 13 1  F        17959.22
DP   2  16 14 0  F        18637.82
DP   2  16 14 1  F        19020.53
DP   2  16 15 0  F        19119.67
DP   2  16 15 1  F        19073.81
DP   2  16 16 0  F        18968.56
DP   2  16 16 1  F        18847.80
DP   2  16 17 0  F        18641.57
DP   2  16 17 1  F        18257.18
DP   2  16 18 0  F        17625.07
DP   2  16 18 1  F        16787.41
DP   2  16 19 0  F        16210.21
DP   2  16 19 1  F        16279.14
DP   2  16 20 0  F        16634.68
DP   2  16 20 1  F        16842.68
DP   2  16 21 0  F        16915.70
DP   2  16 21 1  F        16945.77
DP   2  16 22 0  F        16895.77
DP   2  16 22 1  F        16720.38
DP   2  16 23 0  F        16470.28
DP   2  16 23 1  F        16220.18
DP   3  16 00 0  F        14100.66
DP   3  16 00 1  F        13848.86
DP   3  16 01 0  F        13611.43
DP   3  16 01 1  F        13400.55
DP   3  16 02 0  F        13219.65
DP   3  16 02 1  F        13067.09
DP   3  16 03 0  F        12929.53
DP   3  16 03 1  F        12801.43
DP   3  16 04 0  F        12720.12
DP   3  16 04 1  F        12696.86
DP   3  16 05 0  F        12595.75
DP   3  16 05 1  F        12306.95
DP   3  16 06 0  F        11971.98
DP   3  16 06 1  F        11771.66
DP   3  16 07 0  F        11792.56
DP   3  16 07 1  F        12069.54
DP   3  16 08 0  F        12525.00
DP   3  16 08 1  F        13047.02
DP   3  16 09 0  F        13498.76
DP   3  16 09 1  F        13778.34
DP   3  16 10 0  F        13948.51
DP   3  16 10 1  F        14094.70
DP   3  16 11 0  F        14228.31
DP   3  16 11 1  F        14327.84
DP   3  16 12 0  F        14314.15
DP   3  16 12 1  F        14151.67
DP   3  16 13 0  F        14036.56
DP   3  16 13 1  F        14150.57
DP   3  16 14 0  F        14386.00
DP   3  16 14 1  F        14589.58
DP   3  16 15 0  F        14715.04
DP   3  16 15 1  F        14750.36
DP   3  16 16 0  F        14713.54
DP   3  16 16 1  F        14604.85
DP   3  16 17 0  F        14323.52
DP   3  16 17 1  F        13832.83
DP   3  16 18 0  F        13453.00
DP   3  16 18 1  F        13466.90
DP   3  16 19 0  F        13651.00
DP   3  16 19 1  F        13725.01
DP   3  16 20 0  F        13687.98
DP   3  16 20 1  F        13624.43
DP   3  16 21 0  F        13681.38
DP   3  16 21 1  F        13950.52
DP   3  16 22 0  F        14239.80
DP   3  16 22 1  F        14350.29
DP   3  16 23 0  F        14339.34
DP   3  16 23 1  F        14328.40
DP   4  16 00 0  F        8089.18
DP   4  16 00 1  F        8027.83
DP   4  16 01 0  F        7960.19
DP   4  16 01 1  F        7883.31
DP   4  16 02 0  F        7807.69
DP   4  16 02 1  F        7742.73
DP   4  16 03 0  F        7680.19
DP   4  16 03 1  F        7609.61
DP   4  16 04 0  F        7529.39
DP   4  16 04 1  F        7445.72
DP   4  16 05 0  F        7387.25
DP   4  16 05 1  F        7367.46
DP   4  16 06 0  F        7316.92
DP   4  16 06 1  F        7177.36
DP   4  16 07 0  F        7018.18
DP   4  16 07 1  F        6928.74
DP   4  16 08 0  F        6950.48
DP   4  16 08 1  F        7091.41
DP   4  16 09 0  F        7273.73
DP   4  16 09 1  F        7416.72
DP   4  16 10 0  F        7513.94
DP   4  16 10 1  F        7580.19
DP   4  16 11 0  F        7641.07
DP   4  16 11 1  F        7709.35
DP   4  16 12 0  F        7735.78
DP   4  16 12 1  F        7687.92
DP   4  16 13 0  F        7662.53
DP   4  16 13 1  F        7753.09
DP   4  16 14 0  F        7910.78
DP   4  16 14 1  F        8062.61
DP   4  16 15 0  F        8181.04
DP   4  16 15 1  F        8252.87
DP   4  16 16 0  F        8276.68
DP   4  16 16 1  F        8252.60
DP   4  16 17 0  F        8175.15
DP   4  16 17 1  F        8043.59
DP   4  16 18 0  F        7881.83
DP   4  16 18 1  F        7729.67
DP   4  16 19 0  F        7665.97
DP   4  16 19 1  F        7743.31
DP   4  16 20 0  F        7870.11
DP   4  16 20 1  F        7947.03
DP   4  16 21 0  F        7987.97
DP   4  16 21 1  F        8028.11
DP   4  16 22 0  F        8074.57
DP   4  16 22 1  F        8126.92
DP   4  16 23 0  F        8182.49
DP   4  16 23 1  F        8238.06
DP   1  17 00 0  F        47274.70
DP   1  17 00 1  F        45843.86
DP   1  17 01 0  F        44500.85
DP   1  17 01 1  F        43322.92
DP   1  17 02 0  F        42344.99
DP   1  17 02 1  F        41577.90
DP   1  17 03 0  F        40978.48
DP   1  17 03 1  F        40506.81
DP   1  17 04 0  F        40189.67
DP   1  17 04 1  F        40052.23
DP   1  17 05 0  F        40046.27
DP   1  17 05 1  F        40119.69
DP   1  17 06 0  F        40278.34
DP   1  17 06 1  F        40595.48
DP   1  17 07 0  F        41356.21
DP   1  17 07 1  F        42774.40
DP   1  17 08 0  F        44567.17
DP   1  17 08 1  F        46361.38
DP   1  17 09 0  F        47919.76
DP   1  17 09 1  F        49104.49
DP   1  17 10 0  F        50039.95
DP   1  17 10 1  F        50858.71
DP   1  17 11 0  F        51464.14
DP   1  17 11 1  F        51746.12
DP   1  17 12 0  F        51769.91
DP   1  17 12 1  F        51694.60
DP   1  17 13 0  F        51879.12
DP   1  17 13 1  F        52577.87
DP   1  17 14 0  F        53427.15
DP   1  17 14 1  F        54008.78
DP   1  17 15 0  F        54304.94
DP   1  17 15 1  F        54401.26
DP   1  17 16 0  F        54396.87
DP   1  17 16 1  F        54291.47
DP   1  17 17 0  F        53673.55
DP   1  17 17 1  F        52244.30
DP   1  17 18 0  F        50566.91
DP   1  17 18 1  F        49363.90
DP   1  17 19 0  F        49132.96
DP   1  17 19 1  F        50042.88
DP   1  17 20 0  F        51171.59
DP   1  17 20 1  F        51609.94
DP   1  17 21 0  F        51591.12
DP   1  17 21 1  F        51503.97
DP   1  17 22 0  F        51217.41
DP   1  17 22 1  F        50552.27
DP   1  17 23 0  F        49656.89
DP   1  17 23 1  F        48761.52
DP   2  17 00 0  F        15227.08
DP   2  17 00 1  F        14624.44
DP   2  17 01 0  F        14100.76
DP   2  17 01 1  F        13709.27
DP   2  17 02 0  F        13400.41
DP   2  17 02 1  F        13116.93
DP   2  17 03 0  F        12873.75
DP   2  17 03 1  F        12695.98
DP   2  17 04 0  F        12577.42
DP   2  17 04 1  F        12511.27
DP   2  17 05 0  F        12519.80
DP   2  17 05 1  F        12616.19
DP   2  17 06 0  F        12748.37
DP   2  17 06 1  F        12897.73
DP   2  17 07 0  F        13244.67
DP   2  17 07 1  F        13937.89
DP   2  17 08 0  F        14800.37
DP   2  17 08 1  F        15596.07
DP   2  17 09 0  F        16178.78
DP   2  17 09 1  F        16483.88
DP   2  17 10 0  F        16683.20
DP   2  17 10 1  F        16957.12
DP   2  17 11 0  F        17283.70
DP   2  17 11 1  F        17554.63
DP   2  17 12 0  F        17518.37
DP   2  17 12 1  F        17062.01
DP   2  17 13 0  F        16770.25
DP   2  17 13 1  F        17165.12
DP   2  17 14 0  F        17820.22
DP   2  17 14 1  F        18203.26
DP   2  17 15 0  F        18306.86
DP   2  17 15 1  F        18253.58
DP   2  17 16 0  F        18160.79
DP   2  17 16 1  F        18100.09
DP   2  17 17 0  F        17965.27
DP   2  17 17 1  F        17627.68
DP   2  17 18 0  F        17046.71
DP   2  17 18 1  F        16289.89
DP   2  17 19 0  F        15769.14
DP   2  17 19 1  F        15822.01
DP   2  17 20 0  F        16144.00
DP   2  17 20 1  F        16358.84
DP   2  17 21 0  F        16445.18
DP   2  17 21 1  F        16454.03
DP   2  17 22 0  F        16371.01
DP   2  17 22 1  F        16180.72
DP   2  17 23 0  F        15929.12
DP   2  17 23 1  F        15677.53
DP   3  17 00 0  F        13882.66
DP   3  17 00 1  F        13640.96
DP   3  17 01 0  F        13406.95
DP   3  17 01 1  F        13190.00
DP   3  17 02 0  F        13006.30
DP   3  17 02 1  F        12864.28
DP   3  17 03 0  F        12734.63
DP   3  17 03 1  F        12596.26
DP   3  17 04 0  F        12498.71
DP   3  17 04 1  F        12469.88
DP   3  17 05 0  F        12380.15
DP   3  17 05 1  F        12117.74
DP   3  17 06 0  F        11799.53
DP   3  17 06 1  F        11586.08
DP   3  17 07 0  F        11583.99
DP   3  17 07 1  F        11848.68
DP   3  17 08 0  F        12284.72
DP   3  17 08 1  F        12762.64
DP   3  17 09 0  F        13167.78
DP   3  17 09 1  F        13421.03
DP   3  17 10 0  F        13570.75
DP   3  17 10 1  F        13686.13
DP   3  17 11 0  F        13792.09
DP   3  17 11 1  F        13883.56
DP   3  17 12 0  F        13879.61
DP   3  17 12 1  F        13735.76
DP   3  17 13 0  F        13628.99
DP   3  17 13 1  F        13727.41
DP   3  17 14 0  F        13942.13
DP   3  17 14 1  F        14138.68
DP   3  17 15 0  F        14257.06
DP   3  17 15 1  F        14271.03
DP   3  17 16 0  F        14214.75
DP   3  17 16 1  F        14107.88
DP   3  17 17 0  F        13851.48
DP   3  17 17 1  F        13404.46
DP   3  17 18 0  F        13075.45
DP   3  17 18 1  F        13136.75
DP   3  17 19 0  F        13365.46
DP   3  17 19 1  F        13482.10
DP   3  17 20 0  F        13476.04
DP   3  17 20 1  F        13422.92
DP   3  17 21 0  F        13474.55
DP   3  17 21 1  F        13730.19
DP   3  17 22 0  F        14002.76
DP   3  17 22 1  F        14096.86
DP   3  17 23 0  F        14070.10
DP   3  17 23 1  F        14043.33
DP   4  17 00 0  F        8010.97
DP   4  17 00 1  F        7940.78
DP   4  17 01 0  F        7864.95
DP   4  17 01 1  F        7780.92
DP   4  17 02 0  F        7698.50
DP   4  17 02 1  F        7627.19
DP   4  17 03 0  F        7562.85
DP   4  17 03 1  F        7498.10
DP   4  17 04 0  F        7426.32
DP   4  17 04 1  F        7347.74
DP   4  17 05 0  F        7289.16
DP   4  17 05 1  F        7264.85
DP   4  17 06 0  F        7212.25
DP   4  17 06 1  F        7078.47
DP   4  17 07 0  F        6925.96
DP   4  17 07 1  F        6837.06
DP   4  17 08 0  F        6858.27
DP   4  17 08 1  F        7003.08
DP   4  17 09 0  F        7188.79
DP   4  17 09 1  F        7329.90
DP   4  17 10 0  F        7425.88
DP   4  17 10 1  F        7498.54
DP   4  17 11 0  F        7574.00
DP   4  17 11 1  F        7662.33
DP   4  17 12 0  F        7705.11
DP   4  17 12 1  F        7663.04
DP   4  17 13 0  F        7641.88
DP   4  17 13 1  F        7743.59
DP   4  17 14 0  F        7910.15
DP   4  17 14 1  F        8057.97
DP   4  17 15 0  F        8161.50
DP   4  17 15 1  F        8213.25
DP   4  17 16 0  F        8220.07
DP   4  17 16 1  F        8187.74
DP   4  17 17 0  F        8103.33
DP   4  17 17 1  F        7959.93
DP   4  17 18 0  F        7793.45
DP   4  17 18 1  F        7654.27
DP   4  17 19 0  F        7607.81
DP   4  17 19 1  F        7692.93
DP   4  17 20 0  F        7827.22
DP   4  17 20 1  F        7920.53
DP   4  17 21 0  F        7972.99
DP   4  17 21 1  F        8006.81
DP   4  17 22 0  F        8041.93
DP   4  17 22 1  F        8092.81
DP   4  17 23 0  F        8154.06
DP   4  17 23 1  F        8215.30
