&   CARGA
&
&   ss  di hi m df hf m Demanda
&X  XX  XX XX X XX XX X XXXXXXXXXX
DP   1  03 00 0  F        41702.41
DP   1  03 00 1  F        40459.58
DP   1  03 01 0  F        39282.21
DP   1  03 01 1  F        38233.45
DP   1  03 02 0  F        37367.13
DP   1  03 02 1  F        36712.62
DP   1  03 03 0  F        36210.80
DP   1  03 03 1  F        35808.31
DP   1  03 04 0  F        35563.43
DP   1  03 04 1  F        35520.06
DP   1  03 05 0  F        35552.90
DP   1  03 05 1  F        35544.86
DP   1  03 06 0  F        35580.84
DP   1  03 06 1  F        35816.67
DP   1  03 07 0  F        36489.85
DP   1  03 07 1  F        37739.81
DP   1  03 08 0  F        39232.00
DP   1  03 08 1  F        40589.56
DP   1  03 09 0  F        41740.37
DP   1  03 09 1  F        42696.45
DP   1  03 10 0  F        43501.61
DP   1  03 10 1  F        44185.40
DP   1  03 11 0  F        44688.66
DP   1  03 11 1  F        44962.24
DP   1  03 12 0  F        45085.76
DP   1  03 12 1  F        45185.10
DP   1  03 13 0  F        45442.31
DP   1  03 13 1  F        45973.34
DP   1  03 14 0  F        46573.57
DP   1  03 14 1  F        47020.66
DP   1  03 15 0  F        47341.98
DP   1  03 15 1  F        47615.11
DP   1  03 16 0  F        47868.75
DP   1  03 16 1  F        48052.83
DP   1  03 17 0  F        47851.35
DP   1  03 17 1  F        47044.11
DP   1  03 18 0  F        46060.21
DP   1  03 18 1  F        45447.91
DP   1  03 19 0  F        45582.73
DP   1  03 19 1  F        46572.31
DP   1  03 20 0  F        47625.25
DP   1  03 20 1  F        47971.80
DP   1  03 21 0  F        47827.64
DP   1  03 21 1  F        47550.59
DP   1  03 22 0  F        47081.48
DP   1  03 22 1  F        46313.74
DP   1  03 23 0  F        45368.27
DP   1  03 23 1  F        44422.79
DP   2  03 00 0  F        13715.01
DP   2  03 00 1  F        13230.19
DP   2  03 01 0  F        12779.55
DP   2  03 01 1  F        12391.61
DP   2  03 02 0  F        12072.14
DP   2  03 02 1  F        11819.34
DP   2  03 03 0  F        11624.02
DP   2  03 03 1  F        11476.98
DP   2  03 04 0  F        11376.49
DP   2  03 04 1  F        11320.50
DP   2  03 05 0  F        11298.20
DP   2  03 05 1  F        11303.35
DP   2  03 06 0  F        11356.68
DP   2  03 06 1  F        11496.50
DP   2  03 07 0  F        11804.37
DP   2  03 07 1  F        12333.45
DP   2  03 08 0  F        12980.02
DP   2  03 08 1  F        13606.40
DP   2  03 09 0  F        14096.07
DP   2  03 09 1  F        14380.53
DP   2  03 10 0  F        14562.37
DP   2  03 10 1  F        14760.90
DP   2  03 11 0  F        14991.28
DP   2  03 11 1  F        15201.07
DP   2  03 12 0  F        15171.72
DP   2  03 12 1  F        14786.09
DP   2  03 13 0  F        14498.82
DP   2  03 13 1  F        14729.11
DP   2  03 14 0  F        15182.45
DP   2  03 14 1  F        15474.95
DP   2  03 15 0  F        15578.90
DP   2  03 15 1  F        15562.87
DP   2  03 16 0  F        15524.23
DP   2  03 16 1  F        15531.55
DP   2  03 17 0  F        15509.31
DP   2  03 17 1  F        15358.39
DP   2  03 18 0  F        15029.31
DP   2  03 18 1  F        14553.30
DP   2  03 19 0  F        14234.74
DP   2  03 19 1  F        14324.00
DP   2  03 20 0  F        14582.15
DP   2  03 20 1  F        14720.74
DP   2  03 21 0  F        14742.69
DP   2  03 21 1  F        14706.36
DP   2  03 22 0  F        14600.64
DP   2  03 22 1  F        14409.97
DP   2  03 23 0  F        14170.37
DP   2  03 23 1  F        13930.77
DP   3  03 00 0  F        13560.25
DP   3  03 00 1  F        13341.57
DP   3  03 01 0  F        13132.81
DP   3  03 01 1  F        12942.77
DP   3  03 02 0  F        12775.95
DP   3  03 02 1  F        12632.16
DP   3  03 03 0  F        12496.80
DP   3  03 03 1  F        12362.55
DP   3  03 04 0  F        12265.43
DP   3  03 04 1  F        12220.04
DP   3  03 05 0  F        12111.98
DP   3  03 05 1  F        11845.92
DP   3  03 06 0  F        11531.75
DP   3  03 06 1  F        11319.09
DP   3  03 07 0  F        11311.17
DP   3  03 07 1  F        11561.49
DP   3  03 08 0  F        11971.21
DP   3  03 08 1  F        12411.50
DP   3  03 09 0  F        12786.27
DP   3  03 09 1  F        13033.75
DP   3  03 10 0  F        13196.95
DP   3  03 10 1  F        13332.60
DP   3  03 11 0  F        13447.63
DP   3  03 11 1  F        13525.84
DP   3  03 12 0  F        13508.41
DP   3  03 12 1  F        13374.13
DP   3  03 13 0  F        13294.96
DP   3  03 13 1  F        13426.65
DP   3  03 14 0  F        13666.94
DP   3  03 14 1  F        13872.30
DP   3  03 15 0  F        13992.11
DP   3  03 15 1  F        14011.73
DP   3  03 16 0  F        13967.41
DP   3  03 16 1  F        13877.03
DP   3  03 17 0  F        13634.23
DP   3  03 17 1  F        13191.91
DP   3  03 18 0  F        12864.41
DP   3  03 18 1  F        12929.85
DP   3  03 19 0  F        13159.87
DP   3  03 19 1  F        13271.08
DP   3  03 20 0  F        13266.15
DP   3  03 20 1  F        13232.34
DP   3  03 21 0  F        13308.96
DP   3  03 21 1  F        13581.38
DP   3  03 22 0  F        13867.11
DP   3  03 22 1  F        13977.94
DP   3  03 23 0  F        13970.68
DP   3  03 23 1  F        13963.43
DP   4  03 00 0  F        7508.61
DP   4  03 00 1  F        7464.71
DP   4  03 01 0  F        7414.76
DP   4  03 01 1  F        7354.42
DP   4  03 02 0  F        7286.23
DP   4  03 02 1  F        7213.60
DP   4  03 03 0  F        7136.69
DP   4  03 03 1  F        7056.99
DP   4  03 04 0  F        6984.61
DP   4  03 04 1  F        6929.51
DP   4  03 05 0  F        6892.39
DP   4  03 05 1  F        6862.16
DP   4  03 06 0  F        6789.73
DP   4  03 06 1  F        6643.20
DP   4  03 07 0  F        6497.25
DP   4  03 07 1  F        6436.99
DP   4  03 08 0  F        6482.57
DP   4  03 08 1  F        6622.17
DP   4  03 09 0  F        6781.20
DP   4  03 09 1  F        6890.00
DP   4  03 10 0  F        6961.46
DP   4  03 10 1  F        7021.15
DP   4  03 11 0  F        7062.69
DP   4  03 11 1  F        7074.48
DP   4  03 12 0  F        7055.94
DP   4  03 12 1  F        7018.70
DP   4  03 13 0  F        7012.29
DP   4  03 13 1  F        7081.08
DP   4  03 14 0  F        7210.73
DP   4  03 14 1  F        7365.81
DP   4  03 15 0  F        7485.26
DP   4  03 15 1  F        7521.21
DP   4  03 16 0  F        7504.41
DP   4  03 16 1  F        7471.09
DP   4  03 17 0  F        7400.82
DP   4  03 17 1  F        7271.26
DP   4  03 18 0  F        7108.86
DP   4  03 18 1  F        6962.03
DP   4  03 19 0  F        6918.13
DP   4  03 19 1  F        7031.72
DP   4  03 20 0  F        7187.19
DP   4  03 20 1  F        7265.88
DP   4  03 21 0  F        7306.98
DP   4  03 21 1  F        7371.65
DP   4  03 22 0  F        7450.92
DP   4  03 22 1  F        7523.67
DP   4  03 23 0  F        7590.47
DP   4  03 23 1  F        7657.27
DP   1  04 00 0  F        43238.55
DP   1  04 00 1  F        41909.05
DP   1  04 01 0  F        40692.17
DP   1  04 01 1  F        39673.90
DP   1  04 02 0  F        38833.57
DP   1  04 02 1  F        38129.13
DP   1  04 03 0  F        37539.43
DP   1  04 03 1  F        37070.58
DP   1  04 04 0  F        36816.68
DP   1  04 04 1  F        36830.79
DP   1  04 05 0  F        36913.79
DP   1  04 05 1  F        36886.24
DP   1  04 06 0  F        36899.48
DP   1  04 06 1  F        37173.33
DP   1  04 07 0  F        37870.83
DP   1  04 07 1  F        39062.96
DP   1  04 08 0  F        40509.38
DP   1  04 08 1  F        41918.36
DP   1  04 09 0  F        43104.03
DP   1  04 09 1  F        43966.46
DP   1  04 10 0  F        44643.85
DP   1  04 10 1  F        45273.14
DP   1  04 11 0  F        45748.11
DP   1  04 11 1  F        45952.94
DP   1  04 12 0  F        45976.45
DP   1  04 12 1  F        45975.74
DP   1  04 13 0  F        46176.16
DP   1  04 13 1  F        46719.19
DP   1  04 14 0  F        47342.32
DP   1  04 14 1  F        47768.20
DP   1  04 15 0  F        48064.05
DP   1  04 15 1  F        48345.88
DP   1  04 16 0  F        48580.35
DP   1  04 16 1  F        48663.05
DP   1  04 17 0  F        48354.75
DP   1  04 17 1  F        47515.85
DP   1  04 18 0  F        46540.11
DP   1  04 18 1  F        45934.98
DP   1  04 19 0  F        46129.34
DP   1  04 19 1  F        47267.19
DP   1  04 20 0  F        48431.39
DP   1  04 20 1  F        48736.93
DP   1  04 21 0  F        48488.41
DP   1  04 21 1  F        48151.39
DP   1  04 22 0  F        47645.75
DP   1  04 22 1  F        46823.12
DP   1  04 23 0  F        45807.90
DP   1  04 23 1  F        44792.68
DP   2  04 00 0  F        12850.31
DP   2  04 00 1  F        12390.03
DP   2  04 01 0  F        11967.76
DP   2  04 01 1  F        11613.38
DP   2  04 02 0  F        11324.27
DP   2  04 02 1  F        11091.44
DP   2  04 03 0  F        10912.78
DP   2  04 03 1  F        10785.79
DP   2  04 04 0  F        10699.62
DP   2  04 04 1  F        10645.23
DP   2  04 05 0  F        10629.15
DP   2  04 05 1  F        10657.37
DP   2  04 06 0  F        10717.94
DP   2  04 06 1  F        10822.35
DP   2  04 07 0  F        11093.59
DP   2  04 07 1  F        11618.30
DP   2  04 08 0  F        12225.97
DP   2  04 08 1  F        12720.42
DP   2  04 09 0  F        13059.75
DP   2  04 09 1  F        13258.43
DP   2  04 10 0  F        13401.89
DP   2  04 10 1  F        13574.05
DP   2  04 11 0  F        13781.72
DP   2  04 11 1  F        13973.31
DP   2  04 12 0  F        13940.60
DP   2  04 12 1  F        13570.66
DP   2  04 13 0  F        13288.22
DP   2  04 13 1  F        13488.30
DP   2  04 14 0  F        13909.33
DP   2  04 14 1  F        14202.98
DP   2  04 15 0  F        14330.43
DP   2  04 15 1  F        14345.67
DP   2  04 16 0  F        14364.25
DP   2  04 16 1  F        14468.24
DP   2  04 17 0  F        14544.10
DP   2  04 17 1  F        14461.03
DP   2  04 18 0  F        14214.92
DP   2  04 18 1  F        13877.73
DP   2  04 19 0  F        13698.92
DP   2  04 19 1  F        13870.54
DP   2  04 20 0  F        14177.31
DP   2  04 20 1  F        14362.37
DP   2  04 21 0  F        14409.78
DP   2  04 21 1  F        14357.58
DP   2  04 22 0  F        14218.87
DP   2  04 22 1  F        14006.02
DP   2  04 23 0  F        13753.36
DP   2  04 23 1  F        13500.70
DP   3  04 00 0  F        13701.75
DP   3  04 00 1  F        13461.85
DP   3  04 01 0  F        13242.21
DP   3  04 01 1  F        13057.44
DP   3  04 02 0  F        12899.56
DP   3  04 02 1  F        12756.21
DP   3  04 03 0  F        12620.18
DP   3  04 03 1  F        12491.71
DP   3  04 04 0  F        12395.62
DP   3  04 04 1  F        12337.38
DP   3  04 05 0  F        12220.38
DP   3  04 05 1  F        11963.79
DP   3  04 06 0  F        11652.09
DP   3  04 06 1  F        11409.98
DP   3  04 07 0  F        11357.86
DP   3  04 07 1  F        11570.48
DP   3  04 08 0  F        11944.23
DP   3  04 08 1  F        12343.78
DP   3  04 09 0  F        12685.27
DP   3  04 09 1  F        12918.26
DP   3  04 10 0  F        13074.60
DP   3  04 10 1  F        13198.81
DP   3  04 11 0  F        13303.99
DP   3  04 11 1  F        13382.57
DP   3  04 12 0  F        13375.86
DP   3  04 12 1  F        13258.14
DP   3  04 13 0  F        13187.03
DP   3  04 13 1  F        13307.17
DP   3  04 14 0  F        13528.23
DP   3  04 14 1  F        13721.81
DP   3  04 15 0  F        13842.27
DP   3  04 15 1  F        13874.48
DP   3  04 16 0  F        13842.30
DP   3  04 16 1  F        13754.16
DP   3  04 17 0  F        13517.40
DP   3  04 17 1  F        13096.43
DP   3  04 18 0  F        12784.83
DP   3  04 18 1  F        12844.26
DP   3  04 19 0  F        13079.73
DP   3  04 19 1  F        13235.94
DP   3  04 20 0  F        13273.26
DP   3  04 20 1  F        13236.22
DP   3  04 21 0  F        13290.40
DP   3  04 21 1  F        13555.83
DP   3  04 22 0  F        13849.46
DP   3  04 22 1  F        13974.78
DP   3  04 23 0  F        13984.79
DP   3  04 23 1  F        13994.79
DP   4  04 00 0  F        7588.22
DP   4  04 00 1  F        7540.99
DP   4  04 01 0  F        7488.73
DP   4  04 01 1  F        7427.28
DP   4  04 02 0  F        7355.91
DP   4  04 02 1  F        7275.97
DP   4  04 03 0  F        7193.63
DP   4  04 03 1  F        7115.14
DP   4  04 04 0  F        7042.20
DP   4  04 04 1  F        6977.07
DP   4  04 05 0  F        6928.98
DP   4  04 05 1  F        6896.42
DP   4  04 06 0  F        6827.93
DP   4  04 06 1  F        6685.62
DP   4  04 07 0  F        6535.75
DP   4  04 07 1  F        6458.00
DP   4  04 08 0  F        6481.36
DP   4  04 08 1  F        6603.97
DP   4  04 09 0  F        6751.14
DP   4  04 09 1  F        6849.90
DP   4  04 10 0  F        6906.93
DP   4  04 10 1  F        6944.59
DP   4  04 11 0  F        6968.29
DP   4  04 11 1  F        6977.20
DP   4  04 12 0  F        6962.59
DP   4  04 12 1  F        6925.70
DP   4  04 13 0  F        6915.50
DP   4  04 13 1  F        6976.59
DP   4  04 14 0  F        7088.28
DP   4  04 14 1  F        7212.53
DP   4  04 15 0  F        7307.18
DP   4  04 15 1  F        7341.33
DP   4  04 16 0  F        7333.22
DP   4  04 16 1  F        7303.57
DP   4  04 17 0  F        7233.90
DP   4  04 17 1  F        7107.97
DP   4  04 18 0  F        6957.76
DP   4  04 18 1  F        6831.58
DP   4  04 19 0  F        6795.02
DP   4  04 19 1  F        6886.69
DP   4  04 20 0  F        7020.05
DP   4  04 20 1  F        7105.37
DP   4  04 21 0  F        7165.29
DP   4  04 21 1  F        7239.10
DP   4  04 22 0  F        7320.33
DP   4  04 22 1  F        7394.89
DP   4  04 23 0  F        7464.20
DP   4  04 23 1  F        7533.51
DP   1  05 00 0  F        43263.31
DP   1  05 00 1  F        41944.81
DP   1  05 01 0  F        40711.54
DP   1  05 01 1  F        39635.18
DP   1  05 02 0  F        38733.26
DP   1  05 02 1  F        38007.36
DP   1  05 03 0  F        37449.36
DP   1  05 03 1  F        37051.99
DP   1  05 04 0  F        36820.99
DP   1  05 04 1  F        36750.13
DP   1  05 05 0  F        36772.15
DP   1  05 05 1  F        36827.10
DP   1  05 06 0  F        36945.21
DP   1  05 06 1  F        37212.80
DP   1  05 07 0  F        37850.21
DP   1  05 07 1  F        39001.94
DP   1  05 08 0  F        40375.06
DP   1  05 08 1  F        41628.38
DP   1  05 09 0  F        42665.23
DP   1  05 09 1  F        43472.84
DP   1  05 10 0  F        44129.53
DP   1  05 10 1  F        44698.27
DP   1  05 11 0  F        45089.61
DP   1  05 11 1  F        45220.58
DP   1  05 12 0  F        45186.72
DP   1  05 12 1  F        45141.03
DP   1  05 13 0  F        45288.03
DP   1  05 13 1  F        45753.80
DP   1  05 14 0  F        46299.09
DP   1  05 14 1  F        46663.68
DP   1  05 15 0  F        46868.91
DP   1  05 15 1  F        46985.01
DP   1  05 16 0  F        46996.26
DP   1  05 16 1  F        46854.13
DP   1  05 17 0  F        46464.64
DP   1  05 17 1  F        45788.56
DP   1  05 18 0  F        45051.17
DP   1  05 18 1  F        44569.33
DP   1  05 19 0  F        44761.62
DP   1  05 19 1  F        45820.61
DP   1  05 20 0  F        46933.00
DP   1  05 20 1  F        47289.95
DP   1  05 21 0  F        47106.43
DP   1  05 21 1  F        46755.45
DP   1  05 22 0  F        46218.39
DP   1  05 22 1  F        45423.39
DP   1  05 23 0  F        44477.11
DP   1  05 23 1  F        43530.83
DP   2  05 00 0  F        12685.84
DP   2  05 00 1  F        12250.87
DP   2  05 01 0  F        11841.87
DP   2  05 01 1  F        11482.99
DP   2  05 02 0  F        11191.17
DP   2  05 02 1  F        10973.69
DP   2  05 03 0  F        10806.54
DP   2  05 03 1  F        10666.28
DP   2  05 04 0  F        10563.19
DP   2  05 04 1  F        10516.28
DP   2  05 05 0  F        10545.82
DP   2  05 05 1  F        10657.30
DP   2  05 06 0  F        10795.90
DP   2  05 06 1  F        10935.99
DP   2  05 07 0  F        11228.99
DP   2  05 07 1  F        11794.52
DP   2  05 08 0  F        12448.18
DP   2  05 08 1  F        12973.73
DP   2  05 09 0  F        13331.83
DP   2  05 09 1  F        13543.96
DP   2  05 10 0  F        13698.15
DP   2  05 10 1  F        13878.16
DP   2  05 11 0  F        14084.28
DP   2  05 11 1  F        14258.04
DP   2  05 12 0  F        14189.49
DP   2  05 12 1  F        13775.07
DP   2  05 13 0  F        13488.29
DP   2  05 13 1  F        13755.62
DP   2  05 14 0  F        14238.24
DP   2  05 14 1  F        14515.46
DP   2  05 15 0  F        14604.41
DP   2  05 15 1  F        14620.70
DP   2  05 16 0  F        14636.17
DP   2  05 16 1  F        14684.91
DP   2  05 17 0  F        14694.04
DP   2  05 17 1  F        14580.07
DP   2  05 18 0  F        14324.16
DP   2  05 18 1  F        13971.90
DP   2  05 19 0  F        13761.88
DP   2  05 19 1  F        13883.63
DP   2  05 20 0  F        14137.61
DP   2  05 20 1  F        14284.10
DP   2  05 21 0  F        14311.91
DP   2  05 21 1  F        14259.62
DP   2  05 22 0  F        14136.41
DP   2  05 22 1  F        13949.56
DP   2  05 23 0  F        13728.15
DP   2  05 23 1  F        13506.75
DP   3  05 00 0  F        13751.98
DP   3  05 00 1  F        13516.70
DP   3  05 01 0  F        13298.12
DP   3  05 01 1  F        13109.98
DP   3  05 02 0  F        12954.11
DP   3  05 02 1  F        12825.18
DP   3  05 03 0  F        12700.98
DP   3  05 03 1  F        12567.36
DP   3  05 04 0  F        12459.22
DP   3  05 04 1  F        12395.02
DP   3  05 05 0  F        12278.35
DP   3  05 05 1  F        12025.38
DP   3  05 06 0  F        11717.40
DP   3  05 06 1  F        11474.68
DP   3  05 07 0  F        11408.12
DP   3  05 07 1  F        11587.44
DP   3  05 08 0  F        11927.17
DP   3  05 08 1  F        12309.31
DP   3  05 09 0  F        12641.07
DP   3  05 09 1  F        12861.33
DP   3  05 10 0  F        13010.34
DP   3  05 10 1  F        13140.61
DP   3  05 11 0  F        13252.12
DP   3  05 11 1  F        13324.55
DP   3  05 12 0  F        13308.84
DP   3  05 12 1  F        13190.10
DP   3  05 13 0  F        13118.77
DP   3  05 13 1  F        13230.84
DP   3  05 14 0  F        13439.14
DP   3  05 14 1  F        13619.28
DP   3  05 15 0  F        13721.09
DP   3  05 15 1  F        13726.91
DP   3  05 16 0  F        13674.81
DP   3  05 16 1  F        13586.87
DP   3  05 17 0  F        13365.50
DP   3  05 17 1  F        12967.85
DP   3  05 18 0  F        12689.89
DP   3  05 18 1  F        12793.08
DP   3  05 19 0  F        13062.05
DP   3  05 19 1  F        13224.07
DP   3  05 20 0  F        13253.70
DP   3  05 20 1  F        13211.25
DP   3  05 21 0  F        13252.73
DP   3  05 21 1  F        13489.09
DP   3  05 22 0  F        13755.44
DP   3  05 22 1  F        13873.89
DP   3  05 23 0  F        13890.41
DP   3  05 23 1  F        13906.93
DP   4  05 00 0  F        7333.55
DP   4  05 00 1  F        7289.68
DP   4  05 01 0  F        7243.81
DP   4  05 01 1  F        7193.60
DP   4  05 02 0  F        7135.38
DP   4  05 02 1  F        7067.24
DP   4  05 03 0  F        6995.75
DP   4  05 03 1  F        6927.45
DP   4  05 04 0  F        6860.47
DP   4  05 04 1  F        6793.80
DP   4  05 05 0  F        6738.55
DP   4  05 05 1  F        6697.43
DP   4  05 06 0  F        6627.58
DP   4  05 06 1  F        6496.64
DP   4  05 07 0  F        6359.97
DP   4  05 07 1  F        6284.57
DP   4  05 08 0  F        6296.41
DP   4  05 08 1  F        6394.61
DP   4  05 09 0  F        6512.09
DP   4  05 09 1  F        6584.26
DP   4  05 10 0  F        6622.79
DP   4  05 10 1  F        6652.13
DP   4  05 11 0  F        6671.77
DP   4  05 11 1  F        6674.78
DP   4  05 12 0  F        6653.45
DP   4  05 12 1  F        6609.75
DP   4  05 13 0  F        6584.87
DP   4  05 13 1  F        6617.87
DP   4  05 14 0  F        6700.00
DP   4  05 14 1  F        6806.63
DP   4  05 15 0  F        6897.55
DP   4  05 15 1  F        6938.55
DP   4  05 16 0  F        6935.26
DP   4  05 16 1  F        6900.17
DP   4  05 17 0  F        6833.55
DP   4  05 17 1  F        6737.03
DP   4  05 18 0  F        6630.14
DP   4  05 18 1  F        6543.67
DP   4  05 19 0  F        6535.70
DP   4  05 19 1  F        6640.52
DP   4  05 20 0  F        6770.07
DP   4  05 20 1  F        6835.39
DP   4  05 21 0  F        6866.27
DP   4  05 21 1  F        6910.90
DP   4  05 22 0  F        6972.33
DP   4  05 22 1  F        7043.00
DP   4  05 23 0  F        7117.95
DP   4  05 23 1  F        7192.90
DP   1  06 00 0  F        43110.02
DP   1  06 00 1  F        41847.51
DP   1  06 01 0  F        40661.86
DP   1  06 01 1  F        39616.80
DP   1  06 02 0  F        38723.50
DP   1  06 02 1  F        37979.40
DP   1  06 03 0  F        37379.39
DP   1  06 03 1  F        36921.05
DP   1  06 04 0  F        36615.19
DP   1  06 04 1  F        36451.19
DP   1  06 05 0  F        36319.48
DP   1  06 05 1  F        36112.35
DP   1  06 06 0  F        35828.40
DP   1  06 06 1  F        35555.27
DP   1  06 07 0  F        35630.30
DP   1  06 07 1  F        36315.54
DP   1  06 08 0  F        37322.30
DP   1  06 08 1  F        38297.77
DP   1  06 09 0  F        39183.43
DP   1  06 09 1  F        39982.32
DP   1  06 10 0  F        40649.21
DP   1  06 10 1  F        41141.40
DP   1  06 11 0  F        41474.27
DP   1  06 11 1  F        41683.91
DP   1  06 12 0  F        41831.00
DP   1  06 12 1  F        41973.42
DP   1  06 13 0  F        42133.32
DP   1  06 13 1  F        42308.38
DP   1  06 14 0  F        42433.96
DP   1  06 14 1  F        42462.37
DP   1  06 15 0  F        42475.89
DP   1  06 15 1  F        42561.81
DP   1  06 16 0  F        42697.40
DP   1  06 16 1  F        42832.71
DP   1  06 17 0  F        42919.07
DP   1  06 17 1  F        42945.10
DP   1  06 18 0  F        43047.46
DP   1  06 18 1  F        43401.14
DP   1  06 19 0  F        44186.16
DP   1  06 19 1  F        45421.97
DP   1  06 20 0  F        46480.40
DP   1  06 20 1  F        46757.37
DP   1  06 21 0  F        46392.80
DP   1  06 21 1  F        45682.01
DP   1  06 22 0  F        44798.08
DP   1  06 22 1  F        43862.28
DP   1  06 23 0  F        42911.15
DP   1  06 23 1  F        41960.02
DP   2  06 00 0  F        12547.49
DP   2  06 00 1  F        12111.99
DP   2  06 01 0  F        11702.39
DP   2  06 01 1  F        11341.35
DP   2  06 02 0  F        11038.37
DP   2  06 02 1  F        10796.37
DP   2  06 03 0  F        10604.80
DP   2  06 03 1  F        10452.45
DP   2  06 04 0  F        10338.81
DP   2  06 04 1  F        10266.93
DP   2  06 05 0  F        10243.51
DP   2  06 05 1  F        10262.26
DP   2  06 06 0  F        10261.27
DP   2  06 06 1  F        10212.61
DP   2  06 07 0  F        10279.85
DP   2  06 07 1  F        10601.52
DP   2  06 08 0  F        11024.74
DP   2  06 08 1  F        11366.29
DP   2  06 09 0  F        11613.30
DP   2  06 09 1  F        11796.00
DP   2  06 10 0  F        11946.67
DP   2  06 10 1  F        12092.40
DP   2  06 11 0  F        12237.43
DP   2  06 11 1  F        12362.42
DP   2  06 12 0  F        12376.80
DP   2  06 12 1  F        12228.81
DP   2  06 13 0  F        12093.40
DP   2  06 13 1  F        12138.67
DP   2  06 14 0  F        12278.85
DP   2  06 14 1  F        12387.81
DP   2  06 15 0  F        12431.95
DP   2  06 15 1  F        12420.35
DP   2  06 16 0  F        12440.21
DP   2  06 16 1  F        12563.41
DP   2  06 17 0  F        12722.33
DP   2  06 17 1  F        12830.91
DP   2  06 18 0  F        12868.84
DP   2  06 18 1  F        12858.47
DP   2  06 19 0  F        12927.14
DP   2  06 19 1  F        13171.53
DP   2  06 20 0  F        13460.72
DP   2  06 20 1  F        13634.50
DP   2  06 21 0  F        13643.10
DP   2  06 21 1  F        13481.56
DP   2  06 22 0  F        13213.69
DP   2  06 22 1  F        12909.11
DP   2  06 23 0  F        12591.87
DP   2  06 23 1  F        12274.63
DP   3  06 00 0  F        13528.72
DP   3  06 00 1  F        13359.55
DP   3  06 01 0  F        13178.52
DP   3  06 01 1  F        12983.35
DP   3  06 02 0  F        12810.04
DP   3  06 02 1  F        12687.83
DP   3  06 03 0  F        12580.41
DP   3  06 03 1  F        12453.08
DP   3  06 04 0  F        12342.80
DP   3  06 04 1  F        12274.14
DP   3  06 05 0  F        12150.11
DP   3  06 05 1  F        11882.46
DP   3  06 06 0  F        11539.23
DP   3  06 06 1  F        11227.18
DP   3  06 07 0  F        11051.62
DP   3  06 07 1  F        11080.40
DP   3  06 08 0  F        11232.86
DP   3  06 08 1  F        11405.28
DP   3  06 09 0  F        11550.10
DP   3  06 09 1  F        11645.01
DP   3  06 10 0  F        11712.65
DP   3  06 10 1  F        11781.83
DP   3  06 11 0  F        11861.27
DP   3  06 11 1  F        11943.82
DP   3  06 12 0  F        11978.95
DP   3  06 12 1  F        11933.92
DP   3  06 13 0  F        11890.69
DP   3  06 13 1  F        11928.64
DP   3  06 14 0  F        12002.15
DP   3  06 14 1  F        12049.55
DP   3  06 15 0  F        12069.99
DP   3  06 15 1  F        12075.13
DP   3  06 16 0  F        12065.79
DP   3  06 16 1  F        12036.94
DP   3  06 17 0  F        11971.01
DP   3  06 17 1  F        11893.67
DP   3  06 18 0  F        12016.18
DP   3  06 18 1  F        12486.14
DP   3  06 19 0  F        13010.92
DP   3  06 19 1  F        13278.00
DP   3  06 20 0  F        13335.45
DP   3  06 20 1  F        13311.68
DP   3  06 21 0  F        13295.89
DP   3  06 21 1  F        13341.43
DP   3  06 22 0  F        13397.44
DP   3  06 22 1  F        13405.38
DP   3  06 23 0  F        13380.10
DP   3  06 23 1  F        13354.83
DP   4  06 00 0  F        7141.59
DP   4  06 00 1  F        7116.98
DP   4  06 01 0  F        7090.49
DP   4  06 01 1  F        7059.70
DP   4  06 02 0  F        7019.95
DP   4  06 02 1  F        6967.07
DP   4  06 03 0  F        6901.20
DP   4  06 03 1  F        6826.49
DP   4  06 04 0  F        6759.06
DP   4  06 04 1  F        6712.94
DP   4  06 05 0  F        6681.91
DP   4  06 05 1  F        6649.92
DP   4  06 06 0  F        6581.85
DP   4  06 06 1  F        6455.27
DP   4  06 07 0  F        6317.42
DP   4  06 07 1  F        6222.16
DP   4  06 08 0  F        6179.99
DP   4  06 08 1  F        6185.37
DP   4  06 09 0  F        6212.02
DP   4  06 09 1  F        6234.37
DP   4  06 10 0  F        6250.67
DP   4  06 10 1  F        6264.03
DP   4  06 11 0  F        6273.35
DP   4  06 11 1  F        6275.78
DP   4  06 12 0  F        6265.65
DP   4  06 12 1  F        6241.64
DP   4  06 13 0  F        6222.63
DP   4  06 13 1  F        6228.16
DP   4  06 14 0  F        6260.23
DP   4  06 14 1  F        6313.25
DP   4  06 15 0  F        6368.96
DP   4  06 15 1  F        6409.00
DP   4  06 16 0  F        6427.11
DP   4  06 16 1  F        6421.38
DP   4  06 17 0  F        6395.04
DP   4  06 17 1  F        6358.09
DP   4  06 18 0  F        6342.53
DP   4  06 18 1  F        6381.00
DP   4  06 19 0  F        6486.67
DP   4  06 19 1  F        6650.96
DP   4  06 20 0  F        6797.68
DP   4  06 20 1  F        6859.51
DP   4  06 21 0  F        6872.19
DP   4  06 21 1  F        6886.03
DP   4  06 22 0  F        6906.61
DP   4  06 22 1  F        6929.18
DP   4  06 23 0  F        6952.33
DP   4  06 23 1  F        6975.48
DP   1  07 00 0  F        41012.89
DP   1  07 00 1  F        39925.44
DP   1  07 01 0  F        38881.28
DP   1  07 01 1  F        37919.67
DP   1  07 02 0  F        37063.80
DP   1  07 02 1  F        36327.76
DP   1  07 03 0  F        35705.20
DP   1  07 03 1  F        35193.52
DP   1  07 04 0  F        34825.51
DP   1  07 04 1  F        34606.67
DP   1  07 05 0  F        34398.08
DP   1  07 05 1  F        34053.24
DP   1  07 06 0  F        33539.66
DP   1  07 06 1  F        32923.11
DP   1  07 07 0  F        32548.10
DP   1  07 07 1  F        32702.52
DP   1  07 08 0  F        33168.83
DP   1  07 08 1  F        33673.02
DP   1  07 09 0  F        34220.72
DP   1  07 09 1  F        34848.60
DP   1  07 10 0  F        35437.98
DP   1  07 10 1  F        35882.50
DP   1  07 11 0  F        36280.33
DP   1  07 11 1  F        36739.37
DP   1  07 12 0  F        37201.89
DP   1  07 12 1  F        37576.53
DP   1  07 13 0  F        37803.02
DP   1  07 13 1  F        37856.88
DP   1  07 14 0  F        37825.80
DP   1  07 14 1  F        37807.34
DP   1  07 15 0  F        37826.54
DP   1  07 15 1  F        37901.55
DP   1  07 16 0  F        38095.52
DP   1  07 16 1  F        38456.32
DP   1  07 17 0  F        38925.48
DP   1  07 17 1  F        39430.28
DP   1  07 18 0  F        39947.05
DP   1  07 18 1  F        40517.25
DP   1  07 19 0  F        41393.64
DP   1  07 19 1  F        42708.83
DP   1  07 20 0  F        43903.35
DP   1  07 20 1  F        44413.09
DP   1  07 21 0  F        44347.29
DP   1  07 21 1  F        43950.90
DP   1  07 22 0  F        43338.30
DP   1  07 22 1  F        42588.84
DP   1  07 23 0  F        41772.14
DP   1  07 23 1  F        40955.44
DP   2  07 00 0  F        11945.42
DP   2  07 00 1  F        11557.84
DP   2  07 01 0  F        11193.21
DP   2  07 01 1  F        10869.96
DP   2  07 02 0  F        10588.38
DP   2  07 02 1  F        10345.01
DP   2  07 03 0  F        10139.49
DP   2  07 03 1  F        9974.17
DP   2  07 04 0  F        9859.06
DP   2  07 04 1  F        9796.24
DP   2  07 05 0  F        9748.44
DP   2  07 05 1  F        9674.31
DP   2  07 06 0  F        9555.73
DP   2  07 06 1  F        9409.91
DP   2  07 07 0  F        9372.19
DP   2  07 07 1  F        9555.14
DP   2  07 08 0  F        9862.16
DP   2  07 08 1  F        10166.60
DP   2  07 09 0  F        10430.79
DP   2  07 09 1  F        10652.60
DP   2  07 10 0  F        10883.10
DP   2  07 10 1  F        11164.91
DP   2  07 11 0  F        11453.52
DP   2  07 11 1  F        11684.88
DP   2  07 12 0  F        11803.87
DP   2  07 12 1  F        11796.02
DP   2  07 13 0  F        11800.56
DP   2  07 13 1  F        11944.43
DP   2  07 14 0  F        12151.73
DP   2  07 14 1  F        12317.92
DP   2  07 15 0  F        12426.56
DP   2  07 15 1  F        12491.00
DP   2  07 16 0  F        12555.50
DP   2  07 16 1  F        12658.82
DP   2  07 17 0  F        12786.61
DP   2  07 17 1  F        12900.74
DP   2  07 18 0  F        12921.01
DP   2  07 18 1  F        12822.25
DP   2  07 19 0  F        12841.51
DP   2  07 19 1  F        13180.69
DP   2  07 20 0  F        13638.98
DP   2  07 20 1  F        13965.88
DP   2  07 21 0  F        14114.73
DP   2  07 21 1  F        14102.24
DP   2  07 22 0  F        13994.72
DP   2  07 22 1  F        13859.08
DP   2  07 23 0  F        13715.27
DP   2  07 23 1  F        13571.46
DP   3  07 00 0  F        13217.64
DP   3  07 00 1  F        13060.02
DP   3  07 01 0  F        12894.35
DP   3  07 01 1  F        12718.70
DP   3  07 02 0  F        12555.51
DP   3  07 02 1  F        12424.77
DP   3  07 03 0  F        12312.33
DP   3  07 03 1  F        12202.28
DP   3  07 04 0  F        12105.79
DP   3  07 04 1  F        12020.66
DP   3  07 05 0  F        11864.14
DP   3  07 05 1  F        11566.88
DP   3  07 06 0  F        11193.82
DP   3  07 06 1  F        10842.66
DP   3  07 07 0  F        10607.73
DP   3  07 07 1  F        10548.63
DP   3  07 08 0  F        10589.42
DP   3  07 08 1  F        10637.50
DP   3  07 09 0  F        10669.24
DP   3  07 09 1  F        10684.43
DP   3  07 10 0  F        10707.37
DP   3  07 10 1  F        10760.25
DP   3  07 11 0  F        10832.18
DP   3  07 11 1  F        10905.29
DP   3  07 12 0  F        10966.78
DP   3  07 12 1  F        11009.42
DP   3  07 13 0  F        11043.16
DP   3  07 13 1  F        11080.25
DP   3  07 14 0  F        11125.05
DP   3  07 14 1  F        11176.84
DP   3  07 15 0  F        11222.38
DP   3  07 15 1  F        11250.84
DP   3  07 16 0  F        11273.34
DP   3  07 16 1  F        11298.30
DP   3  07 17 0  F        11301.22
DP   3  07 17 1  F        11296.70
DP   3  07 18 0  F        11488.66
DP   3  07 18 1  F        12018.24
DP   3  07 19 0  F        12586.05
DP   3  07 19 1  F        12878.91
DP   3  07 20 0  F        12968.84
DP   3  07 20 1  F        13002.63
DP   3  07 21 0  F        13040.77
DP   3  07 21 1  F        13108.50
DP   3  07 22 0  F        13176.36
DP   3  07 22 1  F        13211.95
DP   3  07 23 0  F        13226.02
DP   3  07 23 1  F        13240.09
DP   4  07 00 0  F        7021.17
DP   4  07 00 1  F        6989.99
DP   4  07 01 0  F        6959.46
DP   4  07 01 1  F        6928.59
DP   4  07 02 0  F        6889.82
DP   4  07 02 1  F        6837.22
DP   4  07 03 0  F        6777.88
DP   4  07 03 1  F        6720.35
DP   4  07 04 0  F        6666.14
DP   4  07 04 1  F        6616.06
DP   4  07 05 0  F        6575.28
DP   4  07 05 1  F        6540.87
DP   4  07 06 0  F        6473.16
DP   4  07 06 1  F        6342.04
DP   4  07 07 0  F        6192.26
DP   4  07 07 1  F        6074.99
DP   4  07 08 0  F        5992.20
DP   4  07 08 1  F        5933.47
DP   4  07 09 0  F        5888.10
DP   4  07 09 1  F        5848.59
DP   4  07 10 0  F        5820.53
DP   4  07 10 1  F        5809.80
DP   4  07 11 0  F        5810.40
DP   4  07 11 1  F        5815.20
DP   4  07 12 0  F        5824.35
DP   4  07 12 1  F        5839.85
DP   4  07 13 0  F        5863.94
DP   4  07 13 1  F        5900.24
DP   4  07 14 0  F        5957.59
DP   4  07 14 1  F        6039.03
DP   4  07 15 0  F        6119.12
DP   4  07 15 1  F        6173.92
DP   4  07 16 0  F        6214.02
DP   4  07 16 1  F        6252.02
DP   4  07 17 0  F        6274.16
DP   4  07 17 1  F        6272.14
DP   4  07 18 0  F        6285.97
DP   4  07 18 1  F        6359.18
DP   4  07 19 0  F        6501.22
DP   4  07 19 1  F        6697.03
DP   4  07 20 0  F        6867.61
DP   4  07 20 1  F        6946.11
DP   4  07 21 0  F        6978.37
DP   4  07 21 1  F        7023.39
DP   4  07 22 0  F        7080.37
DP   4  07 22 1  F        7136.44
DP   4  07 23 0  F        7190.59
DP   4  07 23 1  F        7244.74
DP   1  08 00 0  F        40341.26
DP   1  08 00 1  F        39365.25
DP   1  08 01 0  F        38412.14
DP   1  08 01 1  F        37516.90
DP   1  08 02 0  F        36762.76
DP   1  08 02 1  F        36214.06
DP   1  08 03 0  F        35811.23
DP   1  08 03 1  F        35490.60
DP   1  08 04 0  F        35296.09
DP   1  08 04 1  F        35271.91
DP   1  08 05 0  F        35355.91
DP   1  08 05 1  F        35496.64
DP   1  08 06 0  F        35791.70
DP   1  08 06 1  F        36367.04
DP   1  08 07 0  F        37312.85
DP   1  08 07 1  F        38660.52
DP   1  08 08 0  F        40241.91
DP   1  08 08 1  F        41842.40
DP   1  08 09 0  F        43260.79
DP   1  08 09 1  F        44360.98
DP   1  08 10 0  F        45253.75
DP   1  08 10 1  F        46056.29
DP   1  08 11 0  F        46664.88
DP   1  08 11 1  F        46967.22
DP   1  08 12 0  F        47037.91
DP   1  08 12 1  F        47028.19
DP   1  08 13 0  F        47209.16
DP   1  08 13 1  F        47769.86
DP   1  08 14 0  F        48451.29
DP   1  08 14 1  F        48954.77
DP   1  08 15 0  F        49271.00
DP   1  08 15 1  F        49466.75
DP   1  08 16 0  F        49623.76
DP   1  08 16 1  F        49734.25
DP   1  08 17 0  F        49417.58
DP   1  08 17 1  F        48386.02
DP   1  08 18 0  F        47096.38
DP   1  08 18 1  F        46157.89
DP   1  08 19 0  F        46045.03
DP   1  08 19 1  F        46952.27
DP   1  08 20 0  F        48088.72
DP   1  08 20 1  F        48655.46
DP   1  08 21 0  F        48806.73
DP   1  08 21 1  F        48825.21
DP   1  08 22 0  F        48554.23
DP   1  08 22 1  F        47818.04
DP   1  08 23 0  F        46803.87
DP   1  08 23 1  F        45789.70
DP   2  08 00 0  F        13105.97
DP   2  08 00 1  F        12730.86
DP   2  08 01 0  F        12383.10
DP   2  08 01 1  F        12083.89
DP   2  08 02 0  F        11829.76
DP   2  08 02 1  F        11613.03
DP   2  08 03 0  F        11433.59
DP   2  08 03 1  F        11294.12
DP   2  08 04 0  F        11200.56
DP   2  08 04 1  F        11160.31
DP   2  08 05 0  F        11183.28
DP   2  08 05 1  F        11269.56
DP   2  08 06 0  F        11377.55
DP   2  08 06 1  F        11500.65
DP   2  08 07 0  F        11813.94
DP   2  08 07 1  F        12460.83
DP   2  08 08 0  F        13276.14
DP   2  08 08 1  F        14043.17
DP   2  08 09 0  F        14647.72
DP   2  08 09 1  F        15040.80
DP   2  08 10 0  F        15331.73
DP   2  08 10 1  F        15638.73
DP   2  08 11 0  F        15957.35
DP   2  08 11 1  F        16217.72
DP   2  08 12 0  F        16211.26
DP   2  08 12 1  F        15852.62
DP   2  08 13 0  F        15688.38
DP   2  08 13 1  F        16194.13
DP   2  08 14 0  F        16929.74
DP   2  08 14 1  F        17365.05
DP   2  08 15 0  F        17525.61
DP   2  08 15 1  F        17559.47
DP   2  08 16 0  F        17548.91
DP   2  08 16 1  F        17530.31
DP   2  08 17 0  F        17422.25
DP   2  08 17 1  F        17118.39
DP   2  08 18 0  F        16530.48
DP   2  08 18 1  F        15692.80
DP   2  08 19 0  F        15111.62
DP   2  08 19 1  F        15207.60
DP   2  08 20 0  F        15587.05
DP   2  08 20 1  F        15783.96
DP   2  08 21 0  F        15857.41
DP   2  08 21 1  F        15946.70
DP   2  08 22 0  F        15987.02
DP   2  08 22 1  F        15895.59
DP   2  08 23 0  F        15721.77
DP   2  08 23 1  F        15547.94
DP   3  08 00 0  F        13130.23
DP   3  08 00 1  F        12925.86
DP   3  08 01 0  F        12733.54
DP   3  08 01 1  F        12563.58
DP   3  08 02 0  F        12419.22
DP   3  08 02 1  F        12298.71
DP   3  08 03 0  F        12187.25
DP   3  08 03 1  F        12075.92
DP   3  08 04 0  F        11992.17
DP   3  08 04 1  F        11945.64
DP   3  08 05 0  F        11838.18
DP   3  08 05 1  F        11589.64
DP   3  08 06 0  F        11299.63
DP   3  08 06 1  F        11104.28
DP   3  08 07 0  F        11105.92
DP   3  08 07 1  F        11361.02
DP   3  08 08 0  F        11776.22
DP   3  08 08 1  F        12225.10
DP   3  08 09 0  F        12598.71
DP   3  08 09 1  F        12826.97
DP   3  08 10 0  F        12977.60
DP   3  08 10 1  F        13128.85
DP   3  08 11 0  F        13263.18
DP   3  08 11 1  F        13339.26
DP   3  08 12 0  F        13316.60
DP   3  08 12 1  F        13194.38
DP   3  08 13 0  F        13129.68
DP   3  08 13 1  F        13260.89
DP   3  08 14 0  F        13493.74
DP   3  08 14 1  F        13696.02
DP   3  08 15 0  F        13816.25
DP   3  08 15 1  F        13837.74
DP   3  08 16 0  F        13802.01
DP   3  08 16 1  F        13731.31
DP   3  08 17 0  F        13512.39
DP   3  08 17 1  F        13092.18
DP   3  08 18 0  F        12793.85
DP   3  08 18 1  F        12900.28
DP   3  08 19 0  F        13156.97
DP   3  08 19 1  F        13257.50
DP   3  08 20 0  F        13225.12
DP   3  08 20 1  F        13174.44
DP   3  08 21 0  F        13255.97
DP   3  08 21 1  F        13555.95
DP   3  08 22 0  F        13867.69
DP   3  08 22 1  F        13980.30
DP   3  08 23 0  F        13958.84
DP   3  08 23 1  F        13937.39
DP   4  08 00 0  F        7199.14
DP   4  08 00 1  F        7168.39
DP   4  08 01 0  F        7131.73
DP   4  08 01 1  F        7084.75
DP   4  08 02 0  F        7029.21
DP   4  08 02 1  F        6968.15
DP   4  08 03 0  F        6903.49
DP   4  08 03 1  F        6837.93
DP   4  08 04 0  F        6778.32
DP   4  08 04 1  F        6731.20
DP   4  08 05 0  F        6697.86
DP   4  08 05 1  F        6669.72
DP   4  08 06 0  F        6603.87
DP   4  08 06 1  F        6472.71
DP   4  08 07 0  F        6344.08
DP   4  08 07 1  F        6294.91
DP   4  08 08 0  F        6343.09
DP   4  08 08 1  F        6477.98
DP   4  08 09 0  F        6633.74
DP   4  08 09 1  F        6747.78
DP   4  08 10 0  F        6825.73
DP   4  08 10 1  F        6885.10
DP   4  08 11 0  F        6922.61
DP   4  08 11 1  F        6931.89
DP   4  08 12 0  F        6914.85
DP   4  08 12 1  F        6882.69
DP   4  08 13 0  F        6875.34
DP   4  08 13 1  F        6928.34
DP   4  08 14 0  F        7030.79
DP   4  08 14 1  F        7156.04
DP   4  08 15 0  F        7260.92
DP   4  08 15 1  F        7309.73
DP   4  08 16 0  F        7313.17
DP   4  08 16 1  F        7286.50
DP   4  08 17 0  F        7216.89
DP   4  08 17 1  F        7093.10
DP   4  08 18 0  F        6938.49
DP   4  08 18 1  F        6794.09
DP   4  08 19 0  F        6737.11
DP   4  08 19 1  F        6818.40
DP   4  08 20 0  F        6947.17
DP   4  08 20 1  F        7028.05
DP   4  08 21 0  F        7088.87
DP   4  08 21 1  F        7173.40
DP   4  08 22 0  F        7265.85
DP   4  08 22 1  F        7342.58
DP   4  08 23 0  F        7407.94
DP   4  08 23 1  F        7473.30
DP   1  09 00 0  F        44506.20
DP   1  09 00 1  F        43072.81
DP   1  09 01 0  F        41747.24
DP   1  09 01 1  F        40619.08
DP   1  09 02 0  F        39705.04
DP   1  09 02 1  F        38995.79
DP   1  09 03 0  F        38450.79
DP   1  09 03 1  F        38036.94
DP   1  09 04 0  F        37782.38
DP   1  09 04 1  F        37709.93
DP   1  09 05 0  F        37760.04
DP   1  09 05 1  F        37875.17
DP   1  09 06 0  F        38088.15
DP   1  09 06 1  F        38490.11
DP   1  09 07 0  F        39315.09
DP   1  09 07 1  F        40722.17
DP   1  09 08 0  F        42427.82
DP   1  09 08 1  F        44080.38
DP   1  09 09 0  F        45498.26
DP   1  09 09 1  F        46590.90
DP   1  09 10 0  F        47461.83
DP   1  09 10 1  F        48217.08
DP   1  09 11 0  F        48778.60
DP   1  09 11 1  F        49054.74
DP   1  09 12 0  F        49083.38
DP   1  09 12 1  F        48988.60
DP   1  09 13 0  F        49109.70
DP   1  09 13 1  F        49699.85
DP   1  09 14 0  F        50452.48
DP   1  09 14 1  F        51001.69
DP   1  09 15 0  F        51304.08
DP   1  09 15 1  F        51415.74
DP   1  09 16 0  F        51468.44
DP   1  09 16 1  F        51496.27
DP   1  09 17 0  F        51067.07
DP   1  09 17 1  F        49853.92
DP   1  09 18 0  F        48417.12
DP   1  09 18 1  F        47467.41
DP   1  09 19 0  F        47430.01
DP   1  09 19 1  F        48405.57
DP   1  09 20 0  F        49482.09
DP   1  09 20 1  F        49790.65
DP   1  09 21 0  F        49647.44
DP   1  09 21 1  F        49500.37
DP   1  09 22 0  F        49139.09
DP   1  09 22 1  F        48300.27
DP   1  09 23 0  F        47166.90
DP   1  09 23 1  F        46033.53
DP   2  09 00 0  F        14904.51
DP   2  09 00 1  F        14370.33
DP   2  09 01 0  F        13889.21
DP   2  09 01 1  F        13497.90
DP   2  09 02 0  F        13167.80
DP   2  09 02 1  F        12866.07
DP   2  09 03 0  F        12608.07
DP   2  09 03 1  F        12414.53
DP   2  09 04 0  F        12279.30
DP   2  09 04 1  F        12194.89
DP   2  09 05 0  F        12175.26
DP   2  09 05 1  F        12224.99
DP   2  09 06 0  F        12289.52
DP   2  09 06 1  F        12353.17
DP   2  09 07 0  F        12614.85
DP   2  09 07 1  F        13239.26
DP   2  09 08 0  F        14039.93
DP   2  09 08 1  F        14775.39
DP   2  09 09 0  F        15335.67
DP   2  09 09 1  F        15682.28
DP   2  09 10 0  F        15931.28
DP   2  09 10 1  F        16202.26
DP   2  09 11 0  F        16474.15
DP   2  09 11 1  F        16663.47
DP   2  09 12 0  F        16577.60
DP   2  09 12 1  F        16147.53
DP   2  09 13 0  F        15907.81
DP   2  09 13 1  F        16322.11
DP   2  09 14 0  F        16966.76
DP   2  09 14 1  F        17328.34
DP   2  09 15 0  F        17421.66
DP   2  09 15 1  F        17384.30
DP   2  09 16 0  F        17316.81
DP   2  09 16 1  F        17272.78
DP   2  09 17 0  F        17154.92
DP   2  09 17 1  F        16844.34
DP   2  09 18 0  F        16286.62
DP   2  09 18 1  F        15540.57
DP   2  09 19 0  F        15053.36
DP   2  09 19 1  F        15183.22
DP   2  09 20 0  F        15544.09
DP   2  09 20 1  F        15693.03
DP   2  09 21 0  F        15704.09
DP   2  09 21 1  F        15728.93
DP   2  09 22 0  F        15712.76
DP   2  09 22 1  F        15579.22
DP   2  09 23 0  F        15372.00
DP   2  09 23 1  F        15164.77
DP   3  09 00 0  F        13762.91
DP   3  09 00 1  F        13542.81
DP   3  09 01 0  F        13326.75
DP   3  09 01 1  F        13121.68
DP   3  09 02 0  F        12946.46
DP   3  09 02 1  F        12813.22
DP   3  09 03 0  F        12695.56
DP   3  09 03 1  F        12572.26
DP   3  09 04 0  F        12481.40
DP   3  09 04 1  F        12441.77
DP   3  09 05 0  F        12335.53
DP   3  09 05 1  F        12063.74
DP   3  09 06 0  F        11739.76
DP   3  09 06 1  F        11518.39
DP   3  09 07 0  F        11508.07
DP   3  09 07 1  F        11765.23
DP   3  09 08 0  F        12184.79
DP   3  09 08 1  F        12628.85
DP   3  09 09 0  F        12989.90
DP   3  09 09 1  F        13201.46
DP   3  09 10 0  F        13330.83
DP   3  09 10 1  F        13457.47
DP   3  09 11 0  F        13575.69
DP   3  09 11 1  F        13652.35
DP   3  09 12 0  F        13629.62
DP   3  09 12 1  F        13490.59
DP   3  09 13 0  F        13406.83
DP   3  09 13 1  F        13532.81
DP   3  09 14 0  F        13766.34
DP   3  09 14 1  F        13965.23
DP   3  09 15 0  F        14084.09
DP   3  09 15 1  F        14111.02
DP   3  09 16 0  F        14071.23
DP   3  09 16 1  F        13972.87
DP   3  09 17 0  F        13718.61
DP   3  09 17 1  F        13273.59
DP   3  09 18 0  F        12958.18
DP   3  09 18 1  F        13051.58
DP   3  09 19 0  F        13312.79
DP   3  09 19 1  F        13443.32
DP   3  09 20 0  F        13434.83
DP   3  09 20 1  F        13372.01
DP   3  09 21 0  F        13421.34
DP   3  09 21 1  F        13693.07
DP   3  09 22 0  F        13990.63
DP   3  09 22 1  F        14106.91
DP   3  09 23 0  F        14099.46
DP   3  09 23 1  F        14092.02
DP   4  09 00 0  F        7413.72
DP   4  09 00 1  F        7362.33
DP   4  09 01 0  F        7304.18
DP   4  09 01 1  F        7235.12
DP   4  09 02 0  F        7161.50
DP   4  09 02 1  F        7089.94
DP   4  09 03 0  F        7017.80
DP   4  09 03 1  F        6942.44
DP   4  09 04 0  F        6870.65
DP   4  09 04 1  F        6810.58
DP   4  09 05 0  F        6766.29
DP   4  09 05 1  F        6731.54
DP   4  09 06 0  F        6662.90
DP   4  09 06 1  F        6530.33
DP   4  09 07 0  F        6394.69
DP   4  09 07 1  F        6329.19
DP   4  09 08 0  F        6365.69
DP   4  09 08 1  F        6505.93
DP   4  09 09 0  F        6672.49
DP   4  09 09 1  F        6789.85
DP   4  09 10 0  F        6869.14
DP   4  09 10 1  F        6935.07
DP   4  09 11 0  F        6980.20
DP   4  09 11 1  F        6991.48
DP   4  09 12 0  F        6965.67
DP   4  09 12 1  F        6914.46
DP   4  09 13 0  F        6899.51
DP   4  09 13 1  F        6973.99
DP   4  09 14 0  F        7107.09
DP   4  09 14 1  F        7249.77
DP   4  09 15 0  F        7363.93
DP   4  09 15 1  F        7422.57
DP   4  09 16 0  F        7432.28
DP   4  09 16 1  F        7402.74
DP   4  09 17 0  F        7322.51
DP   4  09 17 1  F        7183.98
DP   4  09 18 0  F        7016.09
DP   4  09 18 1  F        6865.25
DP   4  09 19 0  F        6811.33
DP   4  09 19 1  F        6904.62
DP   4  09 20 0  F        7043.46
DP   4  09 20 1  F        7122.55
DP   4  09 21 0  F        7173.67
DP   4  09 21 1  F        7247.03
DP   4  09 22 0  F        7329.30
DP   4  09 22 1  F        7397.84
DP   4  09 23 0  F        7456.23
DP   4  09 23 1  F        7514.61
