&   CARGA
&
&   ss  di hi m df hf m Demanda
&X  XX  XX XX X XX XX X XXXXXXXXXX
DP   1  02 00 0  F        39831.76
DP   1  02 00 1  F        38614.84
DP   1  02 01 0  F        37487.93
DP   1  02 01 1  F        36529.61
DP   1  02 02 0  F        35772.85
DP   1  02 02 1  F        35221.58
DP   1  02 03 0  F        34809.39
DP   1  02 03 1  F        34478.40
DP   1  02 04 0  F        34275.33
DP   1  02 04 1  F        34242.13
DP   1  02 05 0  F        34297.22
DP   1  02 05 1  F        34366.64
DP   1  02 06 0  F        34530.64
DP   1  02 06 1  F        34915.46
DP   1  02 07 0  F        35677.15
DP   1  02 07 1  F        36894.56
DP   1  02 08 0  F        38307.80
DP   1  02 08 1  F        39621.56
DP   1  02 09 0  F        40737.39
DP   1  02 09 1  F        41629.81
DP   1  02 10 0  F        42368.17
DP   1  02 10 1  F        43018.78
DP   1  02 11 0  F        43540.84
DP   1  02 11 1  F        43885.85
DP   1  02 12 0  F        44081.55
DP   1  02 12 1  F        44199.68
DP   1  02 13 0  F        44411.88
DP   1  02 13 1  F        44848.94
DP   1  02 14 0  F        45378.57
DP   1  02 14 1  F        45834.08
DP   1  02 15 0  F        46174.49
DP   1  02 15 1  F        46408.54
DP   1  02 16 0  F        46618.23
DP   1  02 16 1  F        46810.90
DP   1  02 17 0  F        46622.02
DP   1  02 17 1  F        45788.80
DP   1  02 18 0  F        44827.34
DP   1  02 18 1  F        44367.13
DP   1  02 19 0  F        44712.35
DP   1  02 19 1  F        45877.69
DP   1  02 20 0  F        47045.27
DP   1  02 20 1  F        47443.01
DP   1  02 21 0  F        47314.49
DP   1  02 21 1  F        47044.29
DP   1  02 22 0  F        46565.35
DP   1  02 22 1  F        45760.13
DP   1  02 23 0  F        44760.56
DP   1  02 23 1  F        43761.00
DP   2  02 00 0  F        13168.40
DP   2  02 00 1  F        12659.55
DP   2  02 01 0  F        12212.63
DP   2  02 01 1  F        11870.36
DP   2  02 02 0  F        11598.57
DP   2  02 02 1  F        11357.62
DP   2  02 03 0  F        11163.01
DP   2  02 03 1  F        11035.40
DP   2  02 04 0  F        10961.19
DP   2  02 04 1  F        10920.40
DP   2  02 05 0  F        10902.03
DP   2  02 05 1  F        10906.36
DP   2  02 06 0  F        10970.10
DP   2  02 06 1  F        11145.32
DP   2  02 07 0  F        11509.15
DP   2  02 07 1  F        12101.29
DP   2  02 08 0  F        12786.71
DP   2  02 08 1  F        13405.88
DP   2  02 09 0  F        13876.19
DP   2  02 09 1  F        14168.16
DP   2  02 10 0  F        14388.23
DP   2  02 10 1  F        14651.50
DP   2  02 11 0  F        14971.95
DP   2  02 11 1  F        15289.86
DP   2  02 12 0  F        15351.88
DP   2  02 12 1  F        15015.30
DP   2  02 13 0  F        14773.52
DP   2  02 13 1  F        15082.97
DP   2  02 14 0  F        15615.99
DP   2  02 14 1  F        15950.98
DP   2  02 15 0  F        16074.62
DP   2  02 15 1  F        16076.47
DP   2  02 16 0  F        16049.22
DP   2  02 16 1  F        16051.46
DP   2  02 17 0  F        16002.34
DP   2  02 17 1  F        15798.87
DP   2  02 18 0  F        15389.04
DP   2  02 18 1  F        14811.64
DP   2  02 19 0  F        14417.62
DP   2  02 19 1  F        14502.36
DP   2  02 20 0  F        14826.81
DP   2  02 20 1  F        15081.20
DP   2  02 21 0  F        15207.35
DP   2  02 21 1  F        15213.71
DP   2  02 22 0  F        15123.70
DP   2  02 22 1  F        14965.71
DP   2  02 23 0  F        14773.11
DP   2  02 23 1  F        14580.51
DP   3  02 00 0  F        14067.94
DP   3  02 00 1  F        13860.01
DP   3  02 01 0  F        13650.74
DP   3  02 01 1  F        13443.67
DP   3  02 02 0  F        13261.68
DP   3  02 02 1  F        13121.47
DP   3  02 03 0  F        12995.50
DP   3  02 03 1  F        12861.05
DP   3  02 04 0  F        12758.93
DP   3  02 04 1  F        12710.65
DP   3  02 05 0  F        12596.81
DP   3  02 05 1  F        12316.01
DP   3  02 06 0  F        11979.50
DP   3  02 06 1  F        11739.01
DP   3  02 07 0  F        11695.56
DP   3  02 07 1  F        11902.67
DP   3  02 08 0  F        12274.55
DP   3  02 08 1  F        12694.13
DP   3  02 09 0  F        13058.24
DP   3  02 09 1  F        13295.97
DP   3  02 10 0  F        13451.30
DP   3  02 10 1  F        13584.83
DP   3  02 11 0  F        13708.63
DP   3  02 11 1  F        13808.92
DP   3  02 12 0  F        13817.10
DP   3  02 12 1  F        13700.94
DP   3  02 13 0  F        13628.42
DP   3  02 13 1  F        13754.14
DP   3  02 14 0  F        13978.77
DP   3  02 14 1  F        14166.45
DP   3  02 15 0  F        14289.07
DP   3  02 15 1  F        14347.12
DP   3  02 16 0  F        14347.87
DP   3  02 16 1  F        14277.70
DP   3  02 17 0  F        14032.83
DP   3  02 17 1  F        13576.78
DP   3  02 18 0  F        13232.53
DP   3  02 18 1  F        13286.27
DP   3  02 19 0  F        13517.72
DP   3  02 19 1  F        13646.64
DP   3  02 20 0  F        13659.46
DP   3  02 20 1  F        13627.82
DP   3  02 21 0  F        13697.72
DP   3  02 21 1  F        13966.24
DP   3  02 22 0  F        14260.44
DP   3  02 22 1  F        14397.87
DP   3  02 23 0  F        14427.94
DP   3  02 23 1  F        14458.01
DP   4  02 00 0  F        7651.88
DP   4  02 00 1  F        7618.62
DP   4  02 01 0  F        7568.93
DP   4  02 01 1  F        7493.38
DP   4  02 02 0  F        7410.37
DP   4  02 02 1  F        7337.92
DP   4  02 03 0  F        7264.55
DP   4  02 03 1  F        7178.53
DP   4  02 04 0  F        7096.36
DP   4  02 04 1  F        7036.39
DP   4  02 05 0  F        6996.04
DP   4  02 05 1  F        6959.73
DP   4  02 06 0  F        6880.89
DP   4  02 06 1  F        6731.06
DP   4  02 07 0  F        6585.36
DP   4  02 07 1  F        6529.87
DP   4  02 08 0  F        6591.06
DP   4  02 08 1  F        6760.58
DP   4  02 09 0  F        6950.29
DP   4  02 09 1  F        7077.78
DP   4  02 10 0  F        7163.11
DP   4  02 10 1  F        7240.42
DP   4  02 11 0  F        7297.41
DP   4  02 11 1  F        7315.52
DP   4  02 12 0  F        7297.32
DP   4  02 12 1  F        7260.55
DP   4  02 13 0  F        7262.22
DP   4  02 13 1  F        7349.94
DP   4  02 14 0  F        7494.22
DP   4  02 14 1  F        7647.15
DP   4  02 15 0  F        7764.14
DP   4  02 15 1  F        7813.25
DP   4  02 16 0  F        7809.80
DP   4  02 16 1  F        7772.07
DP   4  02 17 0  F        7683.07
DP   4  02 17 1  F        7528.27
DP   4  02 18 0  F        7338.23
DP   4  02 18 1  F        7165.13
DP   4  02 19 0  F        7102.44
DP   4  02 19 1  F        7209.28
DP   4  02 20 0  F        7365.98
DP   4  02 20 1  F        7449.05
DP   4  02 21 0  F        7498.40
DP   4  02 21 1  F        7575.11
DP   4  02 22 0  F        7661.29
DP   4  02 22 1  F        7727.93
DP   4  02 23 0  F        7780.50
DP   4  02 23 1  F        7833.07
DP   1  03 00 0  F        41016.80
DP   1  03 00 1  F        39782.58
DP   1  03 01 0  F        38606.44
DP   1  03 01 1  F        37548.37
DP   1  03 02 0  F        36675.92
DP   1  03 02 1  F        36030.31
DP   1  03 03 0  F        35539.95
DP   1  03 03 1  F        35138.33
DP   1  03 04 0  F        34892.28
DP   1  03 04 1  F        34853.60
DP   1  03 05 0  F        34880.70
DP   1  03 05 1  F        34841.50
DP   1  03 06 0  F        34835.23
DP   1  03 06 1  F        35034.95
DP   1  03 07 0  F        35677.83
DP   1  03 07 1  F        36895.81
DP   1  03 08 0  F        38336.07
DP   1  03 08 1  F        39609.56
DP   1  03 09 0  F        40667.24
DP   1  03 09 1  F        41546.15
DP   1  03 10 0  F        42287.65
DP   1  03 10 1  F        42915.44
DP   1  03 11 0  F        43378.39
DP   1  03 11 1  F        43634.91
DP   1  03 12 0  F        43756.36
DP   1  03 12 1  F        43856.63
DP   1  03 13 0  F        44106.77
DP   1  03 13 1  F        44615.42
DP   1  03 14 0  F        45184.45
DP   1  03 14 1  F        45600.33
DP   1  03 15 0  F        45894.82
DP   1  03 15 1  F        46150.45
DP   1  03 16 0  F        46407.35
DP   1  03 16 1  F        46626.54
DP   1  03 17 0  F        46494.91
DP   1  03 17 1  F        45792.52
DP   1  03 18 0  F        44946.45
DP   1  03 18 1  F        44491.87
DP   1  03 19 0  F        44749.49
DP   1  03 19 1  F        45782.28
DP   1  03 20 0  F        46836.70
DP   1  03 20 1  F        47186.68
DP   1  03 21 0  F        47032.49
DP   1  03 21 1  F        46712.24
DP   1  03 22 0  F        46188.89
DP   1  03 22 1  F        45381.27
DP   1  03 23 0  F        44406.71
DP   1  03 23 1  F        43432.15
DP   2  03 00 0  F        12798.00
DP   2  03 00 1  F        12321.74
DP   2  03 01 0  F        11888.09
DP   2  03 01 1  F        11530.49
DP   2  03 02 0  F        11245.60
DP   2  03 02 1  F        11021.47
DP   2  03 03 0  F        10848.48
DP   2  03 03 1  F        10720.18
DP   2  03 04 0  F        10640.71
DP   2  03 04 1  F        10611.77
DP   2  03 05 0  F        10614.91
DP   2  03 05 1  F        10637.37
DP   2  03 06 0  F        10709.26
DP   2  03 06 1  F        10877.90
DP   2  03 07 0  F        11216.54
DP   2  03 07 1  F        11765.32
DP   2  03 08 0  F        12405.93
DP   2  03 08 1  F        12991.65
DP   2  03 09 0  F        13420.59
DP   2  03 09 1  F        13645.22
DP   2  03 10 0  F        13790.64
DP   2  03 10 1  F        13987.30
DP   2  03 11 0  F        14214.32
DP   2  03 11 1  F        14386.69
DP   2  03 12 0  F        14314.36
DP   2  03 12 1  F        13908.80
DP   2  03 13 0  F        13592.72
DP   2  03 13 1  F        13753.69
DP   2  03 14 0  F        14127.60
DP   2  03 14 1  F        14369.27
DP   2  03 15 0  F        14461.04
DP   2  03 15 1  F        14468.82
DP   2  03 16 0  F        14465.46
DP   2  03 16 1  F        14499.61
DP   2  03 17 0  F        14516.38
DP   2  03 17 1  F        14439.07
DP   2  03 18 0  F        14207.36
DP   2  03 18 1  F        13832.26
DP   2  03 19 0  F        13593.75
DP   2  03 19 1  F        13724.29
DP   2  03 20 0  F        13997.30
DP   2  03 20 1  F        14140.66
DP   2  03 21 0  F        14158.98
DP   2  03 21 1  F        14109.61
DP   2  03 22 0  F        13983.99
DP   2  03 22 1  F        13769.68
DP   2  03 23 0  F        13504.73
DP   2  03 23 1  F        13239.78
DP   3  03 00 0  F        13847.09
DP   3  03 00 1  F        13632.93
DP   3  03 01 0  F        13423.57
DP   3  03 01 1  F        13225.13
DP   3  03 02 0  F        13049.11
DP   3  03 02 1  F        12901.99
DP   3  03 03 0  F        12764.99
DP   3  03 03 1  F        12625.60
DP   3  03 04 0  F        12521.64
DP   3  03 04 1  F        12471.50
DP   3  03 05 0  F        12365.51
DP   3  03 05 1  F        12108.69
DP   3  03 06 0  F        11792.92
DP   3  03 06 1  F        11552.43
DP   3  03 07 0  F        11503.87
DP   3  03 07 1  F        11716.48
DP   3  03 08 0  F        12087.38
DP   3  03 08 1  F        12483.67
DP   3  03 09 0  F        12824.42
DP   3  03 09 1  F        13060.66
DP   3  03 10 0  F        13219.20
DP   3  03 10 1  F        13340.74
DP   3  03 11 0  F        13445.56
DP   3  03 11 1  F        13532.91
DP   3  03 12 0  F        13538.17
DP   3  03 12 1  F        13427.61
DP   3  03 13 0  F        13354.81
DP   3  03 13 1  F        13464.39
DP   3  03 14 0  F        13677.74
DP   3  03 14 1  F        13875.98
DP   3  03 15 0  F        14002.40
DP   3  03 15 1  F        14030.75
DP   3  03 16 0  F        13994.65
DP   3  03 16 1  F        13913.82
DP   3  03 17 0  F        13692.59
DP   3  03 17 1  F        13288.67
DP   3  03 18 0  F        12988.57
DP   3  03 18 1  F        13047.76
DP   3  03 19 0  F        13268.63
DP   3  03 19 1  F        13399.54
DP   3  03 20 0  F        13425.98
DP   3  03 20 1  F        13409.53
DP   3  03 21 0  F        13479.03
DP   3  03 21 1  F        13720.31
DP   3  03 22 0  F        13979.98
DP   3  03 22 1  F        14096.58
DP   3  03 23 0  F        14115.76
DP   3  03 23 1  F        14134.94
DP   4  03 00 0  F        7630.50
DP   4  03 00 1  F        7588.50
DP   4  03 01 0  F        7539.77
DP   4  03 01 1  F        7479.33
DP   4  03 02 0  F        7409.15
DP   4  03 02 1  F        7332.65
DP   4  03 03 0  F        7251.98
DP   4  03 03 1  F        7170.65
DP   4  03 04 0  F        7098.79
DP   4  03 04 1  F        7045.26
DP   4  03 05 0  F        7007.07
DP   4  03 05 1  F        6970.93
DP   4  03 06 0  F        6894.07
DP   4  03 06 1  F        6750.18
DP   4  03 07 0  F        6608.42
DP   4  03 07 1  F        6547.55
DP   4  03 08 0  F        6589.25
DP   4  03 08 1  F        6724.74
DP   4  03 09 0  F        6880.66
DP   4  03 09 1  F        6986.82
DP   4  03 10 0  F        7050.44
DP   4  03 10 1  F        7093.24
DP   4  03 11 0  F        7117.67
DP   4  03 11 1  F        7120.40
DP   4  03 12 0  F        7094.47
DP   4  03 12 1  F        7043.70
DP   4  03 13 0  F        7018.69
DP   4  03 13 1  F        7066.12
DP   4  03 14 0  F        7170.36
DP   4  03 14 1  F        7295.68
DP   4  03 15 0  F        7388.44
DP   4  03 15 1  F        7407.31
DP   4  03 16 0  F        7378.20
DP   4  03 16 1  F        7331.86
DP   4  03 17 0  F        7251.25
DP   4  03 17 1  F        7119.45
DP   4  03 18 0  F        6967.68
DP   4  03 18 1  F        6844.23
DP   4  03 19 0  F        6817.54
DP   4  03 19 1  F        6926.29
DP   4  03 20 0  F        7070.14
DP   4  03 20 1  F        7147.30
DP   4  03 21 0  F        7189.23
DP   4  03 21 1  F        7247.04
DP   4  03 22 0  F        7317.15
DP   4  03 22 1  F        7385.59
DP   4  03 23 0  F        7451.56
DP   4  03 23 1  F        7517.53
DP   1  04 00 0  F        42489.95
DP   1  04 00 1  F        41176.04
DP   1  04 01 0  F        39958.95
DP   1  04 01 1  F        38919.24
DP   1  04 02 0  F        38072.53
DP   1  04 02 1  F        37407.46
DP   1  04 03 0  F        36869.74
DP   1  04 03 1  F        36427.62
DP   1  04 04 0  F        36182.44
DP   1  04 04 1  F        36203.97
DP   1  04 05 0  F        36302.62
DP   1  04 05 1  F        36305.00
DP   1  04 06 0  F        36361.88
DP   1  04 06 1  F        36688.16
DP   1  04 07 0  F        37430.80
DP   1  04 07 1  F        38644.72
DP   1  04 08 0  F        40084.52
DP   1  04 08 1  F        41460.71
DP   1  04 09 0  F        42607.61
DP   1  04 09 1  F        43440.02
DP   1  04 10 0  F        44070.58
DP   1  04 10 1  F        44617.34
DP   1  04 11 0  F        45022.01
DP   1  04 11 1  F        45213.03
DP   1  04 12 0  F        45241.96
DP   1  04 12 1  F        45220.78
DP   1  04 13 0  F        45380.06
DP   1  04 13 1  F        45877.39
DP   1  04 14 0  F        46459.94
DP   1  04 14 1  F        46855.94
DP   1  04 15 0  F        47128.30
DP   1  04 15 1  F        47389.66
DP   1  04 16 0  F        47616.79
DP   1  04 16 1  F        47715.72
DP   1  04 17 0  F        47445.36
DP   1  04 17 1  F        46662.09
DP   1  04 18 0  F        45759.45
DP   1  04 18 1  F        45236.90
DP   1  04 19 0  F        45480.41
DP   1  04 19 1  F        46599.47
DP   1  04 20 0  F        47711.31
DP   1  04 20 1  F        47972.90
DP   1  04 21 0  F        47692.72
DP   1  04 21 1  F        47328.91
DP   1  04 22 0  F        46786.88
DP   1  04 22 1  F        45906.91
DP   1  04 23 0  F        44821.44
DP   1  04 23 1  F        43735.97
DP   2  04 00 0  F        11942.56
DP   2  04 00 1  F        11496.79
DP   2  04 01 0  F        11099.48
DP   2  04 01 1  F        10786.24
DP   2  04 02 0  F        10541.40
DP   2  04 02 1  F        10341.96
DP   2  04 03 0  F        10186.93
DP   2  04 03 1  F        10079.52
DP   2  04 04 0  F        10017.69
DP   2  04 04 1  F        9998.68
DP   2  04 05 0  F        10022.09
DP   2  04 05 1  F        10088.93
DP   2  04 06 0  F        10203.67
DP   2  04 06 1  F        10389.79
DP   2  04 07 0  F        10743.46
DP   2  04 07 1  F        11322.75
DP   2  04 08 0  F        11960.72
DP   2  04 08 1  F        12470.03
DP   2  04 09 0  F        12806.88
DP   2  04 09 1  F        12988.22
DP   2  04 10 0  F        13130.59
DP   2  04 10 1  F        13340.91
DP   2  04 11 0  F        13587.96
DP   2  04 11 1  F        13779.29
DP   2  04 12 0  F        13715.45
DP   2  04 12 1  F        13303.13
DP   2  04 13 0  F        12980.50
DP   2  04 13 1  F        13150.94
DP   2  04 14 0  F        13547.15
DP   2  04 14 1  F        13815.72
DP   2  04 15 0  F        13929.28
DP   2  04 15 1  F        13950.13
DP   2  04 16 0  F        13973.14
DP   2  04 16 1  F        14063.22
DP   2  04 17 0  F        14133.05
DP   2  04 17 1  F        14075.23
DP   2  04 18 0  F        13854.46
DP   2  04 18 1  F        13510.66
DP   2  04 19 0  F        13312.55
DP   2  04 19 1  F        13477.71
DP   2  04 20 0  F        13790.13
DP   2  04 20 1  F        13986.18
DP   2  04 21 0  F        14045.36
DP   2  04 21 1  F        14001.80
DP   2  04 22 0  F        13864.94
DP   2  04 22 1  F        13645.04
DP   2  04 23 0  F        13380.14
DP   2  04 23 1  F        13115.24
DP   3  04 00 0  F        13895.07
DP   3  04 00 1  F        13653.35
DP   3  04 01 0  F        13430.86
DP   3  04 01 1  F        13241.59
DP   3  04 02 0  F        13078.41
DP   3  04 02 1  F        12930.39
DP   3  04 03 0  F        12792.50
DP   3  04 03 1  F        12666.42
DP   3  04 04 0  F        12574.90
DP   3  04 04 1  F        12521.08
DP   3  04 05 0  F        12408.71
DP   3  04 05 1  F        12156.46
DP   3  04 06 0  F        11842.05
DP   3  04 06 1  F        11584.57
DP   3  04 07 0  F        11509.50
DP   3  04 07 1  F        11697.81
DP   3  04 08 0  F        12046.04
DP   3  04 08 1  F        12419.37
DP   3  04 09 0  F        12742.00
DP   3  04 09 1  F        12969.31
DP   3  04 10 0  F        13122.47
DP   3  04 10 1  F        13236.35
DP   3  04 11 0  F        13334.90
DP   3  04 11 1  F        13422.25
DP   3  04 12 0  F        13434.31
DP   3  04 12 1  F        13334.69
DP   3  04 13 0  F        13266.31
DP   3  04 13 1  F        13365.62
DP   3  04 14 0  F        13563.79
DP   3  04 14 1  F        13753.79
DP   3  04 15 0  F        13881.00
DP   3  04 15 1  F        13917.55
DP   3  04 16 0  F        13890.37
DP   3  04 16 1  F        13814.27
DP   3  04 17 0  F        13600.74
DP   3  04 17 1  F        13213.25
DP   3  04 18 0  F        12926.33
DP   3  04 18 1  F        12985.65
DP   3  04 19 0  F        13210.20
DP   3  04 19 1  F        13362.12
DP   3  04 20 0  F        13402.62
DP   3  04 20 1  F        13371.30
DP   3  04 21 0  F        13422.06
DP   3  04 21 1  F        13667.71
DP   3  04 22 0  F        13942.43
DP   3  04 22 1  F        14067.19
DP   3  04 23 0  F        14088.74
DP   3  04 23 1  F        14110.30
DP   4  04 00 0  F        7427.14
DP   4  04 00 1  F        7377.22
DP   4  04 01 0  F        7326.41
DP   4  04 01 1  F        7273.02
DP   4  04 02 0  F        7212.13
DP   4  04 02 1  F        7140.27
DP   4  04 03 0  F        7062.93
DP   4  04 03 1  F        6987.10
DP   4  04 04 0  F        6916.88
DP   4  04 04 1  F        6856.52
DP   4  04 05 0  F        6814.04
DP   4  04 05 1  F        6786.85
DP   4  04 06 0  F        6726.20
DP   4  04 06 1  F        6596.46
DP   4  04 07 0  F        6460.55
DP   4  04 07 1  F        6393.64
DP   4  04 08 0  F        6421.20
DP   4  04 08 1  F        6540.11
DP   4  04 09 0  F        6682.49
DP   4  04 09 1  F        6781.59
DP   4  04 10 0  F        6839.91
DP   4  04 10 1  F        6875.12
DP   4  04 11 0  F        6896.45
DP   4  04 11 1  F        6906.96
DP   4  04 12 0  F        6893.44
DP   4  04 12 1  F        6851.78
DP   4  04 13 0  F        6830.53
DP   4  04 13 1  F        6875.86
DP   4  04 14 0  F        6971.67
DP   4  04 14 1  F        7084.49
DP   4  04 15 0  F        7173.52
DP   4  04 15 1  F        7207.36
DP   4  04 16 0  F        7199.40
DP   4  04 16 1  F        7166.47
DP   4  04 17 0  F        7094.40
DP   4  04 17 1  F        6971.90
DP   4  04 18 0  F        6830.13
DP   4  04 18 1  F        6714.40
DP   4  04 19 0  F        6684.09
DP   4  04 19 1  F        6773.02
DP   4  04 20 0  F        6898.66
DP   4  04 20 1  F        6976.19
DP   4  04 21 0  F        7027.91
DP   4  04 21 1  F        7092.34
DP   4  04 22 0  F        7165.65
DP   4  04 22 1  F        7236.32
DP   4  04 23 0  F        7304.23
DP   4  04 23 1  F        7372.14
DP   1  05 00 0  F        42010.30
DP   1  05 00 1  F        40684.44
DP   1  05 01 0  F        39428.57
DP   1  05 01 1  F        38310.68
DP   1  05 02 0  F        37390.74
DP   1  05 02 1  F        36704.40
DP   1  05 03 0  F        36197.90
DP   1  05 03 1  F        35816.07
DP   1  05 04 0  F        35587.53
DP   1  05 04 1  F        35538.04
DP   1  05 05 0  F        35598.13
DP   1  05 05 1  F        35699.64
DP   1  05 06 0  F        35874.80
DP   1  05 06 1  F        36207.46
DP   1  05 07 0  F        36887.54
DP   1  05 07 1  F        38031.34
DP   1  05 08 0  F        39354.58
DP   1  05 08 1  F        40536.16
DP   1  05 09 0  F        41508.30
DP   1  05 09 1  F        42276.61
DP   1  05 10 0  F        42886.77
DP   1  05 10 1  F        43372.97
DP   1  05 11 0  F        43683.16
DP   1  05 11 1  F        43771.59
DP   1  05 12 0  F        43703.62
DP   1  05 12 1  F        43596.86
DP   1  05 13 0  F        43666.52
DP   1  05 13 1  F        44057.49
DP   1  05 14 0  F        44535.68
DP   1  05 14 1  F        44843.91
DP   1  05 15 0  F        45011.62
DP   1  05 15 1  F        45114.77
DP   1  05 16 0  F        45128.57
DP   1  05 16 1  F        44999.21
DP   1  05 17 0  F        44657.39
DP   1  05 17 1  F        44085.37
DP   1  05 18 0  F        43487.03
DP   1  05 18 1  F        43145.05
DP   1  05 19 0  F        43435.59
DP   1  05 19 1  F        44515.58
DP   1  05 20 0  F        45571.45
DP   1  05 20 1  F        45812.03
DP   1  05 21 0  F        45506.17
DP   1  05 21 1  F        45072.75
DP   1  05 22 0  F        44470.78
DP   1  05 22 1  F        43597.32
DP   1  05 23 0  F        42561.61
DP   1  05 23 1  F        41525.90
DP   2  05 00 0  F        11976.78
DP   2  05 00 1  F        11522.73
DP   2  05 01 0  F        11119.83
DP   2  05 01 1  F        10805.36
DP   2  05 02 0  F        10561.21
DP   2  05 02 1  F        10360.20
DP   2  05 03 0  F        10194.39
DP   2  05 03 1  F        10064.04
DP   2  05 04 0  F        9982.76
DP   2  05 04 1  F        9965.84
DP   2  05 05 0  F        10021.82
DP   2  05 05 1  F        10148.54
DP   2  05 06 0  F        10307.96
DP   2  05 06 1  F        10491.20
DP   2  05 07 0  F        10841.98
DP   2  05 07 1  F        11466.47
DP   2  05 08 0  F        12168.19
DP   2  05 08 1  F        12721.80
DP   2  05 09 0  F        13089.28
DP   2  05 09 1  F        13300.08
DP   2  05 10 0  F        13466.31
DP   2  05 10 1  F        13689.03
DP   2  05 11 0  F        13942.58
DP   2  05 11 1  F        14137.73
DP   2  05 12 0  F        14057.63
DP   2  05 12 1  F        13602.63
DP   2  05 13 0  F        13269.33
DP   2  05 13 1  F        13506.08
DP   2  05 14 0  F        13972.09
DP   2  05 14 1  F        14241.44
DP   2  05 15 0  F        14336.92
DP   2  05 15 1  F        14375.22
DP   2  05 16 0  F        14399.85
DP   2  05 16 1  F        14421.91
DP   2  05 17 0  F        14395.86
DP   2  05 17 1  F        14266.06
DP   2  05 18 0  F        13993.07
DP   2  05 18 1  F        13604.12
DP   2  05 19 0  F        13376.97
DP   2  05 19 1  F        13534.73
DP   2  05 20 0  F        13831.31
DP   2  05 20 1  F        13978.12
DP   2  05 21 0  F        13985.61
DP   2  05 21 1  F        13924.35
DP   2  05 22 0  F        13806.22
DP   2  05 22 1  F        13633.84
DP   2  05 23 0  F        13431.63
DP   2  05 23 1  F        13229.42
DP   3  05 00 0  F        13974.02
DP   3  05 00 1  F        13731.30
DP   3  05 01 0  F        13504.93
DP   3  05 01 1  F        13308.75
DP   3  05 02 0  F        13146.81
DP   3  05 02 1  F        13015.61
DP   3  05 03 0  F        12891.50
DP   3  05 03 1  F        12758.68
DP   3  05 04 0  F        12653.04
DP   3  05 04 1  F        12593.74
DP   3  05 05 0  F        12481.40
DP   3  05 05 1  F        12228.62
DP   3  05 06 0  F        11914.37
DP   3  05 06 1  F        11657.44
DP   3  05 07 0  F        11569.42
DP   3  05 07 1  F        11721.55
DP   3  05 08 0  F        12030.91
DP   3  05 08 1  F        12383.42
DP   3  05 09 0  F        12694.55
DP   3  05 09 1  F        12908.24
DP   3  05 10 0  F        13052.71
DP   3  05 10 1  F        13170.36
DP   3  05 11 0  F        13275.86
DP   3  05 11 1  F        13363.14
DP   3  05 12 0  F        13370.69
DP   3  05 12 1  F        13266.45
DP   3  05 13 0  F        13191.56
DP   3  05 13 1  F        13280.15
DP   3  05 14 0  F        13465.18
DP   3  05 14 1  F        13641.64
DP   3  05 15 0  F        13753.71
DP   3  05 15 1  F        13772.91
DP   3  05 16 0  F        13730.89
DP   3  05 16 1  F        13648.53
DP   3  05 17 0  F        13443.58
DP   3  05 17 1  F        13082.93
DP   3  05 18 0  F        12833.11
DP   3  05 18 1  F        12929.41
DP   3  05 19 0  F        13182.24
DP   3  05 19 1  F        13347.87
DP   3  05 20 0  F        13390.77
DP   3  05 20 1  F        13354.16
DP   3  05 21 0  F        13388.14
DP   3  05 21 1  F        13604.31
DP   3  05 22 0  F        13853.51
DP   3  05 22 1  F        13972.23
DP   3  05 23 0  F        14000.30
DP   3  05 23 1  F        14028.37
DP   4  05 00 0  F        7309.85
DP   4  05 00 1  F        7269.83
DP   4  05 01 0  F        7227.32
DP   4  05 01 1  F        7179.78
DP   4  05 02 0  F        7124.52
DP   4  05 02 1  F        7060.07
DP   4  05 03 0  F        6989.90
DP   4  05 03 1  F        6918.68
DP   4  05 04 0  F        6850.78
DP   4  05 04 1  F        6790.86
DP   4  05 05 0  F        6744.88
DP   4  05 05 1  F        6709.23
DP   4  05 06 0  F        6640.76
DP   4  05 06 1  F        6509.52
DP   4  05 07 0  F        6377.90
DP   4  05 07 1  F        6318.52
DP   4  05 08 0  F        6352.59
DP   4  05 08 1  F        6472.23
DP   4  05 09 0  F        6604.54
DP   4  05 09 1  F        6681.51
DP   4  05 10 0  F        6719.54
DP   4  05 10 1  F        6748.36
DP   4  05 11 0  F        6766.54
DP   4  05 11 1  F        6764.93
DP   4  05 12 0  F        6734.70
DP   4  05 12 1  F        6678.17
DP   4  05 13 0  F        6642.02
DP   4  05 13 1  F        6669.79
DP   4  05 14 0  F        6748.19
DP   4  05 14 1  F        6847.30
DP   4  05 15 0  F        6927.56
DP   4  05 15 1  F        6956.66
DP   4  05 16 0  F        6941.12
DP   4  05 16 1  F        6893.67
DP   4  05 17 0  F        6812.97
DP   4  05 17 1  F        6700.88
DP   4  05 18 0  F        6586.06
DP   4  05 18 1  F        6506.18
DP   4  05 19 0  F        6508.03
DP   4  05 19 1  F        6613.83
DP   4  05 20 0  F        6738.32
DP   4  05 20 1  F        6797.79
DP   4  05 21 0  F        6822.12
DP   4  05 21 1  F        6858.77
DP   4  05 22 0  F        6911.87
DP   4  05 22 1  F        6975.03
DP   4  05 23 0  F        7043.06
DP   4  05 23 1  F        7111.09
DP   1  06 00 0  F        41337.02
DP   1  06 00 1  F        40016.17
DP   1  06 01 0  F        38802.68
DP   1  06 01 1  F        37779.92
DP   1  06 02 0  F        36935.24
DP   1  06 02 1  F        36235.76
DP   1  06 03 0  F        35663.64
DP   1  06 03 1  F        35215.09
DP   1  06 04 0  F        34927.65
DP   1  06 04 1  F        34813.48
DP   1  06 05 0  F        34742.01
DP   1  06 05 1  F        34583.21
DP   1  06 06 0  F        34351.84
DP   1  06 06 1  F        34153.11
DP   1  06 07 0  F        34309.23
DP   1  06 07 1  F        35060.68
DP   1  06 08 0  F        36104.15
DP   1  06 08 1  F        37080.07
DP   1  06 09 0  F        37947.80
DP   1  06 09 1  F        38731.18
DP   1  06 10 0  F        39393.16
DP   1  06 10 1  F        39890.89
DP   1  06 11 0  F        40219.30
DP   1  06 11 1  F        40398.83
DP   1  06 12 0  F        40514.14
DP   1  06 12 1  F        40646.13
DP   1  06 13 0  F        40796.40
DP   1  06 13 1  F        40940.44
DP   1  06 14 0  F        41028.64
DP   1  06 14 1  F        41030.85
DP   1  06 15 0  F        41019.77
DP   1  06 15 1  F        41075.42
DP   1  06 16 0  F        41204.09
DP   1  06 16 1  F        41382.71
DP   1  06 17 0  F        41544.37
DP   1  06 17 1  F        41659.23
DP   1  06 18 0  F        41889.65
DP   1  06 18 1  F        42423.49
DP   1  06 19 0  F        43358.41
DP   1  06 19 1  F        44630.14
DP   1  06 20 0  F        45617.05
DP   1  06 20 1  F        45750.42
DP   1  06 21 0  F        45230.58
DP   1  06 21 1  F        44401.78
DP   1  06 22 0  F        43414.84
DP   1  06 22 1  F        42359.76
DP   1  06 23 0  F        41276.83
DP   1  06 23 1  F        40193.90
DP   2  06 00 0  F        12235.91
DP   2  06 00 1  F        11771.18
DP   2  06 01 0  F        11350.38
DP   2  06 01 1  F        11006.79
DP   2  06 02 0  F        10731.01
DP   2  06 02 1  F        10505.36
DP   2  06 03 0  F        10321.58
DP   2  06 03 1  F        10176.59
DP   2  06 04 0  F        10078.50
DP   2  06 04 1  F        10032.75
DP   2  06 05 0  F        10022.87
DP   2  06 05 1  F        10024.91
DP   2  06 06 0  F        10006.85
DP   2  06 06 1  F        9973.94
DP   2  06 07 0  F        10088.68
DP   2  06 07 1  F        10477.69
DP   2  06 08 0  F        10966.70
DP   2  06 08 1  F        11355.24
DP   2  06 09 0  F        11638.75
DP   2  06 09 1  F        11861.49
DP   2  06 10 0  F        12066.93
DP   2  06 10 1  F        12287.95
DP   2  06 11 0  F        12515.55
DP   2  06 11 1  F        12712.68
DP   2  06 12 0  F        12771.84
DP   2  06 12 1  F        12637.40
DP   2  06 13 0  F        12531.84
DP   2  06 13 1  F        12661.27
DP   2  06 14 0  F        12888.23
DP   2  06 14 1  F        13033.34
DP   2  06 15 0  F        13093.07
DP   2  06 15 1  F        13110.56
DP   2  06 16 0  F        13139.68
DP   2  06 16 1  F        13219.46
DP   2  06 17 0  F        13318.67
DP   2  06 17 1  F        13385.44
DP   2  06 18 0  F        13355.66
DP   2  06 18 1  F        13219.22
DP   2  06 19 0  F        13194.30
DP   2  06 19 1  F        13460.72
DP   2  06 20 0  F        13816.54
DP   2  06 20 1  F        14017.95
DP   2  06 21 0  F        14035.40
DP   2  06 21 1  F        13899.86
DP   2  06 22 0  F        13669.90
DP   2  06 22 1  F        13402.51
DP   2  06 23 0  F        13120.65
DP   2  06 23 1  F        12838.79
DP   3  06 00 0  F        13768.19
DP   3  06 00 1  F        13598.81
DP   3  06 01 0  F        13417.25
DP   3  06 01 1  F        13220.76
DP   3  06 02 0  F        13044.16
DP   3  06 02 1  F        12916.09
DP   3  06 03 0  F        12802.81
DP   3  06 03 1  F        12672.65
DP   3  06 04 0  F        12564.64
DP   3  06 04 1  F        12502.87
DP   3  06 05 0  F        12381.17
DP   3  06 05 1  F        12103.67
DP   3  06 06 0  F        11746.08
DP   3  06 06 1  F        11424.65
DP   3  06 07 0  F        11246.25
DP   3  06 07 1  F        11277.20
DP   3  06 08 0  F        11431.09
DP   3  06 08 1  F        11598.99
DP   3  06 09 0  F        11734.55
DP   3  06 09 1  F        11818.25
DP   3  06 10 0  F        11875.31
DP   3  06 10 1  F        11937.50
DP   3  06 11 0  F        12018.06
DP   3  06 11 1  F        12111.99
DP   3  06 12 0  F        12159.88
DP   3  06 12 1  F        12120.23
DP   3  06 13 0  F        12077.63
DP   3  06 13 1  F        12116.07
DP   3  06 14 0  F        12190.99
DP   3  06 14 1  F        12240.77
DP   3  06 15 0  F        12264.24
DP   3  06 15 1  F        12273.20
DP   3  06 16 0  F        12270.92
DP   3  06 16 1  F        12254.34
DP   3  06 17 0  F        12203.51
DP   3  06 17 1  F        12140.36
DP   3  06 18 0  F        12271.23
DP   3  06 18 1  F        12739.33
DP   3  06 19 0  F        13251.14
DP   3  06 19 1  F        13496.71
DP   3  06 20 0  F        13537.46
DP   3  06 20 1  F        13512.28
DP   3  06 21 0  F        13498.92
DP   3  06 21 1  F        13538.87
DP   3  06 22 0  F        13589.84
DP   3  06 22 1  F        13603.49
DP   3  06 23 0  F        13591.03
DP   3  06 23 1  F        13578.57
DP   4  06 00 0  F        7046.98
DP   4  06 00 1  F        7013.93
DP   4  06 01 0  F        6984.38
DP   4  06 01 1  F        6958.84
DP   4  06 02 0  F        6925.73
DP   4  06 02 1  F        6874.18
DP   4  06 03 0  F        6808.22
DP   4  06 03 1  F        6736.94
DP   4  06 04 0  F        6674.87
DP   4  06 04 1  F        6633.79
DP   4  06 05 0  F        6609.11
DP   4  06 05 1  F        6585.62
DP   4  06 06 0  F        6522.15
DP   4  06 06 1  F        6392.43
DP   4  06 07 0  F        6255.64
DP   4  06 07 1  F        6177.75
DP   4  06 08 0  F        6166.38
DP   4  06 08 1  F        6208.21
DP   4  06 09 0  F        6264.73
DP   4  06 09 1  F        6301.55
DP   4  06 10 0  F        6326.10
DP   4  06 10 1  F        6351.51
DP   4  06 11 0  F        6371.83
DP   4  06 11 1  F        6377.60
DP   4  06 12 0  F        6364.53
DP   4  06 12 1  F        6335.45
DP   4  06 13 0  F        6316.71
DP   4  06 13 1  F        6333.30
DP   4  06 14 0  F        6381.24
DP   4  06 14 1  F        6446.88
DP   4  06 15 0  F        6506.95
DP   4  06 15 1  F        6540.64
DP   4  06 16 0  F        6546.72
DP   4  06 16 1  F        6528.74
DP   4  06 17 0  F        6489.81
DP   4  06 17 1  F        6439.80
DP   4  06 18 0  F        6415.96
DP   4  06 18 1  F        6455.34
DP   4  06 19 0  F        6566.65
DP   4  06 19 1  F        6734.67
DP   4  06 20 0  F        6876.74
DP   4  06 20 1  F        6922.89
DP   4  06 21 0  F        6921.20
DP   4  06 21 1  F        6933.20
DP   4  06 22 0  F        6956.10
DP   4  06 22 1  F        6974.86
DP   4  06 23 0  F        6989.64
DP   4  06 23 1  F        7004.42
DP   1  07 00 0  F        39515.97
DP   1  07 00 1  F        38399.28
DP   1  07 01 0  F        37338.78
DP   1  07 01 1  F        36382.69
DP   1  07 02 0  F        35547.45
DP   1  07 02 1  F        34838.00
DP   1  07 03 0  F        34245.29
DP   1  07 03 1  F        33765.26
DP   1  07 04 0  F        33427.91
DP   1  07 04 1  F        33236.27
DP   1  07 05 0  F        33051.39
DP   1  07 05 1  F        32727.43
DP   1  07 06 0  F        32232.67
DP   1  07 06 1  F        31639.80
DP   1  07 07 0  F        31324.91
DP   1  07 07 1  F        31594.51
DP   1  07 08 0  F        32173.38
DP   1  07 08 1  F        32731.82
DP   1  07 09 0  F        33303.68
DP   1  07 09 1  F        33966.28
DP   1  07 10 0  F        34607.09
DP   1  07 10 1  F        35113.13
DP   1  07 11 0  F        35559.51
DP   1  07 11 1  F        36036.64
DP   1  07 12 0  F        36508.14
DP   1  07 12 1  F        36905.42
DP   1  07 13 0  F        37157.91
DP   1  07 13 1  F        37227.55
DP   1  07 14 0  F        37208.20
DP   1  07 14 1  F        37205.53
DP   1  07 15 0  F        37240.46
DP   1  07 15 1  F        37325.42
DP   1  07 16 0  F        37523.34
DP   1  07 16 1  F        37884.96
DP   1  07 17 0  F        38361.44
DP   1  07 17 1  F        38893.19
DP   1  07 18 0  F        39477.25
DP   1  07 18 1  F        40163.23
DP   1  07 19 0  F        41154.52
DP   1  07 19 1  F        42526.06
DP   1  07 20 0  F        43685.15
DP   1  07 20 1  F        44064.11
DP   1  07 21 0  F        43863.00
DP   1  07 21 1  F        43410.27
DP   1  07 22 0  F        42780.34
DP   1  07 22 1  F        41996.15
DP   1  07 23 0  F        41128.82
DP   1  07 23 1  F        40261.49
DP   2  07 00 0  F        12205.74
DP   2  07 00 1  F        11784.57
DP   2  07 01 0  F        11401.97
DP   2  07 01 1  F        11085.02
DP   2  07 02 0  F        10814.82
DP   2  07 02 1  F        10568.02
DP   2  07 03 0  F        10349.40
DP   2  07 03 1  F        10171.68
DP   2  07 04 0  F        10051.28
DP   2  07 04 1  F        9992.30
DP   2  07 05 0  F        9945.75
DP   2  07 05 1  F        9860.24
DP   2  07 06 0  F        9727.67
DP   2  07 06 1  F        9578.32
DP   2  07 07 0  F        9552.69
DP   2  07 07 1  F        9765.92
DP   2  07 08 0  F        10121.65
DP   2  07 08 1  F        10488.15
DP   2  07 09 0  F        10803.88
DP   2  07 09 1  F        11048.03
DP   2  07 10 0  F        11292.54
DP   2  07 10 1  F        11602.90
DP   2  07 11 0  F        11926.02
DP   2  07 11 1  F        12182.22
DP   2  07 12 0  F        12303.87
DP   2  07 12 1  F        12275.41
DP   2  07 13 0  F        12277.45
DP   2  07 13 1  F        12468.73
DP   2  07 14 0  F        12724.58
DP   2  07 14 1  F        12891.30
DP   2  07 15 0  F        12982.66
DP   2  07 15 1  F        13046.77
DP   2  07 16 0  F        13101.71
DP   2  07 16 1  F        13158.75
DP   2  07 17 0  F        13231.97
DP   2  07 17 1  F        13311.95
DP   2  07 18 0  F        13292.53
DP   2  07 18 1  F        13123.20
DP   2  07 19 0  F        13072.73
DP   2  07 19 1  F        13377.86
DP   2  07 20 0  F        13828.17
DP   2  07 20 1  F        14158.52
DP   2  07 21 0  F        14332.19
DP   2  07 21 1  F        14373.44
DP   2  07 22 0  F        14321.90
DP   2  07 22 1  F        14217.91
DP   2  07 23 0  F        14089.26
DP   2  07 23 1  F        13960.62
DP   3  07 00 0  F        13466.12
DP   3  07 00 1  F        13305.72
DP   3  07 01 0  F        13136.95
DP   3  07 01 1  F        12957.61
DP   3  07 02 0  F        12790.13
DP   3  07 02 1  F        12654.48
DP   3  07 03 0  F        12536.25
DP   3  07 03 1  F        12420.10
DP   3  07 04 0  F        12321.58
DP   3  07 04 1  F        12241.41
DP   3  07 05 0  F        12090.37
DP   3  07 05 1  F        11791.73
DP   3  07 06 0  F        11408.68
DP   3  07 06 1  F        11039.82
DP   3  07 07 0  F        10785.43
DP   3  07 07 1  F        10710.66
DP   3  07 08 0  F        10738.56
DP   3  07 08 1  F        10774.75
DP   3  07 09 0  F        10797.20
DP   3  07 09 1  F        10807.15
DP   3  07 10 0  F        10826.61
DP   3  07 10 1  F        10875.91
DP   3  07 11 0  F        10948.04
DP   3  07 11 1  F        11028.68
DP   3  07 12 0  F        11101.73
DP   3  07 12 1  F        11154.30
DP   3  07 13 0  F        11188.34
DP   3  07 13 1  F        11212.03
DP   3  07 14 0  F        11243.66
DP   3  07 14 1  F        11296.03
DP   3  07 15 0  F        11349.91
DP   3  07 15 1  F        11385.48
DP   3  07 16 0  F        11412.76
DP   3  07 16 1  F        11443.20
DP   3  07 17 0  F        11464.25
DP   3  07 17 1  F        11496.34
DP   3  07 18 0  F        11716.00
DP   3  07 18 1  F        12239.04
DP   3  07 19 0  F        12782.51
DP   3  07 19 1  F        13055.97
DP   3  07 20 0  F        13137.94
DP   3  07 20 1  F        13174.30
DP   3  07 21 0  F        13211.15
DP   3  07 21 1  F        13262.78
DP   3  07 22 0  F        13315.90
DP   3  07 22 1  F        13355.23
DP   3  07 23 0  F        13385.21
DP   3  07 23 1  F        13415.18
DP   4  07 00 0  F        7094.52
DP   4  07 00 1  F        7060.13
DP   4  07 01 0  F        7025.79
DP   4  07 01 1  F        6990.54
DP   4  07 02 0  F        6949.56
DP   4  07 02 1  F        6898.71
DP   4  07 03 0  F        6840.69
DP   4  07 03 1  F        6780.33
DP   4  07 04 0  F        6724.22
DP   4  07 04 1  F        6678.04
DP   4  07 05 0  F        6642.12
DP   4  07 05 1  F        6607.65
DP   4  07 06 0  F        6534.68
DP   4  07 06 1  F        6395.10
DP   4  07 07 0  F        6239.41
DP   4  07 07 1  F        6123.52
DP   4  07 08 0  F        6046.38
DP   4  07 08 1  F        5992.90
DP   4  07 09 0  F        5948.87
DP   4  07 09 1  F        5905.45
DP   4  07 10 0  F        5874.59
DP   4  07 10 1  F        5867.30
DP   4  07 11 0  F        5869.97
DP   4  07 11 1  F        5868.39
DP   4  07 12 0  F        5870.37
DP   4  07 12 1  F        5886.45
DP   4  07 13 0  F        5916.19
DP   4  07 13 1  F        5957.92
DP   4  07 14 0  F        6016.16
DP   4  07 14 1  F        6091.78
DP   4  07 15 0  F        6164.90
DP   4  07 15 1  F        6216.78
DP   4  07 16 0  F        6253.96
DP   4  07 16 1  F        6284.74
DP   4  07 17 0  F        6299.17
DP   4  07 17 1  F        6295.16
DP   4  07 18 0  F        6320.21
DP   4  07 18 1  F        6420.65
DP   4  07 19 0  F        6588.53
DP   4  07 19 1  F        6791.60
DP   4  07 20 0  F        6954.54
DP   4  07 20 1  F        7019.62
DP   4  07 21 0  F        7042.61
DP   4  07 21 1  F        7088.89
DP   4  07 22 0  F        7148.76
DP   4  07 22 1  F        7199.73
DP   4  07 23 0  F        7243.26
DP   4  07 23 1  F        7286.80
DP   1  08 00 0  F        39591.32
DP   1  08 00 1  F        38624.23
DP   1  08 01 0  F        37670.90
DP   1  08 01 1  F        36762.10
DP   1  08 02 0  F        35996.59
DP   1  08 02 1  F        35453.60
DP   1  08 03 0  F        35066.35
DP   1  08 03 1  F        34761.19
DP   1  08 04 0  F        34583.10
DP   1  08 04 1  F        34577.31
DP   1  08 05 0  F        34671.26
DP   1  08 05 1  F        34805.46
DP   1  08 06 0  F        35090.48
DP   1  08 06 1  F        35671.77
DP   1  08 07 0  F        36664.33
DP   1  08 07 1  F        38109.70
DP   1  08 08 0  F        39786.22
DP   1  08 08 1  F        41430.29
DP   1  08 09 0  F        42873.92
DP   1  08 09 1  F        44020.79
DP   1  08 10 0  F        44965.78
DP   1  08 10 1  F        45803.46
DP   1  08 11 0  F        46435.89
DP   1  08 11 1  F        46760.16
DP   1  08 12 0  F        46845.91
DP   1  08 12 1  F        46840.94
DP   1  08 13 0  F        47033.24
DP   1  08 13 1  F        47625.19
DP   1  08 14 0  F        48336.48
DP   1  08 14 1  F        48848.52
DP   1  08 15 0  F        49172.15
DP   1  08 15 1  F        49394.64
DP   1  08 16 0  F        49579.56
DP   1  08 16 1  F        49696.55
DP   1  08 17 0  F        49363.36
DP   1  08 17 1  F        48303.65
DP   1  08 18 0  F        47016.67
DP   1  08 18 1  F        46144.71
DP   1  08 19 0  F        46126.62
DP   1  08 19 1  F        47107.42
DP   1  08 20 0  F        48260.09
DP   1  08 20 1  F        48770.35
DP   1  08 21 0  F        48846.88
DP   1  08 21 1  F        48827.52
DP   1  08 22 0  F        48543.98
DP   1  08 22 1  F        47797.14
DP   1  08 23 0  F        46770.79
DP   1  08 23 1  F        45744.44
DP   2  08 00 0  F        12860.13
DP   2  08 00 1  F        12502.37
DP   2  08 01 0  F        12172.92
DP   2  08 01 1  F        11893.86
DP   2  08 02 0  F        11662.33
DP   2  08 02 1  F        11469.04
DP   2  08 03 0  F        11304.04
DP   2  08 03 1  F        11163.59
DP   2  08 04 0  F        11069.41
DP   2  08 04 1  F        11043.18
DP   2  08 05 0  F        11081.00
DP   2  08 05 1  F        11169.34
DP   2  08 06 0  F        11281.92
DP   2  08 06 1  F        11426.17
DP   2  08 07 0  F        11757.16
DP   2  08 07 1  F        12398.10
DP   2  08 08 0  F        13197.24
DP   2  08 08 1  F        13955.02
DP   2  08 09 0  F        14555.54
DP   2  08 09 1  F        14943.91
DP   2  08 10 0  F        15225.61
DP   2  08 10 1  F        15516.84
DP   2  08 11 0  F        15816.12
DP   2  08 11 1  F        16055.08
DP   2  08 12 0  F        16015.29
DP   2  08 12 1  F        15602.07
DP   2  08 13 0  F        15365.77
DP   2  08 13 1  F        15790.00
DP   2  08 14 0  F        16446.40
DP   2  08 14 1  F        16816.09
DP   2  08 15 0  F        16930.11
DP   2  08 15 1  F        16937.80
DP   2  08 16 0  F        16911.93
DP   2  08 16 1  F        16880.20
DP   2  08 17 0  F        16766.73
DP   2  08 17 1  F        16474.85
DP   2  08 18 0  F        15928.29
DP   2  08 18 1  F        15161.66
DP   2  08 19 0  F        14632.57
DP   2  08 19 1  F        14722.22
DP   2  08 20 0  F        15083.21
DP   2  08 20 1  F        15298.37
DP   2  08 21 0  F        15400.04
DP   2  08 21 1  F        15492.26
DP   2  08 22 0  F        15516.25
DP   2  08 22 1  F        15403.11
DP   2  08 23 0  F        15206.13
DP   2  08 23 1  F        15009.15
DP   3  08 00 0  F        13431.38
DP   3  08 00 1  F        13230.28
DP   3  08 01 0  F        13036.87
DP   3  08 01 1  F        12859.27
DP   3  08 02 0  F        12707.31
DP   3  08 02 1  F        12585.35
DP   3  08 03 0  F        12474.15
DP   3  08 03 1  F        12359.70
DP   3  08 04 0  F        12272.42
DP   3  08 04 1  F        12225.50
DP   3  08 05 0  F        12118.64
DP   3  08 05 1  F        11868.32
DP   3  08 06 0  F        11571.82
DP   3  08 06 1  F        11362.84
DP   3  08 07 0  F        11340.10
DP   3  08 07 1  F        11559.12
DP   3  08 08 0  F        11937.67
DP   3  08 08 1  F        12360.13
DP   3  08 09 0  F        12715.28
DP   3  08 09 1  F        12928.33
DP   3  08 10 0  F        13065.66
DP   3  08 10 1  F        13206.78
DP   3  08 11 0  F        13342.29
DP   3  08 11 1  F        13435.80
DP   3  08 12 0  F        13431.69
DP   3  08 12 1  F        13313.57
DP   3  08 13 0  F        13240.98
DP   3  08 13 1  F        13359.53
DP   3  08 14 0  F        13583.08
DP   3  08 14 1  F        13785.63
DP   3  08 15 0  F        13913.29
DP   3  08 15 1  F        13945.08
DP   3  08 16 0  F        13919.19
DP   3  08 16 1  F        13857.50
DP   3  08 17 0  F        13657.46
DP   3  08 17 1  F        13271.78
DP   3  08 18 0  F        12998.79
DP   3  08 18 1  F        13100.33
DP   3  08 19 0  F        13346.60
DP   3  08 19 1  F        13456.92
DP   3  08 20 0  F        13438.54
DP   3  08 20 1  F        13385.87
DP   3  08 21 0  F        13453.94
DP   3  08 21 1  F        13739.62
DP   3  08 22 0  F        14046.58
DP   3  08 22 1  F        14170.83
DP   3  08 23 0  F        14170.90
DP   3  08 23 1  F        14170.97
DP   4  08 00 0  F        7227.07
DP   4  08 00 1  F        7190.48
DP   4  08 01 0  F        7150.37
DP   4  08 01 1  F        7103.65
DP   4  08 02 0  F        7048.75
DP   4  08 02 1  F        6985.45
DP   4  08 03 0  F        6917.16
DP   4  08 03 1  F        6849.33
DP   4  08 04 0  F        6791.80
DP   4  08 04 1  F        6752.43
DP   4  08 05 0  F        6726.72
DP   4  08 05 1  F        6699.91
DP   4  08 06 0  F        6628.48
DP   4  08 06 1  F        6487.74
DP   4  08 07 0  F        6357.08
DP   4  08 07 1  F        6323.62
DP   4  08 08 0  F        6401.37
DP   4  08 08 1  F        6571.00
DP   4  08 09 0  F        6752.91
DP   4  08 09 1  F        6874.37
DP   4  08 10 0  F        6950.40
DP   4  08 10 1  F        7009.50
DP   4  08 11 0  F        7046.51
DP   4  08 11 1  F        7051.16
DP   4  08 12 0  F        7026.41
DP   4  08 12 1  F        6986.91
DP   4  08 13 0  F        6981.08
DP   4  08 13 1  F        7049.34
DP   4  08 14 0  F        7166.38
DP   4  08 14 1  F        7291.25
DP   4  08 15 0  F        7386.02
DP   4  08 15 1  F        7423.19
DP   4  08 16 0  F        7413.98
DP   4  08 16 1  F        7372.46
DP   4  08 17 0  F        7285.48
DP   4  08 17 1  F        7142.95
DP   4  08 18 0  F        6974.52
DP   4  08 18 1  F        6827.73
DP   4  08 19 0  F        6782.18
DP   4  08 19 1  F        6885.87
DP   4  08 20 0  F        7028.45
DP   4  08 20 1  F        7099.44
DP   4  08 21 0  F        7146.24
DP   4  08 21 1  F        7232.78
DP   4  08 22 0  F        7331.25
DP   4  08 22 1  F        7402.60
DP   4  08 23 0  F        7454.54
DP   4  08 23 1  F        7506.48
