&   CARGA
&
&   ss  di hi m df hf m Demanda
&X  XX  XX XX X XX XX X XXXXXXXXXX
DP   1  17 00 0  F        46688.41
DP   1  17 00 1  F        45229.08
DP   1  17 01 0  F        43872.70
DP   1  17 01 1  F        42705.95
DP   1  17 02 0  F        41750.44
DP   1  17 02 1  F        41001.11
DP   1  17 03 0  F        40411.34
DP   1  17 03 1  F        39942.07
DP   1  17 04 0  F        39625.87
DP   1  17 04 1  F        39497.11
DP   1  17 05 0  F        39525.57
DP   1  17 05 1  F        39667.82
DP   1  17 06 0  F        39892.36
DP   1  17 06 1  F        40238.75
DP   1  17 07 0  F        41018.90
DP   1  17 07 1  F        42473.36
DP   1  17 08 0  F        44284.81
DP   1  17 08 1  F        46048.12
DP   1  17 09 0  F        47564.76
DP   1  17 09 1  F        48737.72
DP   1  17 10 0  F        49669.59
DP   1  17 10 1  F        50467.95
DP   1  17 11 0  F        51060.63
DP   1  17 11 1  F        51359.61
DP   1  17 12 0  F        51393.10
DP   1  17 12 1  F        51283.91
DP   1  17 13 0  F        51417.16
DP   1  17 13 1  F        52077.55
DP   1  17 14 0  F        52886.02
DP   1  17 14 1  F        53409.81
DP   1  17 15 0  F        53665.34
DP   1  17 15 1  F        53768.73
DP   1  17 16 0  F        53786.05
DP   1  17 16 1  F        53683.64
DP   1  17 17 0  F        53079.07
DP   1  17 17 1  F        51703.41
DP   1  17 18 0  F        50090.58
DP   1  17 18 1  F        48930.69
DP   1  17 19 0  F        48735.90
DP   1  17 19 1  F        49693.98
DP   1  17 20 0  F        50873.25
DP   1  17 20 1  F        51345.83
DP   1  17 21 0  F        51318.47
DP   1  17 21 1  F        51165.82
DP   1  17 22 0  F        50799.47
DP   1  17 22 1  F        50084.09
DP   1  17 23 0  F        49159.76
DP   1  17 23 1  F        48235.44
DP   2  17 00 0  F        14778.75
DP   2  17 00 1  F        14230.80
DP   2  17 01 0  F        13736.92
DP   2  17 01 1  F        13337.01
DP   2  17 02 0  F        13014.26
DP   2  17 02 1  F        12743.64
DP   2  17 03 0  F        12523.98
DP   2  17 03 1  F        12358.08
DP   2  17 04 0  F        12240.80
DP   2  17 04 1  F        12170.73
DP   2  17 05 0  F        12169.39
DP   2  17 05 1  F        12248.73
DP   2  17 06 0  F        12359.59
DP   2  17 06 1  F        12482.61
DP   2  17 07 0  F        12778.81
DP   2  17 07 1  F        13378.33
DP   2  17 08 0  F        14107.28
DP   2  17 08 1  F        14746.86
DP   2  17 09 0  F        15202.41
DP   2  17 09 1  F        15448.28
DP   2  17 10 0  F        15610.44
DP   2  17 10 1  F        15815.49
DP   2  17 11 0  F        16040.89
DP   2  17 11 1  F        16200.67
DP   2  17 12 0  F        16104.29
DP   2  17 12 1  F        15666.18
DP   2  17 13 0  F        15325.22
DP   2  17 13 1  F        15480.59
DP   2  17 14 0  F        15848.13
DP   2  17 14 1  F        16058.26
DP   2  17 15 0  F        16082.87
DP   2  17 15 1  F        15988.77
DP   2  17 16 0  F        15880.84
DP   2  17 16 1  F        15836.91
DP   2  17 17 0  F        15788.27
DP   2  17 17 1  F        15642.86
DP   2  17 18 0  F        15361.51
DP   2  17 18 1  F        14972.18
DP   2  17 19 0  F        14718.31
DP   2  17 19 1  F        14802.30
DP   2  17 20 0  F        15046.85
DP   2  17 20 1  F        15219.24
DP   2  17 21 0  F        15244.95
DP   2  17 21 1  F        15107.59
DP   2  17 22 0  F        14865.17
DP   2  17 22 1  F        14583.90
DP   2  17 23 0  F        14288.39
DP   2  17 23 1  F        13992.88
DP   3  17 00 0  F        13729.00
DP   3  17 00 1  F        13492.54
DP   3  17 01 0  F        13265.58
DP   3  17 01 1  F        13057.21
DP   3  17 02 0  F        12874.91
DP   3  17 02 1  F        12721.71
DP   3  17 03 0  F        12584.41
DP   3  17 03 1  F        12456.31
DP   3  17 04 0  F        12373.17
DP   3  17 04 1  F        12348.03
DP   3  17 05 0  F        12260.68
DP   3  17 05 1  F        12010.26
DP   3  17 06 0  F        11706.38
DP   3  17 06 1  F        11500.65
DP   3  17 07 0  F        11502.07
DP   3  17 07 1  F        11771.52
DP   3  17 08 0  F        12219.86
DP   3  17 08 1  F        12722.19
DP   3  17 09 0  F        13160.36
DP   3  17 09 1  F        13449.99
DP   3  17 10 0  F        13634.94
DP   3  17 10 1  F        13779.62
DP   3  17 11 0  F        13902.50
DP   3  17 11 1  F        13994.63
DP   3  17 12 0  F        13983.45
DP   3  17 12 1  F        13833.25
DP   3  17 13 0  F        13719.25
DP   3  17 13 1  F        13807.19
DP   3  17 14 0  F        14013.96
DP   3  17 14 1  F        14211.15
DP   3  17 15 0  F        14338.12
DP   3  17 15 1  F        14365.11
DP   3  17 16 0  F        14317.98
DP   3  17 16 1  F        14208.73
DP   3  17 17 0  F        13937.99
DP   3  17 17 1  F        13464.50
DP   3  17 18 0  F        13090.62
DP   3  17 18 1  F        13089.43
DP   3  17 19 0  F        13273.09
DP   3  17 19 1  F        13392.27
DP   3  17 20 0  F        13412.54
DP   3  17 20 1  F        13378.42
DP   3  17 21 0  F        13435.48
DP   3  17 21 1  F        13685.58
DP   3  17 22 0  F        13954.82
DP   3  17 22 1  F        14059.46
DP   3  17 23 0  F        14052.23
DP   3  17 23 1  F        14045.01
DP   4  17 00 0  F        7643.20
DP   4  17 00 1  F        7579.46
DP   4  17 01 0  F        7512.11
DP   4  17 01 1  F        7440.55
DP   4  17 02 0  F        7376.12
DP   4  17 02 1  F        7326.62
DP   4  17 03 0  F        7273.81
DP   4  17 03 1  F        7200.15
DP   4  17 04 0  F        7116.95
DP   4  17 04 1  F        7042.03
DP   4  17 05 0  F        6990.30
DP   4  17 05 1  F        6964.23
DP   4  17 06 0  F        6919.30
DP   4  17 06 1  F        6818.14
DP   4  17 07 0  F        6698.82
DP   4  17 07 1  F        6618.05
DP   4  17 08 0  F        6631.58
DP   4  17 08 1  F        6769.00
DP   4  17 09 0  F        6956.22
DP   4  17 09 1  F        7111.47
DP   4  17 10 0  F        7225.75
DP   4  17 10 1  F        7310.51
DP   4  17 11 0  F        7385.90
DP   4  17 11 1  F        7461.78
DP   4  17 12 0  F        7498.08
DP   4  17 12 1  F        7468.23
DP   4  17 13 0  F        7449.80
DP   4  17 13 1  F        7519.75
DP   4  17 14 0  F        7648.60
DP   4  17 14 1  F        7783.42
DP   4  17 15 0  F        7883.90
DP   4  17 15 1  F        7923.62
DP   4  17 16 0  F        7918.96
DP   4  17 16 1  F        7886.75
DP   4  17 17 0  F        7802.67
DP   4  17 17 1  F        7647.47
DP   4  17 18 0  F        7463.44
DP   4  17 18 1  F        7310.39
DP   4  17 19 0  F        7256.96
DP   4  17 19 1  F        7341.51
DP   4  17 20 0  F        7472.67
DP   4  17 20 1  F        7552.66
DP   4  17 21 0  F        7588.02
DP   4  17 21 1  F        7609.62
DP   4  17 22 0  F        7641.61
DP   4  17 22 1  F        7699.94
DP   4  17 23 0  F        7774.68
DP   4  17 23 1  F        7849.41
