&   CARGA
&
&   ss  di hi m df hf m Demanda
&X  XX  XX XX X XX XX X XXXXXXXXXX
DP   1  14 00 0  F        41398.69
DP   1  14 00 1  F        40338.16
DP   1  14 01 0  F        39336.18
DP   1  14 01 1  F        38439.01
DP   1  14 02 0  F        37643.69
DP   1  14 02 1  F        36939.87
DP   1  14 03 0  F        36336.77
DP   1  14 03 1  F        35847.54
DP   1  14 04 0  F        35481.40
DP   1  14 04 1  F        35224.37
DP   1  14 05 0  F        34973.59
DP   1  14 05 1  F        34626.12
DP   1  14 06 0  F        34167.53
DP   1  14 06 1  F        33667.94
DP   1  14 07 0  F        33447.24
DP   1  14 07 1  F        33765.41
DP   1  14 08 0  F        34393.05
DP   1  14 08 1  F        35036.89
DP   1  14 09 0  F        35637.62
DP   1  14 09 1  F        36197.51
DP   1  14 10 0  F        36730.97
DP   1  14 10 1  F        37248.58
DP   1  14 11 0  F        37733.30
DP   1  14 11 1  F        38160.46
DP   1  14 12 0  F        38502.48
DP   1  14 12 1  F        38734.46
DP   1  14 13 0  F        38844.99
DP   1  14 13 1  F        38838.12
DP   1  14 14 0  F        38766.04
DP   1  14 14 1  F        38691.34
DP   1  14 15 0  F        38669.95
DP   1  14 15 1  F        38750.09
DP   1  14 16 0  F        38955.61
DP   1  14 16 1  F        39289.03
DP   1  14 17 0  F        39691.85
DP   1  14 17 1  F        40100.85
DP   1  14 18 0  F        40494.87
DP   1  14 18 1  F        40933.34
DP   1  14 19 0  F        41756.05
DP   1  14 19 1  F        43148.24
DP   1  14 20 0  F        44396.79
DP   1  14 20 1  F        44812.40
DP   1  14 21 0  F        44699.56
DP   1  14 21 1  F        44495.61
DP   1  14 22 0  F        44175.68
DP   1  14 22 1  F        43644.08
DP   1  14 23 0  F        42984.26
DP   1  14 23 1  F        42324.44
DP   2  14 00 0  F        13424.15
DP   2  14 00 1  F        12959.84
DP   2  14 01 0  F        12543.52
DP   2  14 01 1  F        12208.19
DP   2  14 02 0  F        11926.85
DP   2  14 02 1  F        11666.40
DP   2  14 03 0  F        11429.20
DP   2  14 03 1  F        11227.37
DP   2  14 04 0  F        11076.57
DP   2  14 04 1  F        10982.90
DP   2  14 05 0  F        10910.68
DP   2  14 05 1  F        10817.83
DP   2  14 06 0  F        10678.34
DP   2  14 06 1  F        10508.33
DP   2  14 07 0  F        10476.24
DP   2  14 07 1  F        10716.05
DP   2  14 08 0  F        11071.67
DP   2  14 08 1  F        11360.25
DP   2  14 09 0  F        11581.88
DP   2  14 09 1  F        11778.62
DP   2  14 10 0  F        11977.41
DP   2  14 10 1  F        12199.74
DP   2  14 11 0  F        12460.31
DP   2  14 11 1  F        12744.51
DP   2  14 12 0  F        12927.26
DP   2  14 12 1  F        12917.67
DP   2  14 13 0  F        12872.17
DP   2  14 13 1  F        12951.70
DP   2  14 14 0  F        13087.91
DP   2  14 14 1  F        13179.72
DP   2  14 15 0  F        13224.41
DP   2  14 15 1  F        13243.98
DP   2  14 16 0  F        13260.79
DP   2  14 16 1  F        13300.12
DP   2  14 17 0  F        13398.67
DP   2  14 17 1  F        13563.49
DP   2  14 18 0  F        13671.75
DP   2  14 18 1  F        13648.54
DP   2  14 19 0  F        13740.27
DP   2  14 19 1  F        14159.70
DP   2  14 20 0  F        14663.56
DP   2  14 20 1  F        14961.54
DP   2  14 21 0  F        15031.44
DP   2  14 21 1  F        14924.58
DP   2  14 22 0  F        14718.27
DP   2  14 22 1  F        14483.66
DP   2  14 23 0  F        14241.23
DP   2  14 23 1  F        13998.81
DP   3  14 00 0  F        13458.94
DP   3  14 00 1  F        13273.57
DP   3  14 01 0  F        13097.61
DP   3  14 01 1  F        12937.53
DP   3  14 02 0  F        12788.24
DP   3  14 02 1  F        12642.64
DP   3  14 03 0  F        12497.42
DP   3  14 03 1  F        12357.07
DP   3  14 04 0  F        12253.61
DP   3  14 04 1  F        12194.63
DP   3  14 05 0  F        12062.33
DP   3  14 05 1  F        11755.07
DP   3  14 06 0  F        11361.17
DP   3  14 06 1  F        11006.88
DP   3  14 07 0  F        10780.24
DP   3  14 07 1  F        10730.39
DP   3  14 08 0  F        10788.84
DP   3  14 08 1  F        10870.26
DP   3  14 09 0  F        10939.38
DP   3  14 09 1  F        10981.61
DP   3  14 10 0  F        11014.91
DP   3  14 10 1  F        11061.36
DP   3  14 11 0  F        11127.16
DP   3  14 11 1  F        11208.04
DP   3  14 12 0  F        11273.86
DP   3  14 12 1  F        11299.96
DP   3  14 13 0  F        11309.62
DP   3  14 13 1  F        11330.76
DP   3  14 14 0  F        11362.05
DP   3  14 14 1  F        11395.20
DP   3  14 15 0  F        11423.29
DP   3  14 15 1  F        11442.40
DP   3  14 16 0  F        11459.16
DP   3  14 16 1  F        11474.04
DP   3  14 17 0  F        11452.60
DP   3  14 17 1  F        11407.04
DP   3  14 18 0  F        11571.05
DP   3  14 18 1  F        12109.77
DP   3  14 19 0  F        12692.59
DP   3  14 19 1  F        12974.14
DP   3  14 20 0  F        13045.77
DP   3  14 20 1  F        13077.87
DP   3  14 21 0  F        13120.05
DP   3  14 21 1  F        13182.94
DP   3  14 22 0  F        13241.86
DP   3  14 22 1  F        13272.05
DP   3  14 23 0  F        13283.52
DP   3  14 23 1  F        13294.98
DP   4  14 00 0  F        7561.00
DP   4  14 00 1  F        7514.93
DP   4  14 01 0  F        7462.17
DP   4  14 01 1  F        7400.01
DP   4  14 02 0  F        7341.59
DP   4  14 02 1  F        7297.78
DP   4  14 03 0  F        7254.42
DP   4  14 03 1  F        7195.76
DP   4  14 04 0  F        7124.56
DP   4  14 04 1  F        7049.81
DP   4  14 05 0  F        6986.94
DP   4  14 05 1  F        6943.21
DP   4  14 06 0  F        6886.81
DP   4  14 06 1  F        6786.43
DP   4  14 07 0  F        6651.67
DP   4  14 07 1  F        6507.94
DP   4  14 08 0  F        6402.93
DP   4  14 08 1  F        6372.04
DP   4  14 09 0  F        6379.28
DP   4  14 09 1  F        6382.90
DP   4  14 10 0  F        6389.37
DP   4  14 10 1  F        6412.45
DP   4  14 11 0  F        6446.66
DP   4  14 11 1  F        6482.38
DP   4  14 12 0  F        6512.65
DP   4  14 12 1  F        6532.92
DP   4  14 13 0  F        6545.84
DP   4  14 13 1  F        6558.37
DP   4  14 14 0  F        6587.56
DP   4  14 14 1  F        6644.59
DP   4  14 15 0  F        6707.03
DP   4  14 15 1  F        6750.04
DP   4  14 16 0  F        6772.79
DP   4  14 16 1  F        6778.52
DP   4  14 17 0  F        6762.74
DP   4  14 17 1  F        6727.85
DP   4  14 18 0  F        6711.43
DP   4  14 18 1  F        6752.74
DP   4  14 19 0  F        6862.44
DP   4  14 19 1  F        7027.71
DP   4  14 20 0  F        7170.27
DP   4  14 20 1  F        7223.40
DP   4  14 21 0  F        7232.23
DP   4  14 21 1  F        7256.33
DP   4  14 22 0  F        7301.52
DP   4  14 22 1  F        7360.28
DP   4  14 23 0  F        7425.76
DP   4  14 23 1  F        7491.24
