&   CARGA
&
&   ss  di hi m df hf m Demanda
&X  XX  XX XX X XX XX X XXXXXXXXXX
DP   1  15 00 0  F        41503.18
DP   1  15 00 1  F        40354.99
DP   1  15 01 0  F        39312.60
DP   1  15 01 1  F        38454.85
DP   1  15 02 0  F        37752.71
DP   1  15 02 1  F        37162.94
DP   1  15 03 0  F        36693.29
DP   1  15 03 1  F        36362.74
DP   1  15 04 0  F        36184.09
DP   1  15 04 1  F        36161.58
DP   1  15 05 0  F        36271.16
DP   1  15 05 1  F        36500.95
DP   1  15 06 0  F        36915.87
DP   1  15 06 1  F        37607.64
DP   1  15 07 0  F        38698.38
DP   1  15 07 1  F        40248.10
DP   1  15 08 0  F        42038.01
DP   1  15 08 1  F        43798.24
DP   1  15 09 0  F        45333.56
DP   1  15 09 1  F        46525.19
DP   1  15 10 0  F        47485.55
DP   1  15 10 1  F        48334.46
DP   1  15 11 0  F        48990.09
DP   1  15 11 1  F        49344.83
DP   1  15 12 0  F        49389.75
DP   1  15 12 1  F        49220.67
DP   1  15 13 0  F        49253.95
DP   1  15 13 1  F        49813.77
DP   1  15 14 0  F        50534.91
DP   1  15 14 1  F        50990.62
DP   1  15 15 0  F        51197.23
DP   1  15 15 1  F        51275.89
DP   1  15 16 0  F        51323.89
DP   1  15 16 1  F        51331.88
DP   1  15 17 0  F        50887.93
DP   1  15 17 1  F        49684.15
DP   1  15 18 0  F        48231.50
DP   1  15 18 1  F        47212.02
DP   1  15 19 0  F        47173.20
DP   1  15 19 1  F        48322.45
DP   1  15 20 0  F        49641.23
DP   1  15 20 1  F        50129.74
DP   1  15 21 0  F        50089.04
DP   1  15 21 1  F        49983.78
DP   1  15 22 0  F        49632.14
DP   1  15 22 1  F        48797.06
DP   1  15 23 0  F        47667.05
DP   1  15 23 1  F        46537.05
DP   2  15 00 0  F        14319.27
DP   2  15 00 1  F        13891.73
DP   2  15 01 0  F        13506.94
DP   2  15 01 1  F        13196.05
DP   2  15 02 0  F        12943.91
DP   2  15 02 1  F        12728.42
DP   2  15 03 0  F        12546.07
DP   2  15 03 1  F        12398.71
DP   2  15 04 0  F        12291.18
DP   2  15 04 1  F        12232.67
DP   2  15 05 0  F        12246.73
DP   2  15 05 1  F        12345.69
DP   2  15 06 0  F        12482.48
DP   2  15 06 1  F        12643.33
DP   2  15 07 0  F        13006.93
DP   2  15 07 1  F        13713.46
DP   2  15 08 0  F        14556.44
DP   2  15 08 1  F        15288.49
DP   2  15 09 0  F        15845.21
DP   2  15 09 1  F        16228.65
DP   2  15 10 0  F        16523.81
DP   2  15 10 1  F        16820.11
DP   2  15 11 0  F        17141.95
DP   2  15 11 1  F        17443.80
DP   2  15 12 0  F        17465.77
DP   2  15 12 1  F        17068.62
DP   2  15 13 0  F        16810.40
DP   2  15 13 1  F        17196.93
DP   2  15 14 0  F        17828.09
DP   2  15 14 1  F        18200.91
DP   2  15 15 0  F        18306.86
DP   2  15 15 1  F        18259.74
DP   2  15 16 0  F        18168.18
DP   2  15 16 1  F        18102.01
DP   2  15 17 0  F        17981.09
DP   2  15 17 1  F        17697.75
DP   2  15 18 0  F        17184.24
DP   2  15 18 1  F        16477.16
DP   2  15 19 0  F        15990.57
DP   2  15 19 1  F        16073.06
DP   2  15 20 0  F        16433.79
DP   2  15 20 1  F        16702.04
DP   2  15 21 0  F        16826.93
DP   2  15 21 1  F        16833.26
DP   2  15 22 0  F        16728.73
DP   2  15 22 1  F        16525.14
DP   2  15 23 0  F        16267.82
DP   2  15 23 1  F        16010.51
DP   3  15 00 0  F        13325.50
DP   3  15 00 1  F        13108.90
DP   3  15 01 0  F        12901.04
DP   3  15 01 1  F        12710.95
DP   3  15 02 0  F        12548.85
DP   3  15 02 1  F        12418.97
DP   3  15 03 0  F        12300.37
DP   3  15 03 1  F        12179.03
DP   3  15 04 0  F        12093.72
DP   3  15 04 1  F        12062.80
DP   3  15 05 0  F        11970.12
DP   3  15 05 1  F        11719.97
DP   3  15 06 0  F        11432.98
DP   3  15 06 1  F        11266.48
DP   3  15 07 0  F        11308.33
DP   3  15 07 1  F        11600.73
DP   3  15 08 0  F        12072.79
DP   3  15 08 1  F        12615.42
DP   3  15 09 0  F        13079.62
DP   3  15 09 1  F        13354.79
DP   3  15 10 0  F        13523.80
DP   3  15 10 1  F        13689.32
DP   3  15 11 0  F        13839.94
DP   3  15 11 1  F        13932.31
DP   3  15 12 0  F        13909.63
DP   3  15 12 1  F        13760.15
DP   3  15 13 0  F        13665.83
DP   3  15 13 1  F        13788.98
DP   3  15 14 0  F        14019.47
DP   3  15 14 1  F        14206.95
DP   3  15 15 0  F        14312.52
DP   3  15 15 1  F        14331.93
DP   3  15 16 0  F        14287.89
DP   3  15 16 1  F        14182.68
DP   3  15 17 0  F        13909.67
DP   3  15 17 1  F        13426.93
DP   3  15 18 0  F        13059.95
DP   3  15 18 1  F        13096.99
DP   3  15 19 0  F        13309.93
DP   3  15 19 1  F        13411.68
DP   3  15 20 0  F        13395.65
DP   3  15 20 1  F        13343.74
DP   3  15 21 0  F        13411.29
DP   3  15 21 1  F        13696.68
DP   3  15 22 0  F        13996.93
DP   3  15 22 1  F        14102.08
DP   3  15 23 0  F        14075.50
DP   3  15 23 1  F        14048.93
DP   4  15 00 0  F        7480.34
DP   4  15 00 1  F        7440.53
DP   4  15 01 0  F        7390.11
DP   4  15 01 1  F        7325.20
DP   4  15 02 0  F        7268.85
DP   4  15 02 1  F        7239.26
DP   4  15 03 0  F        7208.08
DP   4  15 03 1  F        7145.93
DP   4  15 04 0  F        7065.58
DP   4  15 04 1  F        6989.53
DP   4  15 05 0  F        6936.71
DP   4  15 05 1  F        6913.15
DP   4  15 06 0  F        6876.79
DP   4  15 06 1  F        6790.79
DP   4  15 07 0  F        6687.38
DP   4  15 07 1  F        6615.16
DP   4  15 08 0  F        6619.32
DP   4  15 08 1  F        6725.04
DP   4  15 09 0  F        6880.92
DP   4  15 09 1  F        7026.73
DP   4  15 10 0  F        7143.35
DP   4  15 10 1  F        7225.40
DP   4  15 11 0  F        7281.29
DP   4  15 11 1  F        7318.91
DP   4  15 12 0  F        7330.25
DP   4  15 12 1  F        7313.25
DP   4  15 13 0  F        7305.44
DP   4  15 13 1  F        7344.55
DP   4  15 14 0  F        7429.48
DP   4  15 14 1  F        7543.06
DP   4  15 15 0  F        7642.62
DP   4  15 15 1  F        7691.07
DP   4  15 16 0  F        7699.22
DP   4  15 16 1  F        7680.96
DP   4  15 17 0  F        7614.48
DP   4  15 17 1  F        7481.43
DP   4  15 18 0  F        7312.76
DP   4  15 18 1  F        7159.19
DP   4  15 19 0  F        7101.27
DP   4  15 19 1  F        7189.25
DP   4  15 20 0  F        7322.64
DP   4  15 20 1  F        7395.37
DP   4  15 21 0  F        7429.73
DP   4  15 21 1  F        7470.98
DP   4  15 22 0  F        7527.71
DP   4  15 22 1  F        7598.24
DP   4  15 23 0  F        7676.25
DP   4  15 23 1  F        7754.26
