&   CARGA
&
&   ss  di hi m df hf m Demanda
&X  XX  XX XX X XX XX X XXXXXXXXXX
DP   1  18 00 0  F        46437.00
DP   1  18 00 1  F        44983.62
DP   1  18 01 0  F        43643.48
DP   1  18 01 1  F        42508.77
DP   1  18 02 0  F        41587.52
DP   1  18 02 1  F        40858.41
DP   1  18 03 0  F        40266.89
DP   1  18 03 1  F        39775.89
DP   1  18 04 0  F        39451.65
DP   1  18 04 1  F        39356.60
DP   1  18 05 0  F        39434.54
DP   1  18 05 1  F        39607.05
DP   1  18 06 0  F        39825.36
DP   1  18 06 1  F        40124.36
DP   1  18 07 0  F        40843.89
DP   1  18 07 1  F        42246.72
DP   1  18 08 0  F        43982.34
DP   1  18 08 1  F        45615.84
DP   1  18 09 0  F        46987.68
DP   1  18 09 1  F        48043.00
DP   1  18 10 0  F        48870.18
DP   1  18 10 1  F        49558.10
DP   1  18 11 0  F        50054.52
DP   1  18 11 1  F        50289.07
DP   1  18 12 0  F        50260.16
DP   1  18 12 1  F        50056.66
DP   1  18 13 0  F        50060.55
DP   1  18 13 1  F        50570.84
DP   1  18 14 0  F        51261.61
DP   1  18 14 1  F        51740.28
DP   1  18 15 0  F        51972.65
DP   1  18 15 1  F        52022.55
DP   1  18 16 0  F        51987.59
DP   1  18 16 1  F        51882.99
DP   1  18 17 0  F        51360.70
DP   1  18 17 1  F        50169.63
DP   1  18 18 0  F        48809.73
DP   1  18 18 1  F        47915.66
DP   1  18 19 0  F        47909.84
DP   1  18 19 1  F        48906.10
DP   1  18 20 0  F        49996.08
DP   1  18 20 1  F        50305.32
DP   1  18 21 0  F        50116.97
DP   1  18 21 1  F        49863.59
DP   1  18 22 0  F        49417.79
DP   1  18 22 1  F        48595.06
DP   1  18 23 0  F        47542.44
DP   1  18 23 1  F        46489.81
DP   2  18 00 0  F        13681.83
DP   2  18 00 1  F        13150.22
DP   2  18 01 0  F        12686.95
DP   2  18 01 1  F        12340.39
DP   2  18 02 0  F        12079.12
DP   2  18 02 1  F        11861.18
DP   2  18 03 0  F        11682.23
DP   2  18 03 1  F        11545.84
DP   2  18 04 0  F        11449.43
DP   2  18 04 1  F        11396.07
DP   2  18 05 0  F        11417.41
DP   2  18 05 1  F        11534.64
DP   2  18 06 0  F        11698.42
DP   2  18 06 1  F        11884.78
DP   2  18 07 0  F        12241.92
DP   2  18 07 1  F        12882.43
DP   2  18 08 0  F        13604.29
DP   2  18 08 1  F        14175.11
DP   2  18 09 0  F        14555.62
DP   2  18 09 1  F        14774.16
DP   2  18 10 0  F        14936.48
DP   2  18 10 1  F        15140.55
DP   2  18 11 0  F        15375.77
DP   2  18 11 1  F        15567.39
DP   2  18 12 0  F        15492.65
DP   2  18 12 1  F        15036.57
DP   2  18 13 0  F        14663.16
DP   2  18 13 1  F        14804.34
DP   2  18 14 0  F        15184.40
DP   2  18 14 1  F        15432.91
DP   2  18 15 0  F        15508.20
DP   2  18 15 1  F        15465.18
DP   2  18 16 0  F        15416.34
DP   2  18 16 1  F        15446.99
DP   2  18 17 0  F        15476.05
DP   2  18 17 1  F        15397.10
DP   2  18 18 0  F        15168.82
DP   2  18 18 1  F        14822.53
DP   2  18 19 0  F        14615.15
DP   2  18 19 1  F        14755.09
DP   2  18 20 0  F        15031.25
DP   2  18 20 1  F        15183.34
DP   2  18 21 0  F        15173.79
DP   2  18 21 1  F        15025.29
DP   2  18 22 0  F        14778.71
DP   2  18 22 1  F        14476.28
DP   2  18 23 0  F        14147.53
DP   2  18 23 1  F        13818.77
DP   3  18 00 0  F        13925.22
DP   3  18 00 1  F        13684.32
DP   3  18 01 0  F        13456.46
DP   3  18 01 1  F        13252.17
DP   3  18 02 0  F        13071.85
DP   3  18 02 1  F        12912.35
DP   3  18 03 0  F        12766.49
DP   3  18 03 1  F        12634.66
DP   3  18 04 0  F        12551.56
DP   3  18 04 1  F        12526.41
DP   3  18 05 0  F        12431.98
DP   3  18 05 1  F        12162.61
DP   3  18 06 0  F        11835.40
DP   3  18 06 1  F        11610.66
DP   3  18 07 0  F        11598.73
DP   3  18 07 1  F        11858.34
DP   3  18 08 0  F        12291.77
DP   3  18 08 1  F        12768.27
DP   3  18 09 0  F        13181.52
DP   3  18 09 1  F        13459.45
DP   3  18 10 0  F        13642.60
DP   3  18 10 1  F        13788.00
DP   3  18 11 0  F        13906.25
DP   3  18 11 1  F        13985.22
DP   3  18 12 0  F        13968.48
DP   3  18 12 1  F        13834.22
DP   3  18 13 0  F        13743.56
DP   3  18 13 1  F        13844.53
DP   3  18 14 0  F        14049.96
DP   3  18 14 1  F        14233.58
DP   3  18 15 0  F        14348.16
DP   3  18 15 1  F        14375.16
DP   3  18 16 0  F        14331.75
DP   3  18 16 1  F        14218.51
DP   3  18 17 0  F        13933.88
DP   3  18 17 1  F        13442.12
DP   3  18 18 0  F        13072.87
DP   3  18 18 1  F        13117.91
DP   3  18 19 0  F        13352.17
DP   3  18 19 1  F        13487.51
DP   3  18 20 0  F        13500.39
DP   3  18 20 1  F        13456.44
DP   3  18 21 0  F        13513.42
DP   3  18 21 1  F        13778.56
DP   3  18 22 0  F        14064.67
DP   3  18 22 1  F        14174.37
DP   3  18 23 0  F        14164.16
DP   3  18 23 1  F        14153.94
DP   4  18 00 0  F        7780.26
DP   4  18 00 1  F        7710.72
DP   4  18 01 0  F        7637.99
DP   4  18 01 1  F        7562.00
DP   4  18 02 0  F        7495.20
DP   4  18 02 1  F        7445.71
DP   4  18 03 0  F        7391.72
DP   4  18 03 1  F        7313.14
DP   4  18 04 0  F        7226.63
DP   4  18 04 1  F        7154.60
DP   4  18 05 0  F        7105.92
DP   4  18 05 1  F        7075.99
DP   4  18 06 0  F        7020.07
DP   4  18 06 1  F        6903.98
DP   4  18 07 0  F        6775.85
DP   4  18 07 1  F        6698.34
DP   4  18 08 0  F        6710.03
DP   4  18 08 1  F        6824.89
DP   4  18 09 0  F        6982.74
DP   4  18 09 1  F        7118.93
DP   4  18 10 0  F        7224.95
DP   4  18 10 1  F        7306.24
DP   4  18 11 0  F        7367.86
DP   4  18 11 1  F        7410.89
DP   4  18 12 0  F        7421.11
DP   4  18 12 1  F        7395.53
DP   4  18 13 0  F        7391.53
DP   4  18 13 1  F        7462.13
DP   4  18 14 0  F        7582.68
DP   4  18 14 1  F        7710.25
DP   4  18 15 0  F        7806.39
DP   4  18 15 1  F        7844.40
DP   4  18 16 0  F        7840.17
DP   4  18 16 1  F        7809.61
DP   4  18 17 0  F        7726.15
DP   4  18 17 1  F        7570.67
DP   4  18 18 0  F        7396.17
DP   4  18 18 1  F        7269.00
DP   4  18 19 0  F        7236.63
DP   4  18 19 1  F        7316.88
DP   4  18 20 0  F        7427.90
DP   4  18 20 1  F        7487.59
DP   4  18 21 0  F        7512.50
DP   4  18 21 1  F        7538.83
DP   4  18 22 0  F        7582.80
DP   4  18 22 1  F        7651.35
DP   4  18 23 0  F        7734.32
DP   4  18 23 1  F        7817.28
