&   CARGA
&
&   ss  di hi m df hf m Demanda
&X  XX  XX XX X XX XX X XXXXXXXXXX
DP   1  13 00 0  F        45805.61
DP   1  13 00 1  F        44595.23
DP   1  13 01 0  F        43456.52
DP   1  13 01 1  F        42445.85
DP   1  13 02 0  F        41558.45
DP   1  13 02 1  F        40780.88
DP   1  13 03 0  F        40126.20
DP   1  13 03 1  F        39613.07
DP   1  13 04 0  F        39256.00
DP   1  13 04 1  F        39045.31
DP   1  13 05 0  F        38878.70
DP   1  13 05 1  F        38653.36
DP   1  13 06 0  F        38357.02
DP   1  13 06 1  F        38064.14
DP   1  13 07 0  F        38105.39
DP   1  13 07 1  F        38744.55
DP   1  13 08 0  F        39721.67
DP   1  13 08 1  F        40700.99
DP   1  13 09 0  F        41567.20
DP   1  13 09 1  F        42277.34
DP   1  13 10 0  F        42857.34
DP   1  13 10 1  F        43330.86
DP   1  13 11 0  F        43643.52
DP   1  13 11 1  F        43757.28
DP   1  13 12 0  F        43777.59
DP   1  13 12 1  F        43811.68
DP   1  13 13 0  F        43830.69
DP   1  13 13 1  F        43785.64
DP   1  13 14 0  F        43683.16
DP   1  13 14 1  F        43550.01
DP   1  13 15 0  F        43437.69
DP   1  13 15 1  F        43387.64
DP   1  13 16 0  F        43376.34
DP   1  13 16 1  F        43370.22
DP   1  13 17 0  F        43360.61
DP   1  13 17 1  F        43365.00
DP   1  13 18 0  F        43480.68
DP   1  13 18 1  F        43842.46
DP   1  13 19 0  F        44655.52
DP   1  13 19 1  F        45956.27
DP   1  13 20 0  F        47035.72
DP   1  13 20 1  F        47231.66
DP   1  13 21 0  F        46814.45
DP   1  13 21 1  F        46199.59
DP   1  13 22 0  F        45450.85
DP   1  13 22 1  F        44561.22
DP   1  13 23 0  F        43592.55
DP   1  13 23 1  F        42623.87
DP   2  13 00 0  F        14345.73
DP   2  13 00 1  F        13834.71
DP   2  13 01 0  F        13373.19
DP   2  13 01 1  F        12995.90
DP   2  13 02 0  F        12678.53
DP   2  13 02 1  F        12391.52
DP   2  13 03 0  F        12143.43
DP   2  13 03 1  F        11949.22
DP   2  13 04 0  F        11811.23
DP   2  13 04 1  F        11725.42
DP   2  13 05 0  F        11674.72
DP   2  13 05 1  F        11635.68
DP   2  13 06 0  F        11572.25
DP   2  13 06 1  F        11487.51
DP   2  13 07 0  F        11553.57
DP   2  13 07 1  F        11907.61
DP   2  13 08 0  F        12378.15
DP   2  13 08 1  F        12762.72
DP   2  13 09 0  F        13043.68
DP   2  13 09 1  F        13250.17
DP   2  13 10 0  F        13413.79
DP   2  13 10 1  F        13568.46
DP   2  13 11 0  F        13754.75
DP   2  13 11 1  F        13975.33
DP   2  13 12 0  F        14074.37
DP   2  13 12 1  F        13934.86
DP   2  13 13 0  F        13753.66
DP   2  13 13 1  F        13737.90
DP   2  13 14 0  F        13822.04
DP   2  13 14 1  F        13889.01
DP   2  13 15 0  F        13888.32
DP   2  13 15 1  F        13809.06
DP   2  13 16 0  F        13732.20
DP   2  13 16 1  F        13737.60
DP   2  13 17 0  F        13808.82
DP   2  13 17 1  F        13899.39
DP   2  13 18 0  F        13938.87
DP   2  13 18 1  F        13902.33
DP   2  13 19 0  F        13970.59
DP   2  13 19 1  F        14290.43
DP   2  13 20 0  F        14666.65
DP   2  13 20 1  F        14865.14
DP   2  13 21 0  F        14838.36
DP   2  13 21 1  F        14603.79
DP   2  13 22 0  F        14252.51
DP   2  13 22 1  F        13876.34
DP   2  13 23 0  F        13496.55
DP   2  13 23 1  F        13116.76
DP   3  13 00 0  F        13827.90
DP   3  13 00 1  F        13632.47
DP   3  13 01 0  F        13436.47
DP   3  13 01 1  F        13243.36
DP   3  13 02 0  F        13072.72
DP   3  13 02 1  F        12938.01
DP   3  13 03 0  F        12811.99
DP   3  13 03 1  F        12674.06
DP   3  13 04 0  F        12570.95
DP   3  13 04 1  F        12527.66
DP   3  13 05 0  F        12415.12
DP   3  13 05 1  F        12120.18
DP   3  13 06 0  F        11747.68
DP   3  13 06 1  F        11443.31
DP   3  13 07 0  F        11298.35
DP   3  13 07 1  F        11362.11
DP   3  13 08 0  F        11570.43
DP   3  13 08 1  F        11830.38
DP   3  13 09 0  F        12047.40
DP   3  13 09 1  F        12157.86
DP   3  13 10 0  F        12223.25
DP   3  13 10 1  F        12314.41
DP   3  13 11 0  F        12414.17
DP   3  13 11 1  F        12484.99
DP   3  13 12 0  F        12495.74
DP   3  13 12 1  F        12437.73
DP   3  13 13 0  F        12385.61
DP   3  13 13 1  F        12407.70
DP   3  13 14 0  F        12463.83
DP   3  13 14 1  F        12500.41
DP   3  13 15 0  F        12518.76
DP   3  13 15 1  F        12527.51
DP   3  13 16 0  F        12509.50
DP   3  13 16 1  F        12446.64
DP   3  13 17 0  F        12342.85
DP   3  13 17 1  F        12245.92
DP   3  13 18 0  F        12357.20
DP   3  13 18 1  F        12810.02
DP   3  13 19 0  F        13312.10
DP   3  13 19 1  F        13555.27
DP   3  13 20 0  F        13593.33
DP   3  13 20 1  F        13558.20
DP   3  13 21 0  F        13532.17
DP   3  13 21 1  F        13561.87
DP   3  13 22 0  F        13600.71
DP   3  13 22 1  F        13595.55
DP   3  13 23 0  F        13560.03
DP   3  13 23 1  F        13524.51
DP   4  13 00 0  F        7820.66
DP   4  13 00 1  F        7778.20
DP   4  13 01 0  F        7727.50
DP   4  13 01 1  F        7664.20
DP   4  13 02 0  F        7599.45
DP   4  13 02 1  F        7543.24
DP   4  13 03 0  F        7485.51
DP   4  13 03 1  F        7414.86
DP   4  13 04 0  F        7334.72
DP   4  13 04 1  F        7254.66
DP   4  13 05 0  F        7194.31
DP   4  13 05 1  F        7161.63
DP   4  13 06 0  F        7108.05
DP   4  13 06 1  F        6990.85
DP   4  13 07 0  F        6847.40
DP   4  13 07 1  F        6731.54
DP   4  13 08 0  F        6683.18
DP   4  13 08 1  F        6721.71
DP   4  13 09 0  F        6798.48
DP   4  13 09 1  F        6862.55
DP   4  13 10 0  F        6921.89
DP   4  13 10 1  F        6991.11
DP   4  13 11 0  F        7052.42
DP   4  13 11 1  F        7084.99
DP   4  13 12 0  F        7087.91
DP   4  13 12 1  F        7070.40
DP   4  13 13 0  F        7062.18
DP   4  13 13 1  F        7089.66
DP   4  13 14 0  F        7145.70
DP   4  13 14 1  F        7213.17
DP   4  13 15 0  F        7268.72
DP   4  13 15 1  F        7292.47
DP   4  13 16 0  F        7284.65
DP   4  13 16 1  F        7249.98
DP   4  13 17 0  F        7190.80
DP   4  13 17 1  F        7114.67
DP   4  13 18 0  F        7052.22
DP   4  13 18 1  F        7038.40
DP   4  13 19 0  F        7102.20
DP   4  13 19 1  F        7248.88
DP   4  13 20 0  F        7394.68
DP   4  13 20 1  F        7460.15
DP   4  13 21 0  F        7472.16
DP   4  13 21 1  F        7477.04
DP   4  13 22 0  F        7492.49
DP   4  13 22 1  F        7525.54
DP   4  13 23 0  F        7569.15
DP   4  13 23 1  F        7612.77
