&   CARGA
&
&   ss  di hi m df hf m Demanda
&X  XX  XX XX X XX XX X XXXXXXXXXX
DP   1  16 00 0  F        45417.33
DP   1  16 00 1  F        43969.28
DP   1  16 01 0  F        42657.50
DP   1  16 01 1  F        41586.05
DP   1  16 02 0  F        40730.29
DP   1  16 02 1  F        40039.16
DP   1  16 03 0  F        39484.78
DP   1  16 03 1  F        39054.75
DP   1  16 04 0  F        38775.66
DP   1  16 04 1  F        38671.74
DP   1  16 05 0  F        38718.76
DP   1  16 05 1  F        38886.62
DP   1  16 06 0  F        39169.93
DP   1  16 06 1  F        39620.43
DP   1  16 07 0  F        40493.36
DP   1  16 07 1  F        41974.92
DP   1  16 08 0  F        43771.46
DP   1  16 08 1  F        45512.82
DP   1  16 09 0  F        47002.66
DP   1  16 09 1  F        48143.72
DP   1  16 10 0  F        49061.32
DP   1  16 10 1  F        49878.00
DP   1  16 11 0  F        50482.45
DP   1  16 11 1  F        50750.61
DP   1  16 12 0  F        50741.16
DP   1  16 12 1  F        50609.33
DP   1  16 13 0  F        50713.65
DP   1  16 13 1  F        51312.51
DP   1  16 14 0  F        52060.44
DP   1  16 14 1  F        52560.71
DP   1  16 15 0  F        52815.50
DP   1  16 15 1  F        52922.75
DP   1  16 16 0  F        52964.56
DP   1  16 16 1  F        52920.27
DP   1  16 17 0  F        52373.96
DP   1  16 17 1  F        51026.33
DP   1  16 18 0  F        49439.78
DP   1  16 18 1  F        48337.61
DP   1  16 19 0  F        48225.07
DP   1  16 19 1  F        49267.44
DP   1  16 20 0  F        50488.32
DP   1  16 20 1  F        50937.13
DP   1  16 21 0  F        50908.27
DP   1  16 21 1  F        50844.97
DP   1  16 22 0  F        50540.96
DP   1  16 22 1  F        49739.79
DP   1  16 23 0  F        48633.93
DP   1  16 23 1  F        47528.07
DP   2  16 00 0  F        15819.26
DP   2  16 00 1  F        15249.35
DP   2  16 01 0  F        14728.07
DP   2  16 01 1  F        14293.70
DP   2  16 02 0  F        13943.05
DP   2  16 02 1  F        13661.09
DP   2  16 03 0  F        13426.92
DP   2  16 03 1  F        13226.02
DP   2  16 04 0  F        13075.28
DP   2  16 04 1  F        12995.04
DP   2  16 05 0  F        12987.89
DP   2  16 05 1  F        13045.34
DP   2  16 06 0  F        13132.48
DP   2  16 06 1  F        13251.50
DP   2  16 07 0  F        13579.55
DP   2  16 07 1  F        14255.77
DP   2  16 08 0  F        15092.11
DP   2  16 08 1  F        15851.10
DP   2  16 09 0  F        16424.70
DP   2  16 09 1  F        16778.78
DP   2  16 10 0  F        17045.47
DP   2  16 10 1  F        17359.39
DP   2  16 11 0  F        17699.13
DP   2  16 11 1  F        17972.70
DP   2  16 12 0  F        17961.88
DP   2  16 12 1  F        17571.08
DP   2  16 13 0  F        17321.61
DP   2  16 13 1  F        17677.30
DP   2  16 14 0  F        18255.32
DP   2  16 14 1  F        18578.76
DP   2  16 15 0  F        18641.10
DP   2  16 15 1  F        18553.41
DP   2  16 16 0  F        18426.58
DP   2  16 16 1  F        18332.51
DP   2  16 17 0  F        18187.21
DP   2  16 17 1  F        17880.14
DP   2  16 18 0  F        17350.25
DP   2  16 18 1  F        16637.05
DP   2  16 19 0  F        16132.67
DP   2  16 19 1  F        16168.71
DP   2  16 20 0  F        16482.14
DP   2  16 20 1  F        16731.40
DP   2  16 21 0  F        16855.56
DP   2  16 21 1  F        16863.94
DP   2  16 22 0  F        16766.11
DP   2  16 22 1  F        16578.16
DP   2  16 23 0  F        16341.95
DP   2  16 23 1  F        16105.73
DP   3  16 00 0  F        13933.87
DP   3  16 00 1  F        13691.18
DP   3  16 01 0  F        13459.51
DP   3  16 01 1  F        13248.46
DP   3  16 02 0  F        13061.88
DP   3  16 02 1  F        12900.47
DP   3  16 03 0  F        12757.95
DP   3  16 03 1  F        12634.14
DP   3  16 04 0  F        12560.10
DP   3  16 04 1  F        12541.21
DP   3  16 05 0  F        12448.89
DP   3  16 05 1  F        12178.75
DP   3  16 06 0  F        11857.29
DP   3  16 06 1  F        11651.65
DP   3  16 07 0  F        11660.68
DP   3  16 07 1  F        11934.12
DP   3  16 08 0  F        12393.57
DP   3  16 08 1  F        12923.72
DP   3  16 09 0  F        13389.75
DP   3  16 09 1  F        13690.41
DP   3  16 10 0  F        13878.31
DP   3  16 10 1  F        14029.74
DP   3  16 11 0  F        14161.92
DP   3  16 11 1  F        14261.20
DP   3  16 12 0  F        14249.55
DP   3  16 12 1  F        14089.28
DP   3  16 13 0  F        13968.49
DP   3  16 13 1  F        14063.42
DP   3  16 14 0  F        14276.87
DP   3  16 14 1  F        14467.32
DP   3  16 15 0  F        14589.10
DP   3  16 15 1  F        14627.09
DP   3  16 16 0  F        14592.19
DP   3  16 16 1  F        14478.75
DP   3  16 17 0  F        14188.73
DP   3  16 17 1  F        13688.25
DP   3  16 18 0  F        13292.54
DP   3  16 18 1  F        13282.96
DP   3  16 19 0  F        13456.30
DP   3  16 19 1  F        13549.33
DP   3  16 20 0  F        13543.43
DP   3  16 20 1  F        13500.41
DP   3  16 21 0  F        13559.25
DP   3  16 21 1  F        13811.73
DP   3  16 22 0  F        14083.46
DP   3  16 22 1  F        14192.18
DP   3  16 23 0  F        14190.08
DP   3  16 23 1  F        14187.98
DP   4  16 00 0  F        7724.38
DP   4  16 00 1  F        7662.78
DP   4  16 01 0  F        7596.80
DP   4  16 01 1  F        7525.77
DP   4  16 02 0  F        7463.84
DP   4  16 02 1  F        7420.58
DP   4  16 03 0  F        7372.34
DP   4  16 03 1  F        7296.22
DP   4  16 04 0  F        7205.52
DP   4  16 04 1  F        7122.35
DP   4  16 05 0  F        7067.71
DP   4  16 05 1  F        7047.13
DP   4  16 06 0  F        7005.32
DP   4  16 06 1  F        6896.15
DP   4  16 07 0  F        6771.03
DP   4  16 07 1  F        6698.16
DP   4  16 08 0  F        6715.33
DP   4  16 08 1  F        6835.45
DP   4  16 09 0  F        7002.20
DP   4  16 09 1  F        7153.26
DP   4  16 10 0  F        7271.61
DP   4  16 10 1  F        7354.91
DP   4  16 11 0  F        7414.43
DP   4  16 11 1  F        7458.03
DP   4  16 12 0  F        7466.19
DP   4  16 12 1  F        7429.54
DP   4  16 13 0  F        7406.63
DP   4  16 13 1  F        7455.25
DP   4  16 14 0  F        7562.33
DP   4  16 14 1  F        7694.44
DP   4  16 15 0  F        7807.45
DP   4  16 15 1  F        7864.92
DP   4  16 16 0  F        7871.83
DP   4  16 16 1  F        7839.00
DP   4  16 17 0  F        7759.24
DP   4  16 17 1  F        7627.60
DP   4  16 18 0  F        7466.12
DP   4  16 18 1  F        7313.92
DP   4  16 19 0  F        7251.41
DP   4  16 19 1  F        7331.54
DP   4  16 20 0  F        7456.23
DP   4  16 20 1  F        7520.64
DP   4  16 21 0  F        7544.02
DP   4  16 21 1  F        7569.23
DP   4  16 22 0  F        7609.21
DP   4  16 22 1  F        7666.86
DP   4  16 23 0  F        7734.65
DP   4  16 23 1  F        7802.43
