&   CARGA
&
&   ss  di hi m df hf m Demanda
&X  XX  XX XX X XX XX X XXXXXXXXXX
DP   1  19 00 0  F        44510.52
DP   1  19 00 1  F        43092.78
DP   1  19 01 0  F        41784.88
DP   1  19 01 1  F        40675.67
DP   1  19 02 0  F        39770.19
DP   1  19 02 1  F        39050.18
DP   1  19 03 0  F        38488.12
DP   1  19 03 1  F        38065.70
DP   1  19 04 0  F        37810.77
DP   1  19 04 1  F        37745.92
DP   1  19 05 0  F        37826.46
DP   1  19 05 1  F        38003.95
DP   1  19 06 0  F        38282.03
DP   1  19 06 1  F        38711.04
DP   1  19 07 0  F        39475.96
DP   1  19 07 1  F        40708.06
DP   1  19 08 0  F        42189.17
DP   1  19 08 1  F        43631.41
DP   1  19 09 0  F        44817.33
DP   1  19 09 1  F        45619.32
DP   1  19 10 0  F        46198.52
DP   1  19 10 1  F        46724.07
DP   1  19 11 0  F        47108.23
DP   1  19 11 1  F        47230.81
DP   1  19 12 0  F        47098.50
DP   1  19 12 1  F        46807.12
DP   1  19 13 0  F        46681.96
DP   1  19 13 1  F        46975.75
DP   1  19 14 0  F        47421.51
DP   1  19 14 1  F        47704.37
DP   1  19 15 0  F        47837.67
DP   1  19 15 1  F        47885.82
DP   1  19 16 0  F        47789.26
DP   1  19 16 1  F        47472.03
DP   1  19 17 0  F        46916.58
DP   1  19 17 1  F        46155.13
DP   1  19 18 0  F        45360.83
DP   1  19 18 1  F        44793.25
DP   1  19 19 0  F        44916.86
DP   1  19 19 1  F        45961.57
DP   1  19 20 0  F        47014.12
DP   1  19 20 1  F        47182.63
DP   1  19 21 0  F        46803.89
DP   1  19 21 1  F        46373.98
DP   1  19 22 0  F        45797.47
DP   1  19 22 1  F        44904.05
DP   1  19 23 0  F        43815.66
DP   1  19 23 1  F        42727.27
DP   2  19 00 0  F        13786.30
DP   2  19 00 1  F        13255.33
DP   2  19 01 0  F        12785.46
DP   2  19 01 1  F        12420.43
DP   2  19 02 0  F        12134.58
DP   2  19 02 1  F        11894.92
DP   2  19 03 0  F        11708.51
DP   2  19 03 1  F        11584.36
DP   2  19 04 0  F        11498.98
DP   2  19 04 1  F        11436.91
DP   2  19 05 0  F        11447.25
DP   2  19 05 1  F        11570.15
DP   2  19 06 0  F        11745.37
DP   2  19 06 1  F        11936.51
DP   2  19 07 0  F        12302.71
DP   2  19 07 1  F        12968.69
DP   2  19 08 0  F        13725.82
DP   2  19 08 1  F        14331.59
DP   2  19 09 0  F        14741.27
DP   2  19 09 1  F        14981.96
DP   2  19 10 0  F        15170.49
DP   2  19 10 1  F        15414.97
DP   2  19 11 0  F        15698.96
DP   2  19 11 1  F        15939.57
DP   2  19 12 0  F        15912.40
DP   2  19 12 1  F        15505.47
DP   2  19 13 0  F        15198.11
DP   2  19 13 1  F        15431.96
DP   2  19 14 0  F        15906.82
DP   2  19 14 1  F        16226.50
DP   2  19 15 0  F        16352.89
DP   2  19 15 1  F        16345.83
DP   2  19 16 0  F        16298.96
DP   2  19 16 1  F        16282.45
DP   2  19 17 0  F        16238.71
DP   2  19 17 1  F        16085.54
DP   2  19 18 0  F        15770.10
DP   2  19 18 1  F        15318.08
DP   2  19 19 0  F        15039.90
DP   2  19 19 1  F        15188.13
DP   2  19 20 0  F        15499.21
DP   2  19 20 1  F        15655.56
DP   2  19 21 0  F        15639.62
DP   2  19 21 1  F        15505.76
DP   2  19 22 0  F        15296.04
DP   2  19 22 1  F        15046.03
DP   2  19 23 0  F        14777.57
DP   2  19 23 1  F        14509.11
DP   3  19 00 0  F        13945.21
DP   3  19 00 1  F        13704.51
DP   3  19 01 0  F        13476.98
DP   3  19 01 1  F        13273.63
DP   3  19 02 0  F        13096.83
DP   3  19 02 1  F        12944.13
DP   3  19 03 0  F        12802.48
DP   3  19 03 1  F        12666.63
DP   3  19 04 0  F        12573.06
DP   3  19 04 1  F        12535.37
DP   3  19 05 0  F        12433.72
DP   3  19 05 1  F        12166.74
DP   3  19 06 0  F        11840.48
DP   3  19 06 1  F        11604.68
DP   3  19 07 0  F        11576.62
DP   3  19 07 1  F        11824.17
DP   3  19 08 0  F        12250.06
DP   3  19 08 1  F        12720.24
DP   3  19 09 0  F        13118.67
DP   3  19 09 1  F        13367.36
DP   3  19 10 0  F        13522.60
DP   3  19 10 1  F        13656.86
DP   3  19 11 0  F        13772.86
DP   3  19 11 1  F        13847.75
DP   3  19 12 0  F        13825.96
DP   3  19 12 1  F        13688.01
DP   3  19 13 0  F        13591.42
DP   3  19 13 1  F        13681.04
DP   3  19 14 0  F        13873.99
DP   3  19 14 1  F        14048.97
DP   3  19 15 0  F        14158.62
DP   3  19 15 1  F        14182.31
DP   3  19 16 0  F        14132.48
DP   3  19 16 1  F        14007.80
DP   3  19 17 0  F        13719.10
DP   3  19 17 1  F        13243.10
DP   3  19 18 0  F        12908.04
DP   3  19 18 1  F        12998.26
DP   3  19 19 0  F        13270.74
DP   3  19 19 1  F        13421.33
DP   3  19 20 0  F        13428.51
DP   3  19 20 1  F        13366.23
DP   3  19 21 0  F        13407.68
DP   3  19 21 1  F        13671.96
DP   3  19 22 0  F        13962.54
DP   3  19 22 1  F        14070.63
DP   3  19 23 0  F        14054.15
DP   3  19 23 1  F        14037.67
DP   4  19 00 0  F        7612.97
DP   4  19 00 1  F        7539.86
DP   4  19 01 0  F        7467.28
DP   4  19 01 1  F        7397.18
DP   4  19 02 0  F        7337.02
DP   4  19 02 1  F        7290.54
DP   4  19 03 0  F        7241.07
DP   4  19 03 1  F        7172.27
DP   4  19 04 0  F        7089.56
DP   4  19 04 1  F        7006.32
DP   4  19 05 0  F        6946.13
DP   4  19 05 1  F        6919.09
DP   4  19 06 0  F        6871.16
DP   4  19 06 1  F        6756.04
DP   4  19 07 0  F        6622.29
DP   4  19 07 1  F        6537.31
DP   4  19 08 0  F        6548.97
DP   4  19 08 1  F        6676.57
DP   4  19 09 0  F        6844.86
DP   4  19 09 1  F        6974.31
DP   4  19 10 0  F        7062.98
DP   4  19 10 1  F        7127.35
DP   4  19 11 0  F        7180.10
DP   4  19 11 1  F        7227.08
DP   4  19 12 0  F        7250.68
DP   4  19 12 1  F        7240.29
DP   4  19 13 0  F        7236.70
DP   4  19 13 1  F        7282.96
DP   4  19 14 0  F        7379.64
DP   4  19 14 1  F        7508.55
DP   4  19 15 0  F        7618.96
DP   4  19 15 1  F        7666.69
DP   4  19 16 0  F        7666.44
DP   4  19 16 1  F        7637.61
DP   4  19 17 0  F        7559.60
DP   4  19 17 1  F        7417.49
DP   4  19 18 0  F        7259.15
DP   4  19 18 1  F        7145.59
DP   4  19 19 0  F        7127.73
DP   4  19 19 1  F        7225.71
DP   4  19 20 0  F        7346.71
DP   4  19 20 1  F        7399.20
DP   4  19 21 0  F        7409.52
DP   4  19 21 1  F        7425.15
DP   4  19 22 0  F        7460.23
DP   4  19 22 1  F        7517.46
DP   4  19 23 0  F        7587.30
DP   4  19 23 1  F        7657.14
