&   CARGA
&
&   ss  di hi m df hf m Demanda
&X  XX  XX XX X XX XX X XXXXXXXXXX
DP   1  13 00 0  F        46746.09
DP   1  13 00 1  F        45951.23
DP   1  13 01 0  F        45152.40
DP   1  13 01 1  F        44335.04
DP   1  13 02 0  F        43442.13
DP   1  13 02 1  F        42459.16
DP   1  13 03 0  F        41584.22
DP   1  13 03 1  F        41009.79
DP   1  13 04 0  F        40693.54
DP   1  13 04 1  F        40527.93
DP   1  13 05 0  F        40379.25
DP   1  13 05 1  F        40141.30
DP   1  13 06 0  F        39844.07
DP   1  13 06 1  F        39586.60
DP   1  13 07 0  F        39607.99
DP   1  13 07 1  F        40104.16
DP   1  13 08 0  F        40958.35
DP   1  13 08 1  F        41985.06
DP   1  13 09 0  F        43036.74
DP   1  13 09 1  F        43986.25
DP   1  13 10 0  F        44750.33
DP   1  13 10 1  F        45276.28
DP   1  13 11 0  F        45589.72
DP   1  13 11 1  F        45730.51
DP   1  13 12 0  F        45716.92
DP   1  13 12 1  F        45562.84
DP   1  13 13 0  F        45286.04
DP   1  13 13 1  F        44928.67
DP   1  13 14 0  F        44626.71
DP   1  13 14 1  F        44499.55
DP   1  13 15 0  F        44506.50
DP   1  13 15 1  F        44567.89
DP   1  13 16 0  F        44608.38
DP   1  13 16 1  F        44578.96
DP   1  13 17 0  F        44531.89
DP   1  13 17 1  F        44539.20
DP   1  13 18 0  F        44650.93
DP   1  13 18 1  F        44934.71
DP   1  13 19 0  F        45550.41
DP   1  13 19 1  F        46537.94
DP   1  13 20 0  F        47364.88
DP   1  13 20 1  F        47516.39
DP   1  13 21 0  F        47120.22
DP   1  13 21 1  F        46437.72
DP   1  13 22 0  F        45622.11
DP   1  13 22 1  F        44779.11
DP   1  13 23 0  F        43932.64
DP   1  13 23 1  F        43086.18
DP   2  13 00 0  F        14557.95
DP   2  13 00 1  F        14068.74
DP   2  13 01 0  F        13607.57
DP   2  13 01 1  F        13194.27
DP   2  13 02 0  F        12815.70
DP   2  13 02 1  F        12462.05
DP   2  13 03 0  F        12169.84
DP   2  13 03 1  F        11972.31
DP   2  13 04 0  F        11843.29
DP   2  13 04 1  F        11747.49
DP   2  13 05 0  F        11672.56
DP   2  13 05 1  F        11613.28
DP   2  13 06 0  F        11570.11
DP   2  13 06 1  F        11565.12
DP   2  13 07 0  F        11701.21
DP   2  13 07 1  F        12052.54
DP   2  13 08 0  F        12497.27
DP   2  13 08 1  F        12886.21
DP   2  13 09 0  F        13156.70
DP   2  13 09 1  F        13291.44
DP   2  13 10 0  F        13368.13
DP   2  13 10 1  F        13467.80
DP   2  13 11 0  F        13589.99
DP   2  13 11 1  F        13706.68
DP   2  13 12 0  F        13761.15
DP   2  13 12 1  F        13723.07
DP   2  13 13 0  F        13696.29
DP   2  13 13 1  F        13776.87
DP   2  13 14 0  F        13895.34
DP   2  13 14 1  F        13957.70
DP   2  13 15 0  F        13937.08
DP   2  13 15 1  F        13838.67
DP   2  13 16 0  F        13728.57
DP   2  13 16 1  F        13675.50
DP   2  13 17 0  F        13697.65
DP   2  13 17 1  F        13792.59
DP   2  13 18 0  F        13926.01
DP   2  13 18 1  F        14062.17
DP   2  13 19 0  F        14191.65
DP   2  13 19 1  F        14324.74
DP   2  13 20 0  F        14524.40
DP   2  13 20 1  F        14806.69
DP   2  13 21 0  F        14947.22
DP   2  13 21 1  F        14751.44
DP   2  13 22 0  F        14384.54
DP   2  13 22 1  F        14052.13
DP   2  13 23 0  F        13761.72
DP   2  13 23 1  F        13471.31
DP   3  13 00 0  F        13949.45
DP   3  13 00 1  F        13765.05
DP   3  13 01 0  F        13579.37
DP   3  13 01 1  F        13395.64
DP   3  13 02 0  F        13235.16
DP   3  13 02 1  F        13112.35
DP   3  13 03 0  F        12996.12
DP   3  13 03 1  F        12862.79
DP   3  13 04 0  F        12764.08
DP   3  13 04 1  F        12729.24
DP   3  13 05 0  F        12622.51
DP   3  13 05 1  F        12328.68
DP   3  13 06 0  F        11979.75
DP   3  13 06 1  F        11737.52
DP   3  13 07 0  F        11635.67
DP   3  13 07 1  F        11675.08
DP   3  13 08 0  F        11853.49
DP   3  13 08 1  F        12140.87
DP   3  13 09 0  F        12399.31
DP   3  13 09 1  F        12508.64
DP   3  13 10 0  F        12527.57
DP   3  13 10 1  F        12551.07
DP   3  13 11 0  F        12640.22
DP   3  13 11 1  F        12808.07
DP   3  13 12 0  F        12909.42
DP   3  13 12 1  F        12822.41
DP   3  13 13 0  F        12676.87
DP   3  13 13 1  F        12618.81
DP   3  13 14 0  F        12607.30
DP   3  13 14 1  F        12577.00
DP   3  13 15 0  F        12551.98
DP   3  13 15 1  F        12562.02
DP   3  13 16 0  F        12570.27
DP   3  13 16 1  F        12530.18
DP   3  13 17 0  F        12422.95
DP   3  13 17 1  F        12291.93
DP   3  13 18 0  F        12401.11
DP   3  13 18 1  F        12931.25
DP   3  13 19 0  F        13509.40
DP   3  13 19 1  F        13742.65
DP   3  13 20 0  F        13711.98
DP   3  13 20 1  F        13599.15
DP   3  13 21 0  F        13515.41
DP   3  13 21 1  F        13521.74
DP   3  13 22 0  F        13548.81
DP   3  13 22 1  F        13518.46
DP   3  13 23 0  F        13447.52
DP   3  13 23 1  F        13376.58
DP   4  13 00 0  F        7384.53
DP   4  13 00 1  F        7331.06
DP   4  13 01 0  F        7264.28
DP   4  13 01 1  F        7177.50
DP   4  13 02 0  F        7090.50
DP   4  13 02 1  F        7022.88
DP   4  13 03 0  F        6967.00
DP   4  13 03 1  F        6910.90
DP   4  13 04 0  F        6852.57
DP   4  13 04 1  F        6795.03
DP   4  13 05 0  F        6751.36
DP   4  13 05 1  F        6726.24
DP   4  13 06 0  F        6680.62
DP   4  13 06 1  F        6582.85
DP   4  13 07 0  F        6474.36
DP   4  13 07 1  F        6405.89
DP   4  13 08 0  F        6392.33
DP   4  13 08 1  F        6431.35
DP   4  13 09 0  F        6487.73
DP   4  13 09 1  F        6534.43
DP   4  13 10 0  F        6610.04
DP   4  13 10 1  F        6742.69
DP   4  13 11 0  F        6852.80
DP   4  13 11 1  F        6860.80
DP   4  13 12 0  F        6794.76
DP   4  13 12 1  F        6708.19
DP   4  13 13 0  F        6648.84
DP   4  13 13 1  F        6647.42
DP   4  13 14 0  F        6672.15
DP   4  13 14 1  F        6688.82
DP   4  13 15 0  F        6715.76
DP   4  13 15 1  F        6767.98
DP   4  13 16 0  F        6794.57
DP   4  13 16 1  F        6747.62
DP   4  13 17 0  F        6657.12
DP   4  13 17 1  F        6572.33
DP   4  13 18 0  F        6541.57
DP   4  13 18 1  F        6600.43
DP   4  13 19 0  F        6734.28
DP   4  13 19 1  F        6905.40
DP   4  13 20 0  F        7033.71
DP   4  13 20 1  F        7057.61
DP   4  13 21 0  F        7031.59
DP   4  13 21 1  F        7023.38
DP   4  13 22 0  F        7037.39
DP   4  13 22 1  F        7063.20
DP   4  13 23 0  F        7094.42
DP   4  13 23 1  F        7125.65
