&   CARGA
&
&   ss  di hi m df hf m Demanda
&X  XX  XX XX X XX XX X XXXXXXXXXX
DP   1  04 00 0  F        43238.55
DP   1  04 00 1  F        41909.05
DP   1  04 01 0  F        40692.17
DP   1  04 01 1  F        39673.90
DP   1  04 02 0  F        38833.57
DP   1  04 02 1  F        38129.13
DP   1  04 03 0  F        37539.43
DP   1  04 03 1  F        37070.58
DP   1  04 04 0  F        36816.68
DP   1  04 04 1  F        36830.79
DP   1  04 05 0  F        36913.79
DP   1  04 05 1  F        36886.24
DP   1  04 06 0  F        36899.48
DP   1  04 06 1  F        37173.33
DP   1  04 07 0  F        37870.83
DP   1  04 07 1  F        39062.96
DP   1  04 08 0  F        40509.38
DP   1  04 08 1  F        41918.36
DP   1  04 09 0  F        43104.03
DP   1  04 09 1  F        43966.46
DP   1  04 10 0  F        44643.85
DP   1  04 10 1  F        45273.14
DP   1  04 11 0  F        45748.11
DP   1  04 11 1  F        45952.94
DP   1  04 12 0  F        45976.45
DP   1  04 12 1  F        45975.74
DP   1  04 13 0  F        46176.16
DP   1  04 13 1  F        46719.19
DP   1  04 14 0  F        47342.32
DP   1  04 14 1  F        47768.20
DP   1  04 15 0  F        48064.05
DP   1  04 15 1  F        48345.88
DP   1  04 16 0  F        48580.35
DP   1  04 16 1  F        48663.05
DP   1  04 17 0  F        48354.75
DP   1  04 17 1  F        47515.85
DP   1  04 18 0  F        46540.11
DP   1  04 18 1  F        45934.98
DP   1  04 19 0  F        46129.34
DP   1  04 19 1  F        47267.19
DP   1  04 20 0  F        48431.39
DP   1  04 20 1  F        48736.93
DP   1  04 21 0  F        48488.41
DP   1  04 21 1  F        48151.39
DP   1  04 22 0  F        47645.75
DP   1  04 22 1  F        46823.12
DP   1  04 23 0  F        45807.90
DP   1  04 23 1  F        44792.68
DP   2  04 00 0  F        12850.31
DP   2  04 00 1  F        12390.03
DP   2  04 01 0  F        11967.76
DP   2  04 01 1  F        11613.38
DP   2  04 02 0  F        11324.27
DP   2  04 02 1  F        11091.44
DP   2  04 03 0  F        10912.78
DP   2  04 03 1  F        10785.79
DP   2  04 04 0  F        10699.62
DP   2  04 04 1  F        10645.23
DP   2  04 05 0  F        10629.15
DP   2  04 05 1  F        10657.37
DP   2  04 06 0  F        10717.94
DP   2  04 06 1  F        10822.35
DP   2  04 07 0  F        11093.59
DP   2  04 07 1  F        11618.30
DP   2  04 08 0  F        12225.97
DP   2  04 08 1  F        12720.42
DP   2  04 09 0  F        13059.75
DP   2  04 09 1  F        13258.43
DP   2  04 10 0  F        13401.89
DP   2  04 10 1  F        13574.05
DP   2  04 11 0  F        13781.72
DP   2  04 11 1  F        13973.31
DP   2  04 12 0  F        13940.60
DP   2  04 12 1  F        13570.66
DP   2  04 13 0  F        13288.22
DP   2  04 13 1  F        13488.30
DP   2  04 14 0  F        13909.33
DP   2  04 14 1  F        14202.98
DP   2  04 15 0  F        14330.43
DP   2  04 15 1  F        14345.67
DP   2  04 16 0  F        14364.25
DP   2  04 16 1  F        14468.24
DP   2  04 17 0  F        14544.10
DP   2  04 17 1  F        14461.03
DP   2  04 18 0  F        14214.92
DP   2  04 18 1  F        13877.73
DP   2  04 19 0  F        13698.92
DP   2  04 19 1  F        13870.54
DP   2  04 20 0  F        14177.31
DP   2  04 20 1  F        14362.37
DP   2  04 21 0  F        14409.78
DP   2  04 21 1  F        14357.58
DP   2  04 22 0  F        14218.87
DP   2  04 22 1  F        14006.02
DP   2  04 23 0  F        13753.36
DP   2  04 23 1  F        13500.70
DP   3  04 00 0  F        13701.75
DP   3  04 00 1  F        13461.85
DP   3  04 01 0  F        13242.21
DP   3  04 01 1  F        13057.44
DP   3  04 02 0  F        12899.56
DP   3  04 02 1  F        12756.21
DP   3  04 03 0  F        12620.18
DP   3  04 03 1  F        12491.71
DP   3  04 04 0  F        12395.62
DP   3  04 04 1  F        12337.38
DP   3  04 05 0  F        12220.38
DP   3  04 05 1  F        11963.79
DP   3  04 06 0  F        11652.09
DP   3  04 06 1  F        11409.98
DP   3  04 07 0  F        11357.86
DP   3  04 07 1  F        11570.48
DP   3  04 08 0  F        11944.23
DP   3  04 08 1  F        12343.78
DP   3  04 09 0  F        12685.27
DP   3  04 09 1  F        12918.26
DP   3  04 10 0  F        13074.60
DP   3  04 10 1  F        13198.81
DP   3  04 11 0  F        13303.99
DP   3  04 11 1  F        13382.57
DP   3  04 12 0  F        13375.86
DP   3  04 12 1  F        13258.14
DP   3  04 13 0  F        13187.03
DP   3  04 13 1  F        13307.17
DP   3  04 14 0  F        13528.23
DP   3  04 14 1  F        13721.81
DP   3  04 15 0  F        13842.27
DP   3  04 15 1  F        13874.48
DP   3  04 16 0  F        13842.30
DP   3  04 16 1  F        13754.16
DP   3  04 17 0  F        13517.40
DP   3  04 17 1  F        13096.43
DP   3  04 18 0  F        12784.83
DP   3  04 18 1  F        12844.26
DP   3  04 19 0  F        13079.73
DP   3  04 19 1  F        13235.94
DP   3  04 20 0  F        13273.26
DP   3  04 20 1  F        13236.22
DP   3  04 21 0  F        13290.40
DP   3  04 21 1  F        13555.83
DP   3  04 22 0  F        13849.46
DP   3  04 22 1  F        13974.78
DP   3  04 23 0  F        13984.79
DP   3  04 23 1  F        13994.79
DP   4  04 00 0  F        7588.22
DP   4  04 00 1  F        7540.99
DP   4  04 01 0  F        7488.73
DP   4  04 01 1  F        7427.28
DP   4  04 02 0  F        7355.91
DP   4  04 02 1  F        7275.97
DP   4  04 03 0  F        7193.63
DP   4  04 03 1  F        7115.14
DP   4  04 04 0  F        7042.20
DP   4  04 04 1  F        6977.07
DP   4  04 05 0  F        6928.98
DP   4  04 05 1  F        6896.42
DP   4  04 06 0  F        6827.93
DP   4  04 06 1  F        6685.62
DP   4  04 07 0  F        6535.75
DP   4  04 07 1  F        6458.00
DP   4  04 08 0  F        6481.36
DP   4  04 08 1  F        6603.97
DP   4  04 09 0  F        6751.14
DP   4  04 09 1  F        6849.90
DP   4  04 10 0  F        6906.93
DP   4  04 10 1  F        6944.59
DP   4  04 11 0  F        6968.29
DP   4  04 11 1  F        6977.20
DP   4  04 12 0  F        6962.59
DP   4  04 12 1  F        6925.70
DP   4  04 13 0  F        6915.50
DP   4  04 13 1  F        6976.59
DP   4  04 14 0  F        7088.28
DP   4  04 14 1  F        7212.53
DP   4  04 15 0  F        7307.18
DP   4  04 15 1  F        7341.33
DP   4  04 16 0  F        7333.22
DP   4  04 16 1  F        7303.57
DP   4  04 17 0  F        7233.90
DP   4  04 17 1  F        7107.97
DP   4  04 18 0  F        6957.76
DP   4  04 18 1  F        6831.58
DP   4  04 19 0  F        6795.02
DP   4  04 19 1  F        6886.69
DP   4  04 20 0  F        7020.05
DP   4  04 20 1  F        7105.37
DP   4  04 21 0  F        7165.29
DP   4  04 21 1  F        7239.10
DP   4  04 22 0  F        7320.33
DP   4  04 22 1  F        7394.89
DP   4  04 23 0  F        7464.20
DP   4  04 23 1  F        7533.51
