&   CARGA
&
&   ss  di hi m df hf m Demanda
&X  XX  XX XX X XX XX X XXXXXXXXXX
DP   1  06 00 0  F        43110.02
DP   1  06 00 1  F        41847.51
DP   1  06 01 0  F        40661.86
DP   1  06 01 1  F        39616.80
DP   1  06 02 0  F        38723.50
DP   1  06 02 1  F        37979.40
DP   1  06 03 0  F        37379.39
DP   1  06 03 1  F        36921.05
DP   1  06 04 0  F        36615.19
DP   1  06 04 1  F        36451.19
DP   1  06 05 0  F        36319.48
DP   1  06 05 1  F        36112.35
DP   1  06 06 0  F        35828.40
DP   1  06 06 1  F        35555.27
DP   1  06 07 0  F        35630.30
DP   1  06 07 1  F        36315.54
DP   1  06 08 0  F        37322.30
DP   1  06 08 1  F        38297.77
DP   1  06 09 0  F        39183.43
DP   1  06 09 1  F        39982.32
DP   1  06 10 0  F        40649.21
DP   1  06 10 1  F        41141.40
DP   1  06 11 0  F        41474.27
DP   1  06 11 1  F        41683.91
DP   1  06 12 0  F        41831.00
DP   1  06 12 1  F        41973.42
DP   1  06 13 0  F        42133.32
DP   1  06 13 1  F        42308.38
DP   1  06 14 0  F        42433.96
DP   1  06 14 1  F        42462.37
DP   1  06 15 0  F        42475.89
DP   1  06 15 1  F        42561.81
DP   1  06 16 0  F        42697.40
DP   1  06 16 1  F        42832.71
DP   1  06 17 0  F        42919.07
DP   1  06 17 1  F        42945.10
DP   1  06 18 0  F        43047.46
DP   1  06 18 1  F        43401.14
DP   1  06 19 0  F        44186.16
DP   1  06 19 1  F        45421.97
DP   1  06 20 0  F        46480.40
DP   1  06 20 1  F        46757.37
DP   1  06 21 0  F        46392.80
DP   1  06 21 1  F        45682.01
DP   1  06 22 0  F        44798.08
DP   1  06 22 1  F        43862.28
DP   1  06 23 0  F        42911.15
DP   1  06 23 1  F        41960.02
DP   2  06 00 0  F        12547.49
DP   2  06 00 1  F        12111.99
DP   2  06 01 0  F        11702.39
DP   2  06 01 1  F        11341.35
DP   2  06 02 0  F        11038.37
DP   2  06 02 1  F        10796.37
DP   2  06 03 0  F        10604.80
DP   2  06 03 1  F        10452.45
DP   2  06 04 0  F        10338.81
DP   2  06 04 1  F        10266.93
DP   2  06 05 0  F        10243.51
DP   2  06 05 1  F        10262.26
DP   2  06 06 0  F        10261.27
DP   2  06 06 1  F        10212.61
DP   2  06 07 0  F        10279.85
DP   2  06 07 1  F        10601.52
DP   2  06 08 0  F        11024.74
DP   2  06 08 1  F        11366.29
DP   2  06 09 0  F        11613.30
DP   2  06 09 1  F        11796.00
DP   2  06 10 0  F        11946.67
DP   2  06 10 1  F        12092.40
DP   2  06 11 0  F        12237.43
DP   2  06 11 1  F        12362.42
DP   2  06 12 0  F        12376.80
DP   2  06 12 1  F        12228.81
DP   2  06 13 0  F        12093.40
DP   2  06 13 1  F        12138.67
DP   2  06 14 0  F        12278.85
DP   2  06 14 1  F        12387.81
DP   2  06 15 0  F        12431.95
DP   2  06 15 1  F        12420.35
DP   2  06 16 0  F        12440.21
DP   2  06 16 1  F        12563.41
DP   2  06 17 0  F        12722.33
DP   2  06 17 1  F        12830.91
DP   2  06 18 0  F        12868.84
DP   2  06 18 1  F        12858.47
DP   2  06 19 0  F        12927.14
DP   2  06 19 1  F        13171.53
DP   2  06 20 0  F        13460.72
DP   2  06 20 1  F        13634.50
DP   2  06 21 0  F        13643.10
DP   2  06 21 1  F        13481.56
DP   2  06 22 0  F        13213.69
DP   2  06 22 1  F        12909.11
DP   2  06 23 0  F        12591.87
DP   2  06 23 1  F        12274.63
DP   3  06 00 0  F        13528.72
DP   3  06 00 1  F        13359.55
DP   3  06 01 0  F        13178.52
DP   3  06 01 1  F        12983.35
DP   3  06 02 0  F        12810.04
DP   3  06 02 1  F        12687.83
DP   3  06 03 0  F        12580.41
DP   3  06 03 1  F        12453.08
DP   3  06 04 0  F        12342.80
DP   3  06 04 1  F        12274.14
DP   3  06 05 0  F        12150.11
DP   3  06 05 1  F        11882.46
DP   3  06 06 0  F        11539.23
DP   3  06 06 1  F        11227.18
DP   3  06 07 0  F        11051.62
DP   3  06 07 1  F        11080.40
DP   3  06 08 0  F        11232.86
DP   3  06 08 1  F        11405.28
DP   3  06 09 0  F        11550.10
DP   3  06 09 1  F        11645.01
DP   3  06 10 0  F        11712.65
DP   3  06 10 1  F        11781.83
DP   3  06 11 0  F        11861.27
DP   3  06 11 1  F        11943.82
DP   3  06 12 0  F        11978.95
DP   3  06 12 1  F        11933.92
DP   3  06 13 0  F        11890.69
DP   3  06 13 1  F        11928.64
DP   3  06 14 0  F        12002.15
DP   3  06 14 1  F        12049.55
DP   3  06 15 0  F        12069.99
DP   3  06 15 1  F        12075.13
DP   3  06 16 0  F        12065.79
DP   3  06 16 1  F        12036.94
DP   3  06 17 0  F        11971.01
DP   3  06 17 1  F        11893.67
DP   3  06 18 0  F        12016.18
DP   3  06 18 1  F        12486.14
DP   3  06 19 0  F        13010.92
DP   3  06 19 1  F        13278.00
DP   3  06 20 0  F        13335.45
DP   3  06 20 1  F        13311.68
DP   3  06 21 0  F        13295.89
DP   3  06 21 1  F        13341.43
DP   3  06 22 0  F        13397.44
DP   3  06 22 1  F        13405.38
DP   3  06 23 0  F        13380.10
DP   3  06 23 1  F        13354.83
DP   4  06 00 0  F        7141.59
DP   4  06 00 1  F        7116.98
DP   4  06 01 0  F        7090.49
DP   4  06 01 1  F        7059.70
DP   4  06 02 0  F        7019.95
DP   4  06 02 1  F        6967.07
DP   4  06 03 0  F        6901.20
DP   4  06 03 1  F        6826.49
DP   4  06 04 0  F        6759.06
DP   4  06 04 1  F        6712.94
DP   4  06 05 0  F        6681.91
DP   4  06 05 1  F        6649.92
DP   4  06 06 0  F        6581.85
DP   4  06 06 1  F        6455.27
DP   4  06 07 0  F        6317.42
DP   4  06 07 1  F        6222.16
DP   4  06 08 0  F        6179.99
DP   4  06 08 1  F        6185.37
DP   4  06 09 0  F        6212.02
DP   4  06 09 1  F        6234.37
DP   4  06 10 0  F        6250.67
DP   4  06 10 1  F        6264.03
DP   4  06 11 0  F        6273.35
DP   4  06 11 1  F        6275.78
DP   4  06 12 0  F        6265.65
DP   4  06 12 1  F        6241.64
DP   4  06 13 0  F        6222.63
DP   4  06 13 1  F        6228.16
DP   4  06 14 0  F        6260.23
DP   4  06 14 1  F        6313.25
DP   4  06 15 0  F        6368.96
DP   4  06 15 1  F        6409.00
DP   4  06 16 0  F        6427.11
DP   4  06 16 1  F        6421.38
DP   4  06 17 0  F        6395.04
DP   4  06 17 1  F        6358.09
DP   4  06 18 0  F        6342.53
DP   4  06 18 1  F        6381.00
DP   4  06 19 0  F        6486.67
DP   4  06 19 1  F        6650.96
DP   4  06 20 0  F        6797.68
DP   4  06 20 1  F        6859.51
DP   4  06 21 0  F        6872.19
DP   4  06 21 1  F        6886.03
DP   4  06 22 0  F        6906.61
DP   4  06 22 1  F        6929.18
DP   4  06 23 0  F        6952.33
DP   4  06 23 1  F        6975.48
