&   CARGA
&
&   ss  di hi m df hf m Demanda
&X  XX  XX XX X XX XX X XXXXXXXXXX
DP   1  08 00 0  F        40341.26
DP   1  08 00 1  F        39365.25
DP   1  08 01 0  F        38412.14
DP   1  08 01 1  F        37516.90
DP   1  08 02 0  F        36762.76
DP   1  08 02 1  F        36214.06
DP   1  08 03 0  F        35811.23
DP   1  08 03 1  F        35490.60
DP   1  08 04 0  F        35296.09
DP   1  08 04 1  F        35271.91
DP   1  08 05 0  F        35355.91
DP   1  08 05 1  F        35496.64
DP   1  08 06 0  F        35791.70
DP   1  08 06 1  F        36367.04
DP   1  08 07 0  F        37312.85
DP   1  08 07 1  F        38660.52
DP   1  08 08 0  F        40241.91
DP   1  08 08 1  F        41842.40
DP   1  08 09 0  F        43260.79
DP   1  08 09 1  F        44360.98
DP   1  08 10 0  F        45253.75
DP   1  08 10 1  F        46056.29
DP   1  08 11 0  F        46664.88
DP   1  08 11 1  F        46967.22
DP   1  08 12 0  F        47037.91
DP   1  08 12 1  F        47028.19
DP   1  08 13 0  F        47209.16
DP   1  08 13 1  F        47769.86
DP   1  08 14 0  F        48451.29
DP   1  08 14 1  F        48954.77
DP   1  08 15 0  F        49271.00
DP   1  08 15 1  F        49466.75
DP   1  08 16 0  F        49623.76
DP   1  08 16 1  F        49734.25
DP   1  08 17 0  F        49417.58
DP   1  08 17 1  F        48386.02
DP   1  08 18 0  F        47096.38
DP   1  08 18 1  F        46157.89
DP   1  08 19 0  F        46045.03
DP   1  08 19 1  F        46952.27
DP   1  08 20 0  F        48088.72
DP   1  08 20 1  F        48655.46
DP   1  08 21 0  F        48806.73
DP   1  08 21 1  F        48825.21
DP   1  08 22 0  F        48554.23
DP   1  08 22 1  F        47818.04
DP   1  08 23 0  F        46803.87
DP   1  08 23 1  F        45789.70
DP   2  08 00 0  F        13105.97
DP   2  08 00 1  F        12730.86
DP   2  08 01 0  F        12383.10
DP   2  08 01 1  F        12083.89
DP   2  08 02 0  F        11829.76
DP   2  08 02 1  F        11613.03
DP   2  08 03 0  F        11433.59
DP   2  08 03 1  F        11294.12
DP   2  08 04 0  F        11200.56
DP   2  08 04 1  F        11160.31
DP   2  08 05 0  F        11183.28
DP   2  08 05 1  F        11269.56
DP   2  08 06 0  F        11377.55
DP   2  08 06 1  F        11500.65
DP   2  08 07 0  F        11813.94
DP   2  08 07 1  F        12460.83
DP   2  08 08 0  F        13276.14
DP   2  08 08 1  F        14043.17
DP   2  08 09 0  F        14647.72
DP   2  08 09 1  F        15040.80
DP   2  08 10 0  F        15331.73
DP   2  08 10 1  F        15638.73
DP   2  08 11 0  F        15957.35
DP   2  08 11 1  F        16217.72
DP   2  08 12 0  F        16211.26
DP   2  08 12 1  F        15852.62
DP   2  08 13 0  F        15688.38
DP   2  08 13 1  F        16194.13
DP   2  08 14 0  F        16929.74
DP   2  08 14 1  F        17365.05
DP   2  08 15 0  F        17525.61
DP   2  08 15 1  F        17559.47
DP   2  08 16 0  F        17548.91
DP   2  08 16 1  F        17530.31
DP   2  08 17 0  F        17422.25
DP   2  08 17 1  F        17118.39
DP   2  08 18 0  F        16530.48
DP   2  08 18 1  F        15692.80
DP   2  08 19 0  F        15111.62
DP   2  08 19 1  F        15207.60
DP   2  08 20 0  F        15587.05
DP   2  08 20 1  F        15783.96
DP   2  08 21 0  F        15857.41
DP   2  08 21 1  F        15946.70
DP   2  08 22 0  F        15987.02
DP   2  08 22 1  F        15895.59
DP   2  08 23 0  F        15721.77
DP   2  08 23 1  F        15547.94
DP   3  08 00 0  F        13130.23
DP   3  08 00 1  F        12925.86
DP   3  08 01 0  F        12733.54
DP   3  08 01 1  F        12563.58
DP   3  08 02 0  F        12419.22
DP   3  08 02 1  F        12298.71
DP   3  08 03 0  F        12187.25
DP   3  08 03 1  F        12075.92
DP   3  08 04 0  F        11992.17
DP   3  08 04 1  F        11945.64
DP   3  08 05 0  F        11838.18
DP   3  08 05 1  F        11589.64
DP   3  08 06 0  F        11299.63
DP   3  08 06 1  F        11104.28
DP   3  08 07 0  F        11105.92
DP   3  08 07 1  F        11361.02
DP   3  08 08 0  F        11776.22
DP   3  08 08 1  F        12225.10
DP   3  08 09 0  F        12598.71
DP   3  08 09 1  F        12826.97
DP   3  08 10 0  F        12977.60
DP   3  08 10 1  F        13128.85
DP   3  08 11 0  F        13263.18
DP   3  08 11 1  F        13339.26
DP   3  08 12 0  F        13316.60
DP   3  08 12 1  F        13194.38
DP   3  08 13 0  F        13129.68
DP   3  08 13 1  F        13260.89
DP   3  08 14 0  F        13493.74
DP   3  08 14 1  F        13696.02
DP   3  08 15 0  F        13816.25
DP   3  08 15 1  F        13837.74
DP   3  08 16 0  F        13802.01
DP   3  08 16 1  F        13731.31
DP   3  08 17 0  F        13512.39
DP   3  08 17 1  F        13092.18
DP   3  08 18 0  F        12793.85
DP   3  08 18 1  F        12900.28
DP   3  08 19 0  F        13156.97
DP   3  08 19 1  F        13257.50
DP   3  08 20 0  F        13225.12
DP   3  08 20 1  F        13174.44
DP   3  08 21 0  F        13255.97
DP   3  08 21 1  F        13555.95
DP   3  08 22 0  F        13867.69
DP   3  08 22 1  F        13980.30
DP   3  08 23 0  F        13958.84
DP   3  08 23 1  F        13937.39
DP   4  08 00 0  F        7199.14
DP   4  08 00 1  F        7168.39
DP   4  08 01 0  F        7131.73
DP   4  08 01 1  F        7084.75
DP   4  08 02 0  F        7029.21
DP   4  08 02 1  F        6968.15
DP   4  08 03 0  F        6903.49
DP   4  08 03 1  F        6837.93
DP   4  08 04 0  F        6778.32
DP   4  08 04 1  F        6731.20
DP   4  08 05 0  F        6697.86
DP   4  08 05 1  F        6669.72
DP   4  08 06 0  F        6603.87
DP   4  08 06 1  F        6472.71
DP   4  08 07 0  F        6344.08
DP   4  08 07 1  F        6294.91
DP   4  08 08 0  F        6343.09
DP   4  08 08 1  F        6477.98
DP   4  08 09 0  F        6633.74
DP   4  08 09 1  F        6747.78
DP   4  08 10 0  F        6825.73
DP   4  08 10 1  F        6885.10
DP   4  08 11 0  F        6922.61
DP   4  08 11 1  F        6931.89
DP   4  08 12 0  F        6914.85
DP   4  08 12 1  F        6882.69
DP   4  08 13 0  F        6875.34
DP   4  08 13 1  F        6928.34
DP   4  08 14 0  F        7030.79
DP   4  08 14 1  F        7156.04
DP   4  08 15 0  F        7260.92
DP   4  08 15 1  F        7309.73
DP   4  08 16 0  F        7313.17
DP   4  08 16 1  F        7286.50
DP   4  08 17 0  F        7216.89
DP   4  08 17 1  F        7093.10
DP   4  08 18 0  F        6938.49
DP   4  08 18 1  F        6794.09
DP   4  08 19 0  F        6737.11
DP   4  08 19 1  F        6818.40
DP   4  08 20 0  F        6947.17
DP   4  08 20 1  F        7028.05
DP   4  08 21 0  F        7088.87
DP   4  08 21 1  F        7173.40
DP   4  08 22 0  F        7265.85
DP   4  08 22 1  F        7342.58
DP   4  08 23 0  F        7407.94
DP   4  08 23 1  F        7473.30
