&   CARGA
&
&   ss  di hi m df hf m Demanda
&X  XX  XX XX X XX XX X XXXXXXXXXX
DP   1  05 00 0  F        43263.31
DP   1  05 00 1  F        41944.81
DP   1  05 01 0  F        40711.54
DP   1  05 01 1  F        39635.18
DP   1  05 02 0  F        38733.26
DP   1  05 02 1  F        38007.36
DP   1  05 03 0  F        37449.36
DP   1  05 03 1  F        37051.99
DP   1  05 04 0  F        36820.99
DP   1  05 04 1  F        36750.13
DP   1  05 05 0  F        36772.15
DP   1  05 05 1  F        36827.10
DP   1  05 06 0  F        36945.21
DP   1  05 06 1  F        37212.80
DP   1  05 07 0  F        37850.21
DP   1  05 07 1  F        39001.94
DP   1  05 08 0  F        40375.06
DP   1  05 08 1  F        41628.38
DP   1  05 09 0  F        42665.23
DP   1  05 09 1  F        43472.84
DP   1  05 10 0  F        44129.53
DP   1  05 10 1  F        44698.27
DP   1  05 11 0  F        45089.61
DP   1  05 11 1  F        45220.58
DP   1  05 12 0  F        45186.72
DP   1  05 12 1  F        45141.03
DP   1  05 13 0  F        45288.03
DP   1  05 13 1  F        45753.80
DP   1  05 14 0  F        46299.09
DP   1  05 14 1  F        46663.68
DP   1  05 15 0  F        46868.91
DP   1  05 15 1  F        46985.01
DP   1  05 16 0  F        46996.26
DP   1  05 16 1  F        46854.13
DP   1  05 17 0  F        46464.64
DP   1  05 17 1  F        45788.56
DP   1  05 18 0  F        45051.17
DP   1  05 18 1  F        44569.33
DP   1  05 19 0  F        44761.62
DP   1  05 19 1  F        45820.61
DP   1  05 20 0  F        46933.00
DP   1  05 20 1  F        47289.95
DP   1  05 21 0  F        47106.43
DP   1  05 21 1  F        46755.45
DP   1  05 22 0  F        46218.39
DP   1  05 22 1  F        45423.39
DP   1  05 23 0  F        44477.11
DP   1  05 23 1  F        43530.83
DP   2  05 00 0  F        12685.84
DP   2  05 00 1  F        12250.87
DP   2  05 01 0  F        11841.87
DP   2  05 01 1  F        11482.99
DP   2  05 02 0  F        11191.17
DP   2  05 02 1  F        10973.69
DP   2  05 03 0  F        10806.54
DP   2  05 03 1  F        10666.28
DP   2  05 04 0  F        10563.19
DP   2  05 04 1  F        10516.28
DP   2  05 05 0  F        10545.82
DP   2  05 05 1  F        10657.30
DP   2  05 06 0  F        10795.90
DP   2  05 06 1  F        10935.99
DP   2  05 07 0  F        11228.99
DP   2  05 07 1  F        11794.52
DP   2  05 08 0  F        12448.18
DP   2  05 08 1  F        12973.73
DP   2  05 09 0  F        13331.83
DP   2  05 09 1  F        13543.96
DP   2  05 10 0  F        13698.15
DP   2  05 10 1  F        13878.16
DP   2  05 11 0  F        14084.28
DP   2  05 11 1  F        14258.04
DP   2  05 12 0  F        14189.49
DP   2  05 12 1  F        13775.07
DP   2  05 13 0  F        13488.29
DP   2  05 13 1  F        13755.62
DP   2  05 14 0  F        14238.24
DP   2  05 14 1  F        14515.46
DP   2  05 15 0  F        14604.41
DP   2  05 15 1  F        14620.70
DP   2  05 16 0  F        14636.17
DP   2  05 16 1  F        14684.91
DP   2  05 17 0  F        14694.04
DP   2  05 17 1  F        14580.07
DP   2  05 18 0  F        14324.16
DP   2  05 18 1  F        13971.90
DP   2  05 19 0  F        13761.88
DP   2  05 19 1  F        13883.63
DP   2  05 20 0  F        14137.61
DP   2  05 20 1  F        14284.10
DP   2  05 21 0  F        14311.91
DP   2  05 21 1  F        14259.62
DP   2  05 22 0  F        14136.41
DP   2  05 22 1  F        13949.56
DP   2  05 23 0  F        13728.15
DP   2  05 23 1  F        13506.75
DP   3  05 00 0  F        13751.98
DP   3  05 00 1  F        13516.70
DP   3  05 01 0  F        13298.12
DP   3  05 01 1  F        13109.98
DP   3  05 02 0  F        12954.11
DP   3  05 02 1  F        12825.18
DP   3  05 03 0  F        12700.98
DP   3  05 03 1  F        12567.36
DP   3  05 04 0  F        12459.22
DP   3  05 04 1  F        12395.02
DP   3  05 05 0  F        12278.35
DP   3  05 05 1  F        12025.38
DP   3  05 06 0  F        11717.40
DP   3  05 06 1  F        11474.68
DP   3  05 07 0  F        11408.12
DP   3  05 07 1  F        11587.44
DP   3  05 08 0  F        11927.17
DP   3  05 08 1  F        12309.31
DP   3  05 09 0  F        12641.07
DP   3  05 09 1  F        12861.33
DP   3  05 10 0  F        13010.34
DP   3  05 10 1  F        13140.61
DP   3  05 11 0  F        13252.12
DP   3  05 11 1  F        13324.55
DP   3  05 12 0  F        13308.84
DP   3  05 12 1  F        13190.10
DP   3  05 13 0  F        13118.77
DP   3  05 13 1  F        13230.84
DP   3  05 14 0  F        13439.14
DP   3  05 14 1  F        13619.28
DP   3  05 15 0  F        13721.09
DP   3  05 15 1  F        13726.91
DP   3  05 16 0  F        13674.81
DP   3  05 16 1  F        13586.87
DP   3  05 17 0  F        13365.50
DP   3  05 17 1  F        12967.85
DP   3  05 18 0  F        12689.89
DP   3  05 18 1  F        12793.08
DP   3  05 19 0  F        13062.05
DP   3  05 19 1  F        13224.07
DP   3  05 20 0  F        13253.70
DP   3  05 20 1  F        13211.25
DP   3  05 21 0  F        13252.73
DP   3  05 21 1  F        13489.09
DP   3  05 22 0  F        13755.44
DP   3  05 22 1  F        13873.89
DP   3  05 23 0  F        13890.41
DP   3  05 23 1  F        13906.93
DP   4  05 00 0  F        7333.55
DP   4  05 00 1  F        7289.68
DP   4  05 01 0  F        7243.81
DP   4  05 01 1  F        7193.60
DP   4  05 02 0  F        7135.38
DP   4  05 02 1  F        7067.24
DP   4  05 03 0  F        6995.75
DP   4  05 03 1  F        6927.45
DP   4  05 04 0  F        6860.47
DP   4  05 04 1  F        6793.80
DP   4  05 05 0  F        6738.55
DP   4  05 05 1  F        6697.43
DP   4  05 06 0  F        6627.58
DP   4  05 06 1  F        6496.64
DP   4  05 07 0  F        6359.97
DP   4  05 07 1  F        6284.57
DP   4  05 08 0  F        6296.41
DP   4  05 08 1  F        6394.61
DP   4  05 09 0  F        6512.09
DP   4  05 09 1  F        6584.26
DP   4  05 10 0  F        6622.79
DP   4  05 10 1  F        6652.13
DP   4  05 11 0  F        6671.77
DP   4  05 11 1  F        6674.78
DP   4  05 12 0  F        6653.45
DP   4  05 12 1  F        6609.75
DP   4  05 13 0  F        6584.87
DP   4  05 13 1  F        6617.87
DP   4  05 14 0  F        6700.00
DP   4  05 14 1  F        6806.63
DP   4  05 15 0  F        6897.55
DP   4  05 15 1  F        6938.55
DP   4  05 16 0  F        6935.26
DP   4  05 16 1  F        6900.17
DP   4  05 17 0  F        6833.55
DP   4  05 17 1  F        6737.03
DP   4  05 18 0  F        6630.14
DP   4  05 18 1  F        6543.67
DP   4  05 19 0  F        6535.70
DP   4  05 19 1  F        6640.52
DP   4  05 20 0  F        6770.07
DP   4  05 20 1  F        6835.39
DP   4  05 21 0  F        6866.27
DP   4  05 21 1  F        6910.90
DP   4  05 22 0  F        6972.33
DP   4  05 22 1  F        7043.00
DP   4  05 23 0  F        7117.95
DP   4  05 23 1  F        7192.90
