&   CARGA
&
&   ss  di hi m df hf m Demanda
&X  XX  XX XX X XX XX X XXXXXXXXXX
DP   1  07 00 0  F        41012.89
DP   1  07 00 1  F        39925.44
DP   1  07 01 0  F        38881.28
DP   1  07 01 1  F        37919.67
DP   1  07 02 0  F        37063.80
DP   1  07 02 1  F        36327.76
DP   1  07 03 0  F        35705.20
DP   1  07 03 1  F        35193.52
DP   1  07 04 0  F        34825.51
DP   1  07 04 1  F        34606.67
DP   1  07 05 0  F        34398.08
DP   1  07 05 1  F        34053.24
DP   1  07 06 0  F        33539.66
DP   1  07 06 1  F        32923.11
DP   1  07 07 0  F        32548.10
DP   1  07 07 1  F        32702.52
DP   1  07 08 0  F        33168.83
DP   1  07 08 1  F        33673.02
DP   1  07 09 0  F        34220.72
DP   1  07 09 1  F        34848.60
DP   1  07 10 0  F        35437.98
DP   1  07 10 1  F        35882.50
DP   1  07 11 0  F        36280.33
DP   1  07 11 1  F        36739.37
DP   1  07 12 0  F        37201.89
DP   1  07 12 1  F        37576.53
DP   1  07 13 0  F        37803.02
DP   1  07 13 1  F        37856.88
DP   1  07 14 0  F        37825.80
DP   1  07 14 1  F        37807.34
DP   1  07 15 0  F        37826.54
DP   1  07 15 1  F        37901.55
DP   1  07 16 0  F        38095.52
DP   1  07 16 1  F        38456.32
DP   1  07 17 0  F        38925.48
DP   1  07 17 1  F        39430.28
DP   1  07 18 0  F        39947.05
DP   1  07 18 1  F        40517.25
DP   1  07 19 0  F        41393.64
DP   1  07 19 1  F        42708.83
DP   1  07 20 0  F        43903.35
DP   1  07 20 1  F        44413.09
DP   1  07 21 0  F        44347.29
DP   1  07 21 1  F        43950.90
DP   1  07 22 0  F        43338.30
DP   1  07 22 1  F        42588.84
DP   1  07 23 0  F        41772.14
DP   1  07 23 1  F        40955.44
DP   2  07 00 0  F        11945.42
DP   2  07 00 1  F        11557.84
DP   2  07 01 0  F        11193.21
DP   2  07 01 1  F        10869.96
DP   2  07 02 0  F        10588.38
DP   2  07 02 1  F        10345.01
DP   2  07 03 0  F        10139.49
DP   2  07 03 1  F        9974.17
DP   2  07 04 0  F        9859.06
DP   2  07 04 1  F        9796.24
DP   2  07 05 0  F        9748.44
DP   2  07 05 1  F        9674.31
DP   2  07 06 0  F        9555.73
DP   2  07 06 1  F        9409.91
DP   2  07 07 0  F        9372.19
DP   2  07 07 1  F        9555.14
DP   2  07 08 0  F        9862.16
DP   2  07 08 1  F        10166.60
DP   2  07 09 0  F        10430.79
DP   2  07 09 1  F        10652.60
DP   2  07 10 0  F        10883.10
DP   2  07 10 1  F        11164.91
DP   2  07 11 0  F        11453.52
DP   2  07 11 1  F        11684.88
DP   2  07 12 0  F        11803.87
DP   2  07 12 1  F        11796.02
DP   2  07 13 0  F        11800.56
DP   2  07 13 1  F        11944.43
DP   2  07 14 0  F        12151.73
DP   2  07 14 1  F        12317.92
DP   2  07 15 0  F        12426.56
DP   2  07 15 1  F        12491.00
DP   2  07 16 0  F        12555.50
DP   2  07 16 1  F        12658.82
DP   2  07 17 0  F        12786.61
DP   2  07 17 1  F        12900.74
DP   2  07 18 0  F        12921.01
DP   2  07 18 1  F        12822.25
DP   2  07 19 0  F        12841.51
DP   2  07 19 1  F        13180.69
DP   2  07 20 0  F        13638.98
DP   2  07 20 1  F        13965.88
DP   2  07 21 0  F        14114.73
DP   2  07 21 1  F        14102.24
DP   2  07 22 0  F        13994.72
DP   2  07 22 1  F        13859.08
DP   2  07 23 0  F        13715.27
DP   2  07 23 1  F        13571.46
DP   3  07 00 0  F        13217.64
DP   3  07 00 1  F        13060.02
DP   3  07 01 0  F        12894.35
DP   3  07 01 1  F        12718.70
DP   3  07 02 0  F        12555.51
DP   3  07 02 1  F        12424.77
DP   3  07 03 0  F        12312.33
DP   3  07 03 1  F        12202.28
DP   3  07 04 0  F        12105.79
DP   3  07 04 1  F        12020.66
DP   3  07 05 0  F        11864.14
DP   3  07 05 1  F        11566.88
DP   3  07 06 0  F        11193.82
DP   3  07 06 1  F        10842.66
DP   3  07 07 0  F        10607.73
DP   3  07 07 1  F        10548.63
DP   3  07 08 0  F        10589.42
DP   3  07 08 1  F        10637.50
DP   3  07 09 0  F        10669.24
DP   3  07 09 1  F        10684.43
DP   3  07 10 0  F        10707.37
DP   3  07 10 1  F        10760.25
DP   3  07 11 0  F        10832.18
DP   3  07 11 1  F        10905.29
DP   3  07 12 0  F        10966.78
DP   3  07 12 1  F        11009.42
DP   3  07 13 0  F        11043.16
DP   3  07 13 1  F        11080.25
DP   3  07 14 0  F        11125.05
DP   3  07 14 1  F        11176.84
DP   3  07 15 0  F        11222.38
DP   3  07 15 1  F        11250.84
DP   3  07 16 0  F        11273.34
DP   3  07 16 1  F        11298.30
DP   3  07 17 0  F        11301.22
DP   3  07 17 1  F        11296.70
DP   3  07 18 0  F        11488.66
DP   3  07 18 1  F        12018.24
DP   3  07 19 0  F        12586.05
DP   3  07 19 1  F        12878.91
DP   3  07 20 0  F        12968.84
DP   3  07 20 1  F        13002.63
DP   3  07 21 0  F        13040.77
DP   3  07 21 1  F        13108.50
DP   3  07 22 0  F        13176.36
DP   3  07 22 1  F        13211.95
DP   3  07 23 0  F        13226.02
DP   3  07 23 1  F        13240.09
DP   4  07 00 0  F        7021.17
DP   4  07 00 1  F        6989.99
DP   4  07 01 0  F        6959.46
DP   4  07 01 1  F        6928.59
DP   4  07 02 0  F        6889.82
DP   4  07 02 1  F        6837.22
DP   4  07 03 0  F        6777.88
DP   4  07 03 1  F        6720.35
DP   4  07 04 0  F        6666.14
DP   4  07 04 1  F        6616.06
DP   4  07 05 0  F        6575.28
DP   4  07 05 1  F        6540.87
DP   4  07 06 0  F        6473.16
DP   4  07 06 1  F        6342.04
DP   4  07 07 0  F        6192.26
DP   4  07 07 1  F        6074.99
DP   4  07 08 0  F        5992.20
DP   4  07 08 1  F        5933.47
DP   4  07 09 0  F        5888.10
DP   4  07 09 1  F        5848.59
DP   4  07 10 0  F        5820.53
DP   4  07 10 1  F        5809.80
DP   4  07 11 0  F        5810.40
DP   4  07 11 1  F        5815.20
DP   4  07 12 0  F        5824.35
DP   4  07 12 1  F        5839.85
DP   4  07 13 0  F        5863.94
DP   4  07 13 1  F        5900.24
DP   4  07 14 0  F        5957.59
DP   4  07 14 1  F        6039.03
DP   4  07 15 0  F        6119.12
DP   4  07 15 1  F        6173.92
DP   4  07 16 0  F        6214.02
DP   4  07 16 1  F        6252.02
DP   4  07 17 0  F        6274.16
DP   4  07 17 1  F        6272.14
DP   4  07 18 0  F        6285.97
DP   4  07 18 1  F        6359.18
DP   4  07 19 0  F        6501.22
DP   4  07 19 1  F        6697.03
DP   4  07 20 0  F        6867.61
DP   4  07 20 1  F        6946.11
DP   4  07 21 0  F        6978.37
DP   4  07 21 1  F        7023.39
DP   4  07 22 0  F        7080.37
DP   4  07 22 1  F        7136.44
DP   4  07 23 0  F        7190.59
DP   4  07 23 1  F        7244.74
