&   CARGA
&
&   ss  di hi m df hf m Demanda
&X  XX  XX XX X XX XX X XXXXXXXXXX
DP   1  03 00 0  F        41702.41
DP   1  03 00 1  F        40459.58
DP   1  03 01 0  F        39282.21
DP   1  03 01 1  F        38233.45
DP   1  03 02 0  F        37367.13
DP   1  03 02 1  F        36712.62
DP   1  03 03 0  F        36210.80
DP   1  03 03 1  F        35808.31
DP   1  03 04 0  F        35563.43
DP   1  03 04 1  F        35520.06
DP   1  03 05 0  F        35552.90
DP   1  03 05 1  F        35544.86
DP   1  03 06 0  F        35580.84
DP   1  03 06 1  F        35816.67
DP   1  03 07 0  F        36489.85
DP   1  03 07 1  F        37739.81
DP   1  03 08 0  F        39232.00
DP   1  03 08 1  F        40589.56
DP   1  03 09 0  F        41740.37
DP   1  03 09 1  F        42696.45
DP   1  03 10 0  F        43501.61
DP   1  03 10 1  F        44185.40
DP   1  03 11 0  F        44688.66
DP   1  03 11 1  F        44962.24
DP   1  03 12 0  F        45085.76
DP   1  03 12 1  F        45185.10
DP   1  03 13 0  F        45442.31
DP   1  03 13 1  F        45973.34
DP   1  03 14 0  F        46573.57
DP   1  03 14 1  F        47020.66
DP   1  03 15 0  F        47341.98
DP   1  03 15 1  F        47615.11
DP   1  03 16 0  F        47868.75
DP   1  03 16 1  F        48052.83
DP   1  03 17 0  F        47851.35
DP   1  03 17 1  F        47044.11
DP   1  03 18 0  F        46060.21
DP   1  03 18 1  F        45447.91
DP   1  03 19 0  F        45582.73
DP   1  03 19 1  F        46572.31
DP   1  03 20 0  F        47625.25
DP   1  03 20 1  F        47971.80
DP   1  03 21 0  F        47827.64
DP   1  03 21 1  F        47550.59
DP   1  03 22 0  F        47081.48
DP   1  03 22 1  F        46313.74
DP   1  03 23 0  F        45368.27
DP   1  03 23 1  F        44422.79
DP   2  03 00 0  F        13715.01
DP   2  03 00 1  F        13230.19
DP   2  03 01 0  F        12779.55
DP   2  03 01 1  F        12391.61
DP   2  03 02 0  F        12072.14
DP   2  03 02 1  F        11819.34
DP   2  03 03 0  F        11624.02
DP   2  03 03 1  F        11476.98
DP   2  03 04 0  F        11376.49
DP   2  03 04 1  F        11320.50
DP   2  03 05 0  F        11298.20
DP   2  03 05 1  F        11303.35
DP   2  03 06 0  F        11356.68
DP   2  03 06 1  F        11496.50
DP   2  03 07 0  F        11804.37
DP   2  03 07 1  F        12333.45
DP   2  03 08 0  F        12980.02
DP   2  03 08 1  F        13606.40
DP   2  03 09 0  F        14096.07
DP   2  03 09 1  F        14380.53
DP   2  03 10 0  F        14562.37
DP   2  03 10 1  F        14760.90
DP   2  03 11 0  F        14991.28
DP   2  03 11 1  F        15201.07
DP   2  03 12 0  F        15171.72
DP   2  03 12 1  F        14786.09
DP   2  03 13 0  F        14498.82
DP   2  03 13 1  F        14729.11
DP   2  03 14 0  F        15182.45
DP   2  03 14 1  F        15474.95
DP   2  03 15 0  F        15578.90
DP   2  03 15 1  F        15562.87
DP   2  03 16 0  F        15524.23
DP   2  03 16 1  F        15531.55
DP   2  03 17 0  F        15509.31
DP   2  03 17 1  F        15358.39
DP   2  03 18 0  F        15029.31
DP   2  03 18 1  F        14553.30
DP   2  03 19 0  F        14234.74
DP   2  03 19 1  F        14324.00
DP   2  03 20 0  F        14582.15
DP   2  03 20 1  F        14720.74
DP   2  03 21 0  F        14742.69
DP   2  03 21 1  F        14706.36
DP   2  03 22 0  F        14600.64
DP   2  03 22 1  F        14409.97
DP   2  03 23 0  F        14170.37
DP   2  03 23 1  F        13930.77
DP   3  03 00 0  F        13560.25
DP   3  03 00 1  F        13341.57
DP   3  03 01 0  F        13132.81
DP   3  03 01 1  F        12942.77
DP   3  03 02 0  F        12775.95
DP   3  03 02 1  F        12632.16
DP   3  03 03 0  F        12496.80
DP   3  03 03 1  F        12362.55
DP   3  03 04 0  F        12265.43
DP   3  03 04 1  F        12220.04
DP   3  03 05 0  F        12111.98
DP   3  03 05 1  F        11845.92
DP   3  03 06 0  F        11531.75
DP   3  03 06 1  F        11319.09
DP   3  03 07 0  F        11311.17
DP   3  03 07 1  F        11561.49
DP   3  03 08 0  F        11971.21
DP   3  03 08 1  F        12411.50
DP   3  03 09 0  F        12786.27
DP   3  03 09 1  F        13033.75
DP   3  03 10 0  F        13196.95
DP   3  03 10 1  F        13332.60
DP   3  03 11 0  F        13447.63
DP   3  03 11 1  F        13525.84
DP   3  03 12 0  F        13508.41
DP   3  03 12 1  F        13374.13
DP   3  03 13 0  F        13294.96
DP   3  03 13 1  F        13426.65
DP   3  03 14 0  F        13666.94
DP   3  03 14 1  F        13872.30
DP   3  03 15 0  F        13992.11
DP   3  03 15 1  F        14011.73
DP   3  03 16 0  F        13967.41
DP   3  03 16 1  F        13877.03
DP   3  03 17 0  F        13634.23
DP   3  03 17 1  F        13191.91
DP   3  03 18 0  F        12864.41
DP   3  03 18 1  F        12929.85
DP   3  03 19 0  F        13159.87
DP   3  03 19 1  F        13271.08
DP   3  03 20 0  F        13266.15
DP   3  03 20 1  F        13232.34
DP   3  03 21 0  F        13308.96
DP   3  03 21 1  F        13581.38
DP   3  03 22 0  F        13867.11
DP   3  03 22 1  F        13977.94
DP   3  03 23 0  F        13970.68
DP   3  03 23 1  F        13963.43
DP   4  03 00 0  F        7508.61
DP   4  03 00 1  F        7464.71
DP   4  03 01 0  F        7414.76
DP   4  03 01 1  F        7354.42
DP   4  03 02 0  F        7286.23
DP   4  03 02 1  F        7213.60
DP   4  03 03 0  F        7136.69
DP   4  03 03 1  F        7056.99
DP   4  03 04 0  F        6984.61
DP   4  03 04 1  F        6929.51
DP   4  03 05 0  F        6892.39
DP   4  03 05 1  F        6862.16
DP   4  03 06 0  F        6789.73
DP   4  03 06 1  F        6643.20
DP   4  03 07 0  F        6497.25
DP   4  03 07 1  F        6436.99
DP   4  03 08 0  F        6482.57
DP   4  03 08 1  F        6622.17
DP   4  03 09 0  F        6781.20
DP   4  03 09 1  F        6890.00
DP   4  03 10 0  F        6961.46
DP   4  03 10 1  F        7021.15
DP   4  03 11 0  F        7062.69
DP   4  03 11 1  F        7074.48
DP   4  03 12 0  F        7055.94
DP   4  03 12 1  F        7018.70
DP   4  03 13 0  F        7012.29
DP   4  03 13 1  F        7081.08
DP   4  03 14 0  F        7210.73
DP   4  03 14 1  F        7365.81
DP   4  03 15 0  F        7485.26
DP   4  03 15 1  F        7521.21
DP   4  03 16 0  F        7504.41
DP   4  03 16 1  F        7471.09
DP   4  03 17 0  F        7400.82
DP   4  03 17 1  F        7271.26
DP   4  03 18 0  F        7108.86
DP   4  03 18 1  F        6962.03
DP   4  03 19 0  F        6918.13
DP   4  03 19 1  F        7031.72
DP   4  03 20 0  F        7187.19
DP   4  03 20 1  F        7265.88
DP   4  03 21 0  F        7306.98
DP   4  03 21 1  F        7371.65
DP   4  03 22 0  F        7450.92
DP   4  03 22 1  F        7523.67
DP   4  03 23 0  F        7590.47
DP   4  03 23 1  F        7657.27
