&   CARGA
&
&   ss  di hi m df hf m Demanda
&X  XX  XX XX X XX XX X XXXXXXXXXX
DP   1  09 00 0  F        44506.20
DP   1  09 00 1  F        43072.81
DP   1  09 01 0  F        41747.24
DP   1  09 01 1  F        40619.08
DP   1  09 02 0  F        39705.04
DP   1  09 02 1  F        38995.79
DP   1  09 03 0  F        38450.79
DP   1  09 03 1  F        38036.94
DP   1  09 04 0  F        37782.38
DP   1  09 04 1  F        37709.93
DP   1  09 05 0  F        37760.04
DP   1  09 05 1  F        37875.17
DP   1  09 06 0  F        38088.15
DP   1  09 06 1  F        38490.11
DP   1  09 07 0  F        39315.09
DP   1  09 07 1  F        40722.17
DP   1  09 08 0  F        42427.82
DP   1  09 08 1  F        44080.38
DP   1  09 09 0  F        45498.26
DP   1  09 09 1  F        46590.90
DP   1  09 10 0  F        47461.83
DP   1  09 10 1  F        48217.08
DP   1  09 11 0  F        48778.60
DP   1  09 11 1  F        49054.74
DP   1  09 12 0  F        49083.38
DP   1  09 12 1  F        48988.60
DP   1  09 13 0  F        49109.70
DP   1  09 13 1  F        49699.85
DP   1  09 14 0  F        50452.48
DP   1  09 14 1  F        51001.69
DP   1  09 15 0  F        51304.08
DP   1  09 15 1  F        51415.74
DP   1  09 16 0  F        51468.44
DP   1  09 16 1  F        51496.27
DP   1  09 17 0  F        51067.07
DP   1  09 17 1  F        49853.92
DP   1  09 18 0  F        48417.12
DP   1  09 18 1  F        47467.41
DP   1  09 19 0  F        47430.01
DP   1  09 19 1  F        48405.57
DP   1  09 20 0  F        49482.09
DP   1  09 20 1  F        49790.65
DP   1  09 21 0  F        49647.44
DP   1  09 21 1  F        49500.37
DP   1  09 22 0  F        49139.09
DP   1  09 22 1  F        48300.27
DP   1  09 23 0  F        47166.90
DP   1  09 23 1  F        46033.53
DP   2  09 00 0  F        14904.51
DP   2  09 00 1  F        14370.33
DP   2  09 01 0  F        13889.21
DP   2  09 01 1  F        13497.90
DP   2  09 02 0  F        13167.80
DP   2  09 02 1  F        12866.07
DP   2  09 03 0  F        12608.07
DP   2  09 03 1  F        12414.53
DP   2  09 04 0  F        12279.30
DP   2  09 04 1  F        12194.89
DP   2  09 05 0  F        12175.26
DP   2  09 05 1  F        12224.99
DP   2  09 06 0  F        12289.52
DP   2  09 06 1  F        12353.17
DP   2  09 07 0  F        12614.85
DP   2  09 07 1  F        13239.26
DP   2  09 08 0  F        14039.93
DP   2  09 08 1  F        14775.39
DP   2  09 09 0  F        15335.67
DP   2  09 09 1  F        15682.28
DP   2  09 10 0  F        15931.28
DP   2  09 10 1  F        16202.26
DP   2  09 11 0  F        16474.15
DP   2  09 11 1  F        16663.47
DP   2  09 12 0  F        16577.60
DP   2  09 12 1  F        16147.53
DP   2  09 13 0  F        15907.81
DP   2  09 13 1  F        16322.11
DP   2  09 14 0  F        16966.76
DP   2  09 14 1  F        17328.34
DP   2  09 15 0  F        17421.66
DP   2  09 15 1  F        17384.30
DP   2  09 16 0  F        17316.81
DP   2  09 16 1  F        17272.78
DP   2  09 17 0  F        17154.92
DP   2  09 17 1  F        16844.34
DP   2  09 18 0  F        16286.62
DP   2  09 18 1  F        15540.57
DP   2  09 19 0  F        15053.36
DP   2  09 19 1  F        15183.22
DP   2  09 20 0  F        15544.09
DP   2  09 20 1  F        15693.03
DP   2  09 21 0  F        15704.09
DP   2  09 21 1  F        15728.93
DP   2  09 22 0  F        15712.76
DP   2  09 22 1  F        15579.22
DP   2  09 23 0  F        15372.00
DP   2  09 23 1  F        15164.77
DP   3  09 00 0  F        13762.91
DP   3  09 00 1  F        13542.81
DP   3  09 01 0  F        13326.75
DP   3  09 01 1  F        13121.68
DP   3  09 02 0  F        12946.46
DP   3  09 02 1  F        12813.22
DP   3  09 03 0  F        12695.56
DP   3  09 03 1  F        12572.26
DP   3  09 04 0  F        12481.40
DP   3  09 04 1  F        12441.77
DP   3  09 05 0  F        12335.53
DP   3  09 05 1  F        12063.74
DP   3  09 06 0  F        11739.76
DP   3  09 06 1  F        11518.39
DP   3  09 07 0  F        11508.07
DP   3  09 07 1  F        11765.23
DP   3  09 08 0  F        12184.79
DP   3  09 08 1  F        12628.85
DP   3  09 09 0  F        12989.90
DP   3  09 09 1  F        13201.46
DP   3  09 10 0  F        13330.83
DP   3  09 10 1  F        13457.47
DP   3  09 11 0  F        13575.69
DP   3  09 11 1  F        13652.35
DP   3  09 12 0  F        13629.62
DP   3  09 12 1  F        13490.59
DP   3  09 13 0  F        13406.83
DP   3  09 13 1  F        13532.81
DP   3  09 14 0  F        13766.34
DP   3  09 14 1  F        13965.23
DP   3  09 15 0  F        14084.09
DP   3  09 15 1  F        14111.02
DP   3  09 16 0  F        14071.23
DP   3  09 16 1  F        13972.87
DP   3  09 17 0  F        13718.61
DP   3  09 17 1  F        13273.59
DP   3  09 18 0  F        12958.18
DP   3  09 18 1  F        13051.58
DP   3  09 19 0  F        13312.79
DP   3  09 19 1  F        13443.32
DP   3  09 20 0  F        13434.83
DP   3  09 20 1  F        13372.01
DP   3  09 21 0  F        13421.34
DP   3  09 21 1  F        13693.07
DP   3  09 22 0  F        13990.63
DP   3  09 22 1  F        14106.91
DP   3  09 23 0  F        14099.46
DP   3  09 23 1  F        14092.02
DP   4  09 00 0  F        7413.72
DP   4  09 00 1  F        7362.33
DP   4  09 01 0  F        7304.18
DP   4  09 01 1  F        7235.12
DP   4  09 02 0  F        7161.50
DP   4  09 02 1  F        7089.94
DP   4  09 03 0  F        7017.80
DP   4  09 03 1  F        6942.44
DP   4  09 04 0  F        6870.65
DP   4  09 04 1  F        6810.58
DP   4  09 05 0  F        6766.29
DP   4  09 05 1  F        6731.54
DP   4  09 06 0  F        6662.90
DP   4  09 06 1  F        6530.33
DP   4  09 07 0  F        6394.69
DP   4  09 07 1  F        6329.19
DP   4  09 08 0  F        6365.69
DP   4  09 08 1  F        6505.93
DP   4  09 09 0  F        6672.49
DP   4  09 09 1  F        6789.85
DP   4  09 10 0  F        6869.14
DP   4  09 10 1  F        6935.07
DP   4  09 11 0  F        6980.20
DP   4  09 11 1  F        6991.48
DP   4  09 12 0  F        6965.67
DP   4  09 12 1  F        6914.46
DP   4  09 13 0  F        6899.51
DP   4  09 13 1  F        6973.99
DP   4  09 14 0  F        7107.09
DP   4  09 14 1  F        7249.77
DP   4  09 15 0  F        7363.93
DP   4  09 15 1  F        7422.57
DP   4  09 16 0  F        7432.28
DP   4  09 16 1  F        7402.74
DP   4  09 17 0  F        7322.51
DP   4  09 17 1  F        7183.98
DP   4  09 18 0  F        7016.09
DP   4  09 18 1  F        6865.25
DP   4  09 19 0  F        6811.33
DP   4  09 19 1  F        6904.62
DP   4  09 20 0  F        7043.46
DP   4  09 20 1  F        7122.55
DP   4  09 21 0  F        7173.67
DP   4  09 21 1  F        7247.03
DP   4  09 22 0  F        7329.30
DP   4  09 22 1  F        7397.84
DP   4  09 23 0  F        7456.23
DP   4  09 23 1  F        7514.61
