&   CARGA
&
&   ss  di hi m df hf m Demanda
&X  XX  XX XX X XX XX X XXXXXXXXXX
DP   1  03 00 0  F        42812.70
DP   1  03 00 1  F        41686.45
DP   1  03 01 0  F        40606.59
DP   1  03 01 1  F        39620.63
DP   1  03 02 0  F        38780.66
DP   1  03 02 1  F        38119.49
DP   1  03 03 0  F        37588.29
DP   1  03 03 1  F        37144.68
DP   1  03 04 0  F        36853.74
DP   1  03 04 1  F        36767.70
DP   1  03 05 0  F        36780.12
DP   1  03 05 1  F        36786.90
DP   1  03 06 0  F        36851.86
DP   1  03 06 1  F        37102.63
DP   1  03 07 0  F        37754.18
DP   1  03 07 1  F        38943.98
DP   1  03 08 0  F        40412.34
DP   1  03 08 1  F        41840.15
DP   1  03 09 0  F        43067.90
DP   1  03 09 1  F        44008.74
DP   1  03 10 0  F        44706.82
DP   1  03 10 1  F        45235.09
DP   1  03 11 0  F        45650.84
DP   1  03 11 1  F        45991.16
DP   1  03 12 0  F        46228.04
DP   1  03 12 1  F        46360.66
DP   1  03 13 0  F        46562.26
DP   1  03 13 1  F        46975.99
DP   1  03 14 0  F        47450.65
DP   1  03 14 1  F        47825.00
DP   1  03 15 0  F        48192.05
DP   1  03 15 1  F        48641.28
DP   1  03 16 0  F        48993.87
DP   1  03 16 1  F        49027.09
DP   1  03 17 0  F        48610.90
DP   1  03 17 1  F        47737.83
DP   1  03 18 0  F        46798.08
DP   1  03 18 1  F        46240.42
DP   1  03 19 0  F        46350.25
DP   1  03 19 1  F        47188.83
DP   1  03 20 0  F        48083.99
DP   1  03 20 1  F        48376.89
DP   1  03 21 0  F        48195.21
DP   1  03 21 1  F        47800.49
DP   1  03 22 0  F        47203.13
DP   1  03 22 1  F        46380.75
DP   1  03 23 0  F        45430.88
DP   1  03 23 1  F        44481.00
DP   2  03 00 0  F        12723.79
DP   2  03 00 1  F        12277.96
DP   2  03 01 0  F        11877.39
DP   2  03 01 1  F        11552.82
DP   2  03 02 0  F        11276.82
DP   2  03 02 1  F        11020.25
DP   2  03 03 0  F        10805.16
DP   2  03 03 1  F        10657.28
DP   2  03 04 0  F        10565.72
DP   2  03 04 1  F        10514.84
DP   2  03 05 0  F        10506.47
DP   2  03 05 1  F        10548.27
DP   2  03 06 0  F        10653.85
DP   2  03 06 1  F        10852.66
DP   2  03 07 0  F        11231.55
DP   2  03 07 1  F        11839.64
DP   2  03 08 0  F        12517.56
DP   2  03 08 1  F        13082.95
DP   2  03 09 0  F        13470.01
DP   2  03 09 1  F        13674.00
DP   2  03 10 0  F        13817.82
DP   2  03 10 1  F        14027.23
DP   2  03 11 0  F        14311.95
DP   2  03 11 1  F        14615.11
DP   2  03 12 0  F        14729.66
DP   2  03 12 1  F        14527.11
DP   2  03 13 0  F        14343.27
DP   2  03 13 1  F        14501.63
DP   2  03 14 0  F        14811.87
DP   2  03 14 1  F        15012.27
DP   2  03 15 0  F        15069.13
DP   2  03 15 1  F        15020.21
DP   2  03 16 0  F        14961.06
DP   2  03 16 1  F        14969.13
DP   2  03 17 0  F        14991.69
DP   2  03 17 1  F        14943.54
DP   2  03 18 0  F        14739.97
DP   2  03 18 1  F        14373.02
DP   2  03 19 0  F        14141.60
DP   2  03 19 1  F        14308.05
DP   2  03 20 0  F        14681.83
DP   2  03 20 1  F        14998.55
DP   2  03 21 0  F        15151.40
DP   2  03 21 1  F        15101.13
DP   2  03 22 0  F        14921.18
DP   2  03 22 1  F        14698.58
DP   2  03 23 0  F        14461.94
DP   2  03 23 1  F        14225.31
DP   3  03 00 0  F        13841.53
DP   3  03 00 1  F        13633.12
DP   3  03 01 0  F        13433.49
DP   3  03 01 1  F        13249.68
DP   3  03 02 0  F        13081.77
DP   3  03 02 1  F        12925.98
DP   3  03 03 0  F        12770.20
DP   3  03 03 1  F        12611.67
DP   3  03 04 0  F        12493.37
DP   3  03 04 1  F        12433.32
DP   3  03 05 0  F        12303.88
DP   3  03 05 1  F        12001.91
DP   3  03 06 0  F        11667.80
DP   3  03 06 1  F        11478.07
DP   3  03 07 0  F        11510.44
DP   3  03 07 1  F        11786.55
DP   3  03 08 0  F        12202.70
DP   3  03 08 1  F        12636.67
DP   3  03 09 0  F        13017.35
DP   3  03 09 1  F        13296.48
DP   3  03 10 0  F        13465.84
DP   3  03 10 1  F        13539.39
DP   3  03 11 0  F        13579.60
DP   3  03 11 1  F        13625.50
DP   3  03 12 0  F        13573.67
DP   3  03 12 1  F        13352.16
DP   3  03 13 0  F        13157.30
DP   3  03 13 1  F        13186.95
DP   3  03 14 0  F        13376.80
DP   3  03 14 1  F        13604.28
DP   3  03 15 0  F        13775.72
DP   3  03 15 1  F        13836.66
DP   3  03 16 0  F        13860.58
DP   3  03 16 1  F        13893.82
DP   3  03 17 0  F        13746.30
DP   3  03 17 1  F        13303.78
DP   3  03 18 0  F        12991.88
DP   3  03 18 1  F        13194.83
DP   3  03 19 0  F        13591.44
DP   3  03 19 1  F        13788.65
DP   3  03 20 0  F        13811.32
DP   3  03 20 1  F        13789.21
DP   3  03 21 0  F        13853.68
DP   3  03 21 1  F        14079.37
DP   3  03 22 0  F        14312.29
DP   3  03 22 1  F        14393.48
DP   3  03 23 0  F        14372.71
DP   3  03 23 1  F        14351.93
DP   4  03 00 0  F        7603.41
DP   4  03 00 1  F        7561.50
DP   4  03 01 0  F        7509.78
DP   4  03 01 1  F        7442.12
DP   4  03 02 0  F        7367.23
DP   4  03 02 1  F        7295.83
DP   4  03 03 0  F        7231.98
DP   4  03 03 1  F        7176.16
DP   4  03 04 0  F        7121.38
DP   4  03 04 1  F        7063.33
DP   4  03 05 0  F        7015.92
DP   4  03 05 1  F        6982.48
DP   4  03 06 0  F        6905.67
DP   4  03 06 1  F        6744.02
DP   4  03 07 0  F        6580.16
DP   4  03 07 1  F        6507.61
DP   4  03 08 0  F        6539.39
DP   4  03 08 1  F        6656.32
DP   4  03 09 0  F        6791.11
DP   4  03 09 1  F        6885.47
DP   4  03 10 0  F        6965.38
DP   4  03 10 1  F        7062.17
DP   4  03 11 0  F        7144.48
DP   4  03 11 1  F        7174.01
DP   4  03 12 0  F        7147.60
DP   4  03 12 1  F        7084.66
DP   4  03 13 0  F        7059.85
DP   4  03 13 1  F        7139.82
DP   4  03 14 0  F        7303.99
DP   4  03 14 1  F        7502.69
DP   4  03 15 0  F        7657.19
DP   4  03 15 1  F        7705.62
DP   4  03 16 0  F        7682.78
DP   4  03 16 1  F        7635.26
DP   4  03 17 0  F        7560.30
DP   4  03 17 1  F        7445.83
DP   4  03 18 0  F        7291.98
DP   4  03 18 1  F        7123.50
DP   4  03 19 0  F        7051.30
DP   4  03 19 1  F        7147.03
DP   4  03 20 0  F        7239.18
DP   4  03 20 1  F        7168.57
DP   4  03 21 0  F        7068.42
DP   4  03 21 1  F        7096.82
DP   4  03 22 0  F        7219.04
DP   4  03 22 1  F        7365.01
DP   4  03 23 0  F        7516.41
DP   4  03 23 1  F        7667.81
