&   CARGA
&
&   ss  di hi m df hf m Demanda
&X  XX  XX XX X XX XX X XXXXXXXXXX
DP   1  16 00 0  F        46790.38
DP   1  16 00 1  F        45373.27
DP   1  16 01 0  F        44080.77
DP   1  16 01 1  F        43009.63
DP   1  16 02 0  F        42145.36
DP   1  16 02 1  F        41446.28
DP   1  16 03 0  F        40873.32
DP   1  16 03 1  F        40403.82
DP   1  16 04 0  F        40078.20
DP   1  16 04 1  F        39935.93
DP   1  16 05 0  F        39949.88
DP   1  16 05 1  F        40081.43
DP   1  16 06 0  F        40312.73
DP   1  16 06 1  F        40692.53
DP   1  16 07 0  F        41515.06
DP   1  16 07 1  F        43004.97
DP   1  16 08 0  F        44862.95
DP   1  16 08 1  F        46698.66
DP   1  16 09 0  F        48281.62
DP   1  16 09 1  F        49489.53
DP   1  16 10 0  F        50472.85
DP   1  16 10 1  F        51374.74
DP   1  16 11 0  F        52036.14
DP   1  16 11 1  F        52293.30
DP   1  16 12 0  F        52265.90
DP   1  16 12 1  F        52171.86
DP   1  16 13 0  F        52338.80
DP   1  16 13 1  F        52983.86
DP   1  16 14 0  F        53772.49
DP   1  16 14 1  F        54322.07
DP   1  16 15 0  F        54609.08
DP   1  16 15 1  F        54705.39
DP   1  16 16 0  F        54705.21
DP   1  16 16 1  F        54600.73
DP   1  16 17 0  F        53953.78
DP   1  16 17 1  F        52450.08
DP   1  16 18 0  F        50701.32
DP   1  16 18 1  F        49483.50
DP   1  16 19 0  F        49303.98
DP   1  16 19 1  F        50315.33
DP   1  16 20 0  F        51519.62
DP   1  16 20 1  F        51954.90
DP   1  16 21 0  F        51953.82
DP   1  16 21 1  F        51990.64
DP   1  16 22 0  F        51811.32
DP   1  16 22 1  F        51106.85
DP   1  16 23 0  F        50076.27
DP   1  16 23 1  F        49045.70
DP   2  16 00 0  F        16181.83
DP   2  16 00 1  F        15594.66
DP   2  16 01 0  F        15059.69
DP   2  16 01 1  F        14615.77
DP   2  16 02 0  F        14248.27
DP   2  16 02 1  F        13935.71
DP   2  16 03 0  F        13682.62
DP   2  16 03 1  F        13494.09
DP   2  16 04 0  F        13351.32
DP   2  16 04 1  F        13244.77
DP   2  16 05 0  F        13225.80
DP   2  16 05 1  F        13329.34
DP   2  16 06 0  F        13463.67
DP   2  16 06 1  F        13578.07
DP   2  16 07 0  F        13912.57
DP   2  16 07 1  F        14675.75
DP   2  16 08 0  F        15659.74
DP   2  16 08 1  F        16583.46
DP   2  16 09 0  F        17289.45
DP   2  16 09 1  F        17710.30
DP   2  16 10 0  F        18015.45
DP   2  16 10 1  F        18380.84
DP   2  16 11 0  F        18771.78
DP   2  16 11 1  F        19071.48
DP   2  16 12 0  F        19045.44
DP   2  16 12 1  F        18609.66
DP   2  16 13 0  F        18399.83
DP   2  16 13 1  F        18964.54
DP   2  16 14 0  F        19784.14
DP   2  16 14 1  F        20234.25
DP   2  16 15 0  F        20339.81
DP   2  16 15 1  F        20271.25
DP   2  16 16 0  F        20131.73
DP   2  16 16 1  F        19972.37
DP   2  16 17 0  F        19703.43
DP   2  16 17 1  F        19211.37
DP   2  16 18 0  F        18428.21
DP   2  16 18 1  F        17415.20
DP   2  16 19 0  F        16704.97
DP   2  16 19 1  F        16738.97
DP   2  16 20 0  F        17122.39
DP   2  16 20 1  F        17374.69
DP   2  16 21 0  F        17508.30
DP   2  16 21 1  F        17619.98
DP   2  16 22 0  F        17650.70
DP   2  16 22 1  F        17533.71
DP   2  16 23 0  F        17327.24
DP   2  16 23 1  F        17120.78
DP   3  16 00 0  F        13963.68
DP   3  16 00 1  F        13720.24
DP   3  16 01 0  F        13486.26
DP   3  16 01 1  F        13271.07
DP   3  16 02 0  F        13083.45
DP   3  16 02 1  F        12927.86
DP   3  16 03 0  F        12791.87
DP   3  16 03 1  F        12667.78
DP   3  16 04 0  F        12583.71
DP   3  16 04 1  F        12545.84
DP   3  16 05 0  F        12436.79
DP   3  16 05 1  F        12161.42
DP   3  16 06 0  F        11837.13
DP   3  16 06 1  F        11619.26
DP   3  16 07 0  F        11602.34
DP   3  16 07 1  F        11836.30
DP   3  16 08 0  F        12253.21
DP   3  16 08 1  F        12749.01
DP   3  16 09 0  F        13193.00
DP   3  16 09 1  F        13484.85
DP   3  16 10 0  F        13672.42
DP   3  16 10 1  F        13825.92
DP   3  16 11 0  F        13956.83
DP   3  16 11 1  F        14050.06
DP   3  16 12 0  F        14043.09
DP   3  16 12 1  F        13909.93
DP   3  16 13 0  F        13818.10
DP   3  16 13 1  F        13923.72
DP   3  16 14 0  F        14143.83
DP   3  16 14 1  F        14352.20
DP   3  16 15 0  F        14488.68
DP   3  16 15 1  F        14523.77
DP   3  16 16 0  F        14484.51
DP   3  16 16 1  F        14382.35
DP   3  16 17 0  F        14109.75
DP   3  16 17 1  F        13618.41
DP   3  16 18 0  F        13215.98
DP   3  16 18 1  F        13185.09
DP   3  16 19 0  F        13352.35
DP   3  16 19 1  F        13477.88
DP   3  16 20 0  F        13511.84
DP   3  16 20 1  F        13482.95
DP   3  16 21 0  F        13544.24
DP   3  16 21 1  F        13807.97
DP   3  16 22 0  F        14098.93
DP   3  16 22 1  F        14229.57
DP   3  16 23 0  F        14250.30
DP   3  16 23 1  F        14271.04
DP   4  16 00 0  F        7747.65
DP   4  16 00 1  F        7703.01
DP   4  16 01 0  F        7643.26
DP   4  16 01 1  F        7560.60
DP   4  16 02 0  F        7476.30
DP   4  16 02 1  F        7408.87
DP   4  16 03 0  F        7336.64
DP   4  16 03 1  F        7240.15
DP   4  16 04 0  F        7148.98
DP   4  16 04 1  F        7094.18
DP   4  16 05 0  F        7063.77
DP   4  16 05 1  F        7031.52
DP   4  16 06 0  F        6957.51
DP   4  16 06 1  F        6821.17
DP   4  16 07 0  F        6693.03
DP   4  16 07 1  F        6653.37
DP   4  16 08 0  F        6730.27
DP   4  16 08 1  F        6920.04
DP   4  16 09 0  F        7144.09
DP   4  16 09 1  F        7324.04
DP   4  16 10 0  F        7457.35
DP   4  16 10 1  F        7557.55
DP   4  16 11 0  F        7626.89
DP   4  16 11 1  F        7661.57
DP   4  16 12 0  F        7645.17
DP   4  16 12 1  F        7579.04
DP   4  16 13 0  F        7548.36
DP   4  16 13 1  F        7630.30
DP   4  16 14 0  F        7786.16
DP   4  16 14 1  F        7952.12
DP   4  16 15 0  F        8079.90
DP   4  16 15 1  F        8136.80
DP   4  16 16 0  F        8137.02
DP   4  16 16 1  F        8098.34
DP   4  16 17 0  F        8005.85
DP   4  16 17 1  F        7845.74
DP   4  16 18 0  F        7641.26
DP   4  16 18 1  F        7439.96
DP   4  16 19 0  F        7349.64
DP   4  16 19 1  F        7443.50
DP   4  16 20 0  F        7596.02
DP   4  16 20 1  F        7673.94
DP   4  16 21 0  F        7711.97
DP   4  16 21 1  F        7769.52
DP   4  16 22 0  F        7837.16
DP   4  16 22 1  F        7894.05
DP   4  16 23 0  F        7942.65
DP   4  16 23 1  F        7991.26
DP   1  17 00 0  F        48212.03
DP   1  17 00 1  F        46791.35
DP   1  17 01 0  F        45462.17
DP   1  17 01 1  F        44301.79
DP   1  17 02 0  F        43330.76
DP   1  17 02 1  F        42548.58
DP   1  17 03 0  F        41927.39
DP   1  17 03 1  F        41442.52
DP   1  17 04 0  F        41109.51
DP   1  17 04 1  F        40943.52
DP   1  17 05 0  F        40917.98
DP   1  17 05 1  F        40996.63
DP   1  17 06 0  F        41146.28
DP   1  17 06 1  F        41408.90
DP   1  17 07 0  F        42124.18
DP   1  17 07 1  F        43562.56
DP   1  17 08 0  F        45419.78
DP   1  17 08 1  F        47287.08
DP   1  17 09 0  F        48912.18
DP   1  17 09 1  F        50151.05
DP   1  17 10 0  F        51136.05
DP   1  17 10 1  F        52005.57
DP   1  17 11 0  F        52645.81
DP   1  17 11 1  F        52929.84
DP   1  17 12 0  F        52930.55
DP   1  17 12 1  F        52822.25
DP   1  17 13 0  F        52985.00
DP   1  17 13 1  F        53688.51
DP   1  17 14 0  F        54555.19
DP   1  17 14 1  F        55148.20
DP   1  17 15 0  F        55441.13
DP   1  17 15 1  F        55515.68
DP   1  17 16 0  F        55475.52
DP   1  17 16 1  F        55322.57
DP   1  17 17 0  F        54629.75
DP   1  17 17 1  F        53088.15
DP   1  17 18 0  F        51290.64
DP   1  17 18 1  F        49996.39
DP   1  17 19 0  F        49728.10
DP   1  17 19 1  F        50663.64
DP   1  17 20 0  F        51838.20
DP   1  17 20 1  F        52301.66
DP   1  17 21 0  F        52305.64
DP   1  17 21 1  F        52263.78
DP   1  17 22 0  F        52036.29
DP   1  17 22 1  F        51430.01
DP   1  17 23 0  F        50591.84
DP   1  17 23 1  F        49753.66
DP   2  17 00 0  F        15681.44
DP   2  17 00 1  F        15080.65
DP   2  17 01 0  F        14547.99
DP   2  17 01 1  F        14130.85
DP   2  17 02 0  F        13793.66
DP   2  17 02 1  F        13493.67
DP   2  17 03 0  F        13242.30
DP   2  17 03 1  F        13057.34
DP   2  17 04 0  F        12927.98
DP   2  17 04 1  F        12846.42
DP   2  17 05 0  F        12845.48
DP   2  17 05 1  F        12945.41
DP   2  17 06 0  F        13075.70
DP   2  17 06 1  F        13202.47
DP   2  17 07 0  F        13529.19
DP   2  17 07 1  F        14230.47
DP   2  17 08 0  F        15128.04
DP   2  17 08 1  F        15974.51
DP   2  17 09 0  F        16598.95
DP   2  17 09 1  F        16915.58
DP   2  17 10 0  F        17102.90
DP   2  17 10 1  F        17349.56
DP   2  17 11 0  F        17620.55
DP   2  17 11 1  F        17800.12
DP   2  17 12 0  F        17673.03
DP   2  17 12 1  F        17160.01
DP   2  17 13 0  F        16825.02
DP   2  17 13 1  F        17164.43
DP   2  17 14 0  F        17761.25
DP   2  17 14 1  F        18095.69
DP   2  17 15 0  F        18150.29
DP   2  17 15 1  F        18035.86
DP   2  17 16 0  F        17873.93
DP   2  17 16 1  F        17747.35
DP   2  17 17 0  F        17573.43
DP   2  17 17 1  F        17240.97
DP   2  17 18 0  F        16690.39
DP   2  17 18 1  F        15965.13
DP   2  17 19 0  F        15469.09
DP   2  17 19 1  F        15533.82
DP   2  17 20 0  F        15840.98
DP   2  17 20 1  F        16007.07
DP   2  17 21 0  F        16037.91
DP   2  17 21 1  F        16012.53
DP   2  17 22 0  F        15913.61
DP   2  17 22 1  F        15716.20
DP   2  17 23 0  F        15461.30
DP   2  17 23 1  F        15206.41
DP   3  17 00 0  F        13561.15
DP   3  17 00 1  F        13323.85
DP   3  17 01 0  F        13100.59
DP   3  17 01 1  F        12902.76
DP   3  17 02 0  F        12731.20
DP   3  17 02 1  F        12582.59
DP   3  17 03 0  F        12447.35
DP   3  17 03 1  F        12321.54
DP   3  17 04 0  F        12229.83
DP   3  17 04 1  F        12179.29
DP   3  17 05 0  F        12077.95
DP   3  17 05 1  F        11846.88
DP   3  17 06 0  F        11558.30
DP   3  17 06 1  F        11326.60
DP   3  17 07 0  F        11283.87
DP   3  17 07 1  F        11517.73
DP   3  17 08 0  F        11920.51
DP   3  17 08 1  F        12350.40
DP   3  17 09 0  F        12724.40
DP   3  17 09 1  F        12991.61
DP   3  17 10 0  F        13170.80
DP   3  17 10 1  F        13296.26
DP   3  17 11 0  F        13394.66
DP   3  17 11 1  F        13473.67
DP   3  17 12 0  F        13472.41
DP   3  17 12 1  F        13356.84
DP   3  17 13 0  F        13268.77
DP   3  17 13 1  F        13345.98
DP   3  17 14 0  F        13534.16
DP   3  17 14 1  F        13735.33
DP   3  17 15 0  F        13868.93
DP   3  17 15 1  F        13883.48
DP   3  17 16 0  F        13826.41
DP   3  17 16 1  F        13734.97
DP   3  17 17 0  F        13506.79
DP   3  17 17 1  F        13087.56
DP   3  17 18 0  F        12754.58
DP   3  17 18 1  F        12763.77
DP   3  17 19 0  F        12953.87
DP   3  17 19 1  F        13102.10
DP   3  17 20 0  F        13157.06
DP   3  17 20 1  F        13141.05
DP   3  17 21 0  F        13200.08
DP   3  17 21 1  F        13442.87
DP   3  17 22 0  F        13705.41
DP   3  17 22 1  F        13811.92
DP   3  17 23 0  F        13812.21
DP   3  17 23 1  F        13812.50
DP   4  17 00 0  F        7704.44
DP   4  17 00 1  F        7654.48
DP   4  17 01 0  F        7594.84
DP   4  17 01 1  F        7519.71
DP   4  17 02 0  F        7438.72
DP   4  17 02 1  F        7362.14
DP   4  17 03 0  F        7287.37
DP   4  17 03 1  F        7211.06
DP   4  17 04 0  F        7139.65
DP   4  17 04 1  F        7081.49
DP   4  17 05 0  F        7042.60
DP   4  17 05 1  F        7017.89
DP   4  17 06 0  F        6960.11
DP   4  17 06 1  F        6835.50
DP   4  17 07 0  F        6706.59
DP   4  17 07 1  F        6648.64
DP   4  17 08 0  F        6691.46
DP   4  17 08 1  F        6837.06
DP   4  17 09 0  F        7021.75
DP   4  17 09 1  F        7178.03
DP   4  17 10 0  F        7288.73
DP   4  17 10 1  F        7355.34
DP   4  17 11 0  F        7403.50
DP   4  17 11 1  F        7450.38
DP   4  17 12 0  F        7455.04
DP   4  17 12 1  F        7390.91
DP   4  17 13 0  F        7346.78
DP   4  17 13 1  F        7409.07
DP   4  17 14 0  F        7539.21
DP   4  17 14 1  F        7673.55
DP   4  17 15 0  F        7772.96
DP   4  17 15 1  F        7813.23
DP   4  17 16 0  F        7805.18
DP   4  17 16 1  F        7761.56
DP   4  17 17 0  F        7667.92
DP   4  17 17 1  F        7514.75
DP   4  17 18 0  F        7339.42
DP   4  17 18 1  F        7194.24
DP   4  17 19 0  F        7144.04
DP   4  17 19 1  F        7225.77
DP   4  17 20 0  F        7352.21
DP   4  17 20 1  F        7432.54
DP   4  17 21 0  F        7485.76
DP   4  17 21 1  F        7548.08
DP   4  17 22 0  F        7614.79
DP   4  17 22 1  F        7674.31
DP   4  17 23 0  F        7728.55
DP   4  17 23 1  F        7782.79
DP   1  18 00 0  F        48080.98
DP   1  18 00 1  F        46678.71
DP   1  18 01 0  F        45376.71
DP   1  18 01 1  F        44254.89
DP   1  18 02 0  F        43311.76
DP   1  18 02 1  F        42526.35
DP   1  18 03 0  F        41881.31
DP   1  18 03 1  F        41370.27
DP   1  18 04 0  F        41027.26
DP   1  18 04 1  F        40879.55
DP   1  18 05 0  F        40886.98
DP   1  18 05 1  F        40990.03
DP   1  18 06 0  F        41119.34
DP   1  18 06 1  F        41294.72
DP   1  18 07 0  F        41902.70
DP   1  18 07 1  F        43256.40
DP   1  18 08 0  F        45008.63
DP   1  18 08 1  F        46708.59
DP   1  18 09 0  F        48151.11
DP   1  18 09 1  F        49244.41
DP   1  18 10 0  F        50104.66
DP   1  18 10 1  F        50849.65
DP   1  18 11 0  F        51395.88
DP   1  18 11 1  F        51641.92
DP   1  18 12 0  F        51615.83
DP   1  18 12 1  F        51441.26
DP   1  18 13 0  F        51494.65
DP   1  18 13 1  F        52059.91
DP   1  18 14 0  F        52798.13
DP   1  18 14 1  F        53307.66
DP   1  18 15 0  F        53558.75
DP   1  18 15 1  F        53617.50
DP   1  18 16 0  F        53561.62
DP   1  18 16 1  F        53389.05
DP   1  18 17 0  F        52767.38
DP   1  18 17 1  F        51461.32
DP   1  18 18 0  F        49954.67
DP   1  18 18 1  F        48877.76
DP   1  18 19 0  F        48727.95
DP   1  18 19 1  F        49688.97
DP   1  18 20 0  F        50823.12
DP   1  18 20 1  F        51215.42
DP   1  18 21 0  F        51163.20
DP   1  18 21 1  F        51109.96
DP   1  18 22 0  F        50871.45
DP   1  18 22 1  F        50207.25
DP   1  18 23 0  F        49279.84
DP   1  18 23 1  F        48352.44
DP   2  18 00 0  F        14358.33
DP   2  18 00 1  F        13827.77
DP   2  18 01 0  F        13346.95
DP   2  18 01 1  F        12953.71
DP   2  18 02 0  F        12638.36
DP   2  18 02 1  F        12383.04
DP   2  18 03 0  F        12184.81
DP   2  18 03 1  F        12042.18
DP   2  18 04 0  F        11944.56
DP   2  18 04 1  F        11889.90
DP   2  18 05 0  F        11919.28
DP   2  18 05 1  F        12057.77
DP   2  18 06 0  F        12223.02
DP   2  18 06 1  F        12370.64
DP   2  18 07 0  F        12715.31
DP   2  18 07 1  F        13437.82
DP   2  18 08 0  F        14324.21
DP   2  18 08 1  F        15099.99
DP   2  18 09 0  F        15643.12
DP   2  18 09 1  F        15920.44
DP   2  18 10 0  F        16101.82
DP   2  18 10 1  F        16356.35
DP   2  18 11 0  F        16646.87
DP   2  18 11 1  F        16859.22
DP   2  18 12 0  F        16777.55
DP   2  18 12 1  F        16316.99
DP   2  18 13 0  F        16018.53
DP   2  18 13 1  F        16364.34
DP   2  18 14 0  F        16975.36
DP   2  18 14 1  F        17367.77
DP   2  18 15 0  F        17499.88
DP   2  18 15 1  F        17454.29
DP   2  18 16 0  F        17368.91
DP   2  18 16 1  F        17342.27
DP   2  18 17 0  F        17260.34
DP   2  18 17 1  F        16980.13
DP   2  18 18 0  F        16455.52
DP   2  18 18 1  F        15754.30
DP   2  18 19 0  F        15302.97
DP   2  18 19 1  F        15443.09
DP   2  18 20 0  F        15817.75
DP   2  18 20 1  F        16007.72
DP   2  18 21 0  F        16042.88
DP   2  18 21 1  F        16031.02
DP   2  18 22 0  F        15942.51
DP   2  18 22 1  F        15735.72
DP   2  18 23 0  F        15458.59
DP   2  18 23 1  F        15181.46
DP   3  18 00 0  F        13632.84
DP   3  18 00 1  F        13382.22
DP   3  18 01 0  F        13151.11
DP   3  18 01 1  F        12954.27
DP   3  18 02 0  F        12787.40
DP   3  18 02 1  F        12641.48
DP   3  18 03 0  F        12507.77
DP   3  18 03 1  F        12384.59
DP   3  18 04 0  F        12298.26
DP   3  18 04 1  F        12255.08
DP   3  18 05 0  F        12153.47
DP   3  18 05 1  F        11907.76
DP   3  18 06 0  F        11603.94
DP   3  18 06 1  F        11369.65
DP   3  18 07 0  F        11327.48
DP   3  18 07 1  F        11553.02
DP   3  18 08 0  F        11938.94
DP   3  18 08 1  F        12347.88
DP   3  18 09 0  F        12705.12
DP   3  18 09 1  F        12966.21
DP   3  18 10 0  F        13145.23
DP   3  18 10 1  F        13270.09
DP   3  18 11 0  F        13365.41
DP   3  18 11 1  F        13438.68
DP   3  18 12 0  F        13431.96
DP   3  18 12 1  F        13315.19
DP   3  18 13 0  F        13235.17
DP   3  18 13 1  F        13330.28
DP   3  18 14 0  F        13528.36
DP   3  18 14 1  F        13717.58
DP   3  18 15 0  F        13837.93
DP   3  18 15 1  F        13858.21
DP   3  18 16 0  F        13810.62
DP   3  18 16 1  F        13714.69
DP   3  18 17 0  F        13475.98
DP   3  18 17 1  F        13054.01
DP   3  18 18 0  F        12737.97
DP   3  18 18 1  F        12786.82
DP   3  18 19 0  F        13008.74
DP   3  18 19 1  F        13153.35
DP   3  18 20 0  F        13186.74
DP   3  18 20 1  F        13155.35
DP   3  18 21 0  F        13210.32
DP   3  18 21 1  F        13459.38
DP   3  18 22 0  F        13731.91
DP   3  18 22 1  F        13845.80
DP   3  18 23 0  F        13851.32
DP   3  18 23 1  F        13856.84
DP   4  18 00 0  F        7591.72
DP   4  18 00 1  F        7540.92
DP   4  18 01 0  F        7478.18
DP   4  18 01 1  F        7397.74
DP   4  18 02 0  F        7318.51
DP   4  18 02 1  F        7257.26
DP   4  18 03 0  F        7197.43
DP   4  18 03 1  F        7121.49
DP   4  18 04 0  F        7041.11
DP   4  18 04 1  F        6973.84
DP   4  18 05 0  F        6931.37
DP   4  18 05 1  F        6910.86
DP   4  18 06 0  F        6857.12
DP   4  18 06 1  F        6730.43
DP   4  18 07 0  F        6605.14
DP   4  18 07 1  F        6565.92
DP   4  18 08 0  F        6624.43
DP   4  18 08 1  F        6764.55
DP   4  18 09 0  F        6931.86
DP   4  18 09 1  F        7071.98
DP   4  18 10 0  F        7168.99
DP   4  18 10 1  F        7222.12
DP   4  18 11 0  F        7252.80
DP   4  18 11 1  F        7277.38
DP   4  18 12 0  F        7269.65
DP   4  18 12 1  F        7214.54
DP   4  18 13 0  F        7183.77
DP   4  18 13 1  F        7246.60
DP   4  18 14 0  F        7375.49
DP   4  18 14 1  F        7519.07
DP   4  18 15 0  F        7627.52
DP   4  18 15 1  F        7665.75
DP   4  18 16 0  F        7656.13
DP   4  18 16 1  F        7623.73
DP   4  18 17 0  F        7547.22
DP   4  18 17 1  F        7408.11
DP   4  18 18 0  F        7245.73
DP   4  18 18 1  F        7114.97
DP   4  18 19 0  F        7075.08
DP   4  18 19 1  F        7156.63
DP   4  18 20 0  F        7270.99
DP   4  18 20 1  F        7329.55
DP   4  18 21 0  F        7362.88
DP   4  18 21 1  F        7418.27
DP   4  18 22 0  F        7490.70
DP   4  18 22 1  F        7565.18
DP   4  18 23 0  F        7639.13
DP   4  18 23 1  F        7713.09
DP   1  19 00 0  F        47197.51
DP   1  19 00 1  F        45836.50
DP   1  19 01 0  F        44577.23
DP   1  19 01 1  F        43497.90
DP   1  19 02 0  F        42582.35
DP   1  19 02 1  F        41801.41
DP   1  19 03 0  F        41168.06
DP   1  19 03 1  F        40701.39
DP   1  19 04 0  F        40402.71
DP   1  19 04 1  F        40262.40
DP   1  19 05 0  F        40244.87
DP   1  19 05 1  F        40311.52
DP   1  19 06 0  F        40437.87
DP   1  19 06 1  F        40669.07
DP   1  19 07 0  F        41314.86
DP   1  19 07 1  F        42622.16
DP   1  19 08 0  F        44322.14
DP   1  19 08 1  F        46041.48
DP   1  19 09 0  F        47504.85
DP   1  19 09 1  F        48543.50
DP   1  19 10 0  F        49317.17
DP   1  19 10 1  F        49999.12
DP   1  19 11 0  F        50488.17
DP   1  19 11 1  F        50658.19
DP   1  19 12 0  F        50557.61
DP   1  19 12 1  F        50331.81
DP   1  19 13 0  F        50339.39
DP   1  19 13 1  F        50842.69
DP   1  19 14 0  F        51505.99
DP   1  19 14 1  F        51939.61
DP   1  19 15 0  F        52136.01
DP   1  19 15 1  F        52161.10
DP   1  19 16 0  F        51992.37
DP   1  19 16 1  F        51571.65
DP   1  19 17 0  F        50786.74
DP   1  19 17 1  F        49601.91
DP   1  19 18 0  F        48341.55
DP   1  19 18 1  F        47440.69
DP   1  19 19 0  F        47416.89
DP   1  19 19 1  F        48496.08
DP   1  19 20 0  F        49655.05
DP   1  19 20 1  F        49904.02
DP   1  19 21 0  F        49636.00
DP   1  19 21 1  F        49413.39
DP   1  19 22 0  F        49093.33
DP   1  19 22 1  F        48444.58
DP   1  19 23 0  F        47587.52
DP   1  19 23 1  F        46730.47
DP   2  19 00 0  F        14593.07
DP   2  19 00 1  F        14043.48
DP   2  19 01 0  F        13555.16
DP   2  19 01 1  F        13171.56
DP   2  19 02 0  F        12864.97
DP   2  19 02 1  F        12600.96
DP   2  19 03 0  F        12389.38
DP   2  19 03 1  F        12243.09
DP   2  19 04 0  F        12142.70
DP   2  19 04 1  F        12076.46
DP   2  19 05 0  F        12095.63
DP   2  19 05 1  F        12237.60
DP   2  19 06 0  F        12421.45
DP   2  19 06 1  F        12599.48
DP   2  19 07 0  F        12975.20
DP   2  19 07 1  F        13718.90
DP   2  19 08 0  F        14616.79
DP   2  19 08 1  F        15400.74
DP   2  19 09 0  F        15969.52
DP   2  19 09 1  F        16302.68
DP   2  19 10 0  F        16536.01
DP   2  19 10 1  F        16806.67
DP   2  19 11 0  F        17101.23
DP   2  19 11 1  F        17331.42
DP   2  19 12 0  F        17260.54
DP   2  19 12 1  F        16785.76
DP   2  19 13 0  F        16488.36
DP   2  19 13 1  F        16886.89
DP   2  19 14 0  F        17564.89
DP   2  19 14 1  F        17996.68
DP   2  19 15 0  F        18154.83
DP   2  19 15 1  F        18136.48
DP   2  19 16 0  F        18038.88
DP   2  19 16 1  F        17927.33
DP   2  19 17 0  F        17739.23
DP   2  19 17 1  F        17387.74
DP   2  19 18 0  F        16817.00
DP   2  19 18 1  F        16074.04
DP   2  19 19 0  F        15586.50
DP   2  19 19 1  F        15700.08
DP   2  19 20 0  F        16052.07
DP   2  19 20 1  F        16218.96
DP   2  19 21 0  F        16242.40
DP   2  19 21 1  F        16242.84
DP   2  19 22 0  F        16190.85
DP   2  19 22 1  F        16040.64
DP   2  19 23 0  F        15830.76
DP   2  19 23 1  F        15620.87
DP   3  19 00 0  F        13579.13
DP   3  19 00 1  F        13328.27
DP   3  19 01 0  F        13098.51
DP   3  19 01 1  F        12905.87
DP   3  19 02 0  F        12745.87
DP   3  19 02 1  F        12608.32
DP   3  19 03 0  F        12480.50
DP   3  19 03 1  F        12356.55
DP   3  19 04 0  F        12260.68
DP   3  19 04 1  F        12201.47
DP   3  19 05 0  F        12094.95
DP   3  19 05 1  F        11867.23
DP   3  19 06 0  F        11577.29
DP   3  19 06 1  F        11326.65
DP   3  19 07 0  F        11254.11
DP   3  19 07 1  F        11456.93
DP   3  19 08 0  F        11828.99
DP   3  19 08 1  F        12227.89
DP   3  19 09 0  F        12569.48
DP   3  19 09 1  F        12803.71
DP   3  19 10 0  F        12958.80
DP   3  19 10 1  F        13076.41
DP   3  19 11 0  F        13173.88
DP   3  19 11 1  F        13248.53
DP   3  19 12 0  F        13242.00
DP   3  19 12 1  F        13124.52
DP   3  19 13 0  F        13036.25
DP   3  19 13 1  F        13111.05
DP   3  19 14 0  F        13287.49
DP   3  19 14 1  F        13464.26
DP   3  19 15 0  F        13575.78
DP   3  19 15 1  F        13583.85
DP   3  19 16 0  F        13524.23
DP   3  19 16 1  F        13423.56
DP   3  19 17 0  F        13198.31
DP   3  19 17 1  F        12814.15
DP   3  19 18 0  F        12543.78
DP   3  19 18 1  F        12627.75
DP   3  19 19 0  F        12870.95
DP   3  19 19 1  F        13023.57
DP   3  19 20 0  F        13052.66
DP   3  19 20 1  F        13007.09
DP   3  19 21 0  F        13046.26
DP   3  19 21 1  F        13285.08
DP   3  19 22 0  F        13549.75
DP   3  19 22 1  F        13653.67
DP   3  19 23 0  F        13647.56
DP   3  19 23 1  F        13641.44
DP   4  19 00 0  F        7439.16
DP   4  19 00 1  F        7405.33
DP   4  19 01 0  F        7355.42
DP   4  19 01 1  F        7281.09
DP   4  19 02 0  F        7205.02
DP   4  19 02 1  F        7148.20
DP   4  19 03 0  F        7093.91
DP   4  19 03 1  F        7023.09
DP   4  19 04 0  F        6945.04
DP   4  19 04 1  F        6875.99
DP   4  19 05 0  F        6831.45
DP   4  19 05 1  F        6813.31
DP   4  19 06 0  F        6769.71
DP   4  19 06 1  F        6660.04
DP   4  19 07 0  F        6542.61
DP   4  19 07 1  F        6488.98
DP   4  19 08 0  F        6524.64
DP   4  19 08 1  F        6649.34
DP   4  19 09 0  F        6805.64
DP   4  19 09 1  F        6933.12
DP   4  19 10 0  F        7016.51
DP   4  19 10 1  F        7058.03
DP   4  19 11 0  F        7084.89
DP   4  19 11 1  F        7116.95
DP   4  19 12 0  F        7119.89
DP   4  19 12 1  F        7068.73
DP   4  19 13 0  F        7030.03
DP   4  19 13 1  F        7072.01
DP   4  19 14 0  F        7177.86
DP   4  19 14 1  F        7308.63
DP   4  19 15 0  F        7421.81
DP   4  19 15 1  F        7483.71
DP   4  19 16 0  F        7499.45
DP   4  19 16 1  F        7478.73
DP   4  19 17 0  F        7410.70
DP   4  19 17 1  F        7289.20
DP   4  19 18 0  F        7147.51
DP   4  19 18 1  F        7032.14
DP   4  19 19 0  F        7003.39
DP   4  19 19 1  F        7093.48
DP   4  19 20 0  F        7208.52
DP   4  19 20 1  F        7256.01
DP   4  19 21 0  F        7275.09
DP   4  19 21 1  F        7320.96
DP   4  19 22 0  F        7381.68
DP   4  19 22 1  F        7434.41
DP   4  19 23 0  F        7480.18
DP   4  19 23 1  F        7525.94
DP   1  20 00 0  F        46398.09
DP   1  20 00 1  F        45135.07
DP   1  20 01 0  F        43956.09
DP   1  20 01 1  F        42926.40
DP   1  20 02 0  F        42036.05
DP   1  20 02 1  F        41263.84
DP   1  20 03 0  F        40618.62
DP   1  20 03 1  F        40115.22
DP   1  20 04 0  F        39762.10
DP   1  20 04 1  F        39546.46
DP   1  20 05 0  F        39376.63
DP   1  20 05 1  F        39159.22
DP   1  20 06 0  F        38872.77
DP   1  20 06 1  F        38589.62
DP   1  20 07 0  F        38685.21
DP   1  20 07 1  F        39464.96
DP   1  20 08 0  F        40650.95
DP   1  20 08 1  F        41875.22
DP   1  20 09 0  F        42992.91
DP   1  20 09 1  F        43932.84
DP   1  20 10 0  F        44695.45
DP   1  20 10 1  F        45292.01
DP   1  20 11 0  F        45705.52
DP   1  20 11 1  F        45930.02
DP   1  20 12 0  F        46031.87
DP   1  20 12 1  F        46090.57
DP   1  20 13 0  F        46165.91
DP   1  20 13 1  F        46290.53
DP   1  20 14 0  F        46408.37
DP   1  20 14 1  F        46459.72
DP   1  20 15 0  F        46459.07
DP   1  20 15 1  F        46435.54
DP   1  20 16 0  F        46402.62
DP   1  20 16 1  F        46347.24
DP   1  20 17 0  F        46165.72
DP   1  20 17 1  F        45802.28
DP   1  20 18 0  F        45483.38
DP   1  20 18 1  F        45504.45
DP   1  20 19 0  F        46154.74
DP   1  20 19 1  F        47494.74
DP   1  20 20 0  F        48676.12
DP   1  20 20 1  F        48908.61
DP   1  20 21 0  F        48543.09
DP   1  20 21 1  F        48084.15
DP   1  20 22 0  F        47510.35
DP   1  20 22 1  F        46716.50
DP   1  20 23 0  F        45788.71
DP   1  20 23 1  F        44860.93
DP   2  20 00 0  F        14611.93
DP   2  20 00 1  F        14086.93
DP   2  20 01 0  F        13607.03
DP   2  20 01 1  F        13205.67
DP   2  20 02 0  F        12869.68
DP   2  20 02 1  F        12581.17
DP   2  20 03 0  F        12350.10
DP   2  20 03 1  F        12184.54
DP   2  20 04 0  F        12057.25
DP   2  20 04 1  F        11948.32
DP   2  20 05 0  F        11902.69
DP   2  20 05 1  F        11948.85
DP   2  20 06 0  F        11984.68
DP   2  20 06 1  F        11946.72
DP   2  20 07 0  F        12056.73
DP   2  20 07 1  F        12514.48
DP   2  20 08 0  F        13146.67
DP   2  20 08 1  F        13722.19
DP   2  20 09 0  F        14151.88
DP   2  20 09 1  F        14410.29
DP   2  20 10 0  F        14584.81
DP   2  20 10 1  F        14768.92
DP   2  20 11 0  F        14967.71
DP   2  20 11 1  F        15137.86
DP   2  20 12 0  F        15130.82
DP   2  20 12 1  F        14867.76
DP   2  20 13 0  F        14653.84
DP   2  20 13 1  F        14770.36
DP   2  20 14 0  F        15019.05
DP   2  20 14 1  F        15141.19
DP   2  20 15 0  F        15115.80
DP   2  20 15 1  F        14994.20
DP   2  20 16 0  F        14879.14
DP   2  20 16 1  F        14852.73
DP   2  20 17 0  F        14862.99
DP   2  20 17 1  F        14828.17
DP   2  20 18 0  F        14681.48
DP   2  20 18 1  F        14426.22
DP   2  20 19 0  F        14331.17
DP   2  20 19 1  F        14606.25
DP   2  20 20 0  F        14960.40
DP   2  20 20 1  F        15068.63
DP   2  20 21 0  F        14971.14
DP   2  20 21 1  F        14778.31
DP   2  20 22 0  F        14515.91
DP   2  20 22 1  F        14193.19
DP   2  20 23 0  F        13838.00
DP   2  20 23 1  F        13482.81
DP   3  20 00 0  F        13384.71
DP   3  20 00 1  F        13175.20
DP   3  20 01 0  F        12975.35
DP   3  20 01 1  F        12794.89
DP   3  20 02 0  F        12643.97
DP   3  20 02 1  F        12525.76
DP   3  20 03 0  F        12414.98
DP   3  20 03 1  F        12292.32
DP   3  20 04 0  F        12190.85
DP   3  20 04 1  F        12128.08
DP   3  20 05 0  F        12007.15
DP   3  20 05 1  F        11740.98
DP   3  20 06 0  F        11396.16
DP   3  20 06 1  F        11079.91
DP   3  20 07 0  F        10908.39
DP   3  20 07 1  F        10957.37
DP   3  20 08 0  F        11132.14
DP   3  20 08 1  F        11313.69
DP   3  20 09 0  F        11456.46
DP   3  20 09 1  F        11544.63
DP   3  20 10 0  F        11607.91
DP   3  20 10 1  F        11678.67
DP   3  20 11 0  F        11754.53
DP   3  20 11 1  F        11819.26
DP   3  20 12 0  F        11836.13
DP   3  20 12 1  F        11785.94
DP   3  20 13 0  F        11739.94
DP   3  20 13 1  F        11764.87
DP   3  20 14 0  F        11819.07
DP   3  20 14 1  F        11848.08
DP   3  20 15 0  F        11854.68
DP   3  20 15 1  F        11851.51
DP   3  20 16 0  F        11833.37
DP   3  20 16 1  F        11792.67
DP   3  20 17 0  F        11730.06
DP   3  20 17 1  F        11686.67
DP   3  20 18 0  F        11857.16
DP   3  20 18 1  F        12366.46
DP   3  20 19 0  F        12906.89
DP   3  20 19 1  F        13159.44
DP   3  20 20 0  F        13192.27
DP   3  20 20 1  F        13153.97
DP   3  20 21 0  F        13127.74
DP   3  20 21 1  F        13157.08
DP   3  20 22 0  F        13192.01
DP   3  20 22 1  F        13177.07
DP   3  20 23 0  F        13128.27
DP   3  20 23 1  F        13079.46
DP   4  20 00 0  F        7381.19
DP   4  20 00 1  F        7358.87
DP   4  20 01 0  F        7323.68
DP   4  20 01 1  F        7267.49
DP   4  20 02 0  F        7201.16
DP   4  20 02 1  F        7136.72
DP   4  20 03 0  F        7071.95
DP   4  20 03 1  F        7003.12
DP   4  20 04 0  F        6934.75
DP   4  20 04 1  F        6874.50
DP   4  20 05 0  F        6834.28
DP   4  20 05 1  F        6813.85
DP   4  20 06 0  F        6760.01
DP   4  20 06 1  F        6632.26
DP   4  20 07 0  F        6493.82
DP   4  20 07 1  F        6417.96
DP   4  20 08 0  F        6414.45
DP   4  20 08 1  F        6471.28
DP   4  20 09 0  F        6552.86
DP   4  20 09 1  F        6625.42
DP   4  20 10 0  F        6686.14
DP   4  20 10 1  F        6738.22
DP   4  20 11 0  F        6778.18
DP   4  20 11 1  F        6799.68
DP   4  20 12 0  F        6791.68
DP   4  20 12 1  F        6753.44
DP   4  20 13 0  F        6729.96
DP   4  20 13 1  F        6763.63
DP   4  20 14 0  F        6840.64
DP   4  20 14 1  F        6932.01
DP   4  20 15 0  F        7004.33
DP   4  20 15 1  F        7032.77
DP   4  20 16 0  F        7031.30
DP   4  20 16 1  F        7016.11
DP   4  20 17 0  F        6973.63
DP   4  20 17 1  F        6897.30
DP   4  20 18 0  F        6838.60
DP   4  20 18 1  F        6852.26
DP   4  20 19 0  F        6948.01
DP   4  20 19 1  F        7107.80
DP   4  20 20 0  F        7247.54
DP   4  20 20 1  F        7295.48
DP   4  20 21 0  F        7295.35
DP   4  20 21 1  F        7305.86
DP   4  20 22 0  F        7330.03
DP   4  20 22 1  F        7358.55
DP   4  20 23 0  F        7388.46
DP   4  20 23 1  F        7418.38
DP   1  21 00 0  F        43628.54
DP   1  21 00 1  F        42456.10
DP   1  21 01 0  F        41375.23
DP   1  21 01 1  F        40450.10
DP   1  21 02 0  F        39635.30
DP   1  21 02 1  F        38878.85
DP   1  21 03 0  F        38212.31
DP   1  21 03 1  F        37679.12
DP   1  21 04 0  F        37286.79
DP   1  21 04 1  F        37010.37
DP   1  21 05 0  F        36731.11
DP   1  21 05 1  F        36332.87
DP   1  21 06 0  F        35803.88
DP   1  21 06 1  F        35214.57
DP   1  21 07 0  F        34859.81
DP   1  21 07 1  F        34994.20
DP   1  21 08 0  F        35486.52
DP   1  21 08 1  F        36129.50
DP   1  21 09 0  F        36797.11
DP   1  21 09 1  F        37396.73
DP   1  21 10 0  F        37887.79
DP   1  21 10 1  F        38263.39
DP   1  21 11 0  F        38599.10
DP   1  21 11 1  F        38953.87
DP   1  21 12 0  F        39237.61
DP   1  21 12 1  F        39357.00
DP   1  21 13 0  F        39354.71
DP   1  21 13 1  F        39298.61
DP   1  21 14 0  F        39221.35
DP   1  21 14 1  F        39142.53
DP   1  21 15 0  F        39064.70
DP   1  21 15 1  F        39004.19
DP   1  21 16 0  F        39049.57
DP   1  21 16 1  F        39272.40
DP   1  21 17 0  F        39604.04
DP   1  21 17 1  F        39961.19
DP   1  21 18 0  F        40342.24
DP   1  21 18 1  F        40829.03
DP   1  21 19 0  F        41755.52
DP   1  21 19 1  F        43280.17
DP   1  21 20 0  F        44607.35
DP   1  21 20 1  F        44983.21
DP   1  21 21 0  F        44775.16
DP   1  21 21 1  F        44498.18
DP   1  21 22 0  F        44136.38
DP   1  21 22 1  F        43585.37
DP   1  21 23 0  F        42917.65
DP   1  21 23 1  F        42249.92
DP   2  21 00 0  F        12968.33
DP   2  21 00 1  F        12509.27
DP   2  21 01 0  F        12091.16
DP   2  21 01 1  F        11744.35
DP   2  21 02 0  F        11456.93
DP   2  21 02 1  F        11211.17
DP   2  21 03 0  F        11008.57
DP   2  21 03 1  F        10853.24
DP   2  21 04 0  F        10740.85
DP   2  21 04 1  F        10667.00
DP   2  21 05 0  F        10635.77
DP   2  21 05 1  F        10637.87
DP   2  21 06 0  F        10602.23
DP   2  21 06 1  F        10499.04
DP   2  21 07 0  F        10525.21
DP   2  21 07 1  F        10851.56
DP   2  21 08 0  F        11317.90
DP   2  21 08 1  F        11721.69
DP   2  21 09 0  F        12022.10
DP   2  21 09 1  F        12233.31
DP   2  21 10 0  F        12427.81
DP   2  21 10 1  F        12668.39
DP   2  21 11 0  F        12920.44
DP   2  21 11 1  F        13117.48
DP   2  21 12 0  F        13162.79
DP   2  21 12 1  F        13015.66
DP   2  21 13 0  F        12889.43
DP   2  21 13 1  F        12980.13
DP   2  21 14 0  F        13160.31
DP   2  21 14 1  F        13264.25
DP   2  21 15 0  F        13296.76
DP   2  21 15 1  F        13302.90
DP   2  21 16 0  F        13318.47
DP   2  21 16 1  F        13369.89
DP   2  21 17 0  F        13455.48
DP   2  21 17 1  F        13547.75
DP   2  21 18 0  F        13544.08
DP   2  21 18 1  F        13407.42
DP   2  21 19 0  F        13438.03
DP   2  21 19 1  F        13875.80
DP   2  21 20 0  F        14381.65
DP   2  21 20 1  F        14582.88
DP   2  21 21 0  F        14551.31
DP   2  21 21 1  F        14436.89
DP   2  21 22 0  F        14257.74
DP   2  21 22 1  F        14008.14
DP   2  21 23 0  F        13718.75
DP   2  21 23 1  F        13429.37
DP   3  21 00 0  F        12995.71
DP   3  21 00 1  F        12814.54
DP   3  21 01 0  F        12638.54
DP   3  21 01 1  F        12473.64
DP   3  21 02 0  F        12328.92
DP   3  21 02 1  F        12208.72
DP   3  21 03 0  F        12095.31
DP   3  21 03 1  F        11975.35
DP   3  21 04 0  F        11875.01
DP   3  21 04 1  F        11804.31
DP   3  21 05 0  F        11669.10
DP   3  21 05 1  F        11385.94
DP   3  21 06 0  F        11018.56
DP   3  21 06 1  F        10667.36
DP   3  21 07 0  F        10432.41
DP   3  21 07 1  F        10378.19
DP   3  21 08 0  F        10427.17
DP   3  21 08 1  F        10483.31
DP   3  21 09 0  F        10518.60
DP   3  21 09 1  F        10529.62
DP   3  21 10 0  F        10543.08
DP   3  21 10 1  F        10585.00
DP   3  21 11 0  F        10648.52
DP   3  21 11 1  F        10717.58
DP   3  21 12 0  F        10772.36
DP   3  21 12 1  F        10799.77
DP   3  21 13 0  F        10817.25
DP   3  21 13 1  F        10844.70
DP   3  21 14 0  F        10881.12
DP   3  21 14 1  F        10918.65
DP   3  21 15 0  F        10942.92
DP   3  21 15 1  F        10944.89
DP   3  21 16 0  F        10943.47
DP   3  21 16 1  F        10954.61
DP   3  21 17 0  F        10954.33
DP   3  21 17 1  F        10957.69
DP   3  21 18 0  F        11175.84
DP   3  21 18 1  F        11750.86
DP   3  21 19 0  F        12352.46
DP   3  21 19 1  F        12641.65
DP   3  21 20 0  F        12717.04
DP   3  21 20 1  F        12754.97
DP   3  21 21 0  F        12804.98
DP   3  21 21 1  F        12874.95
DP   3  21 22 0  F        12932.81
DP   3  21 22 1  F        12948.02
DP   3  21 23 0  F        12936.13
DP   3  21 23 1  F        12924.25
DP   4  21 00 0  F        7208.24
DP   4  21 00 1  F        7166.69
DP   4  21 01 0  F        7120.95
DP   4  21 01 1  F        7068.75
DP   4  21 02 0  F        7015.37
DP   4  21 02 1  F        6965.42
DP   4  21 03 0  F        6913.02
DP   4  21 03 1  F        6852.47
DP   4  21 04 0  F        6789.12
DP   4  21 04 1  F        6732.23
DP   4  21 05 0  F        6695.77
DP   4  21 05 1  F        6679.23
DP   4  21 06 0  F        6619.53
DP   4  21 06 1  F        6468.20
DP   4  21 07 0  F        6297.74
DP   4  21 07 1  F        6190.00
DP   4  21 08 0  F        6143.41
DP   4  21 08 1  F        6135.96
DP   4  21 09 0  F        6147.55
DP   4  21 09 1  F        6160.38
DP   4  21 10 0  F        6163.99
DP   4  21 10 1  F        6156.04
DP   4  21 11 0  F        6159.34
DP   4  21 11 1  F        6191.26
DP   4  21 12 0  F        6222.39
DP   4  21 12 1  F        6226.65
DP   4  21 13 0  F        6238.17
DP   4  21 13 1  F        6293.44
DP   4  21 14 0  F        6378.38
DP   4  21 14 1  F        6467.05
DP   4  21 15 0  F        6536.82
DP   4  21 15 1  F        6573.00
DP   4  21 16 0  F        6589.13
DP   4  21 16 1  F        6599.38
DP   4  21 17 0  F        6592.04
DP   4  21 17 1  F        6562.59
DP   4  21 18 0  F        6561.32
DP   4  21 18 1  F        6638.55
DP   4  21 19 0  F        6790.18
DP   4  21 19 1  F        6985.39
DP   4  21 20 0  F        7140.89
DP   4  21 20 1  F        7191.49
DP   4  21 21 0  F        7196.67
DP   4  21 21 1  F        7228.10
DP   4  21 22 0  F        7281.39
DP   4  21 22 1  F        7337.17
DP   4  21 23 0  F        7392.19
DP   4  21 23 1  F        7447.21
DP   1  22 00 0  F        40910.84
DP   1  22 00 1  F        39778.78
DP   1  22 01 0  F        38770.79
DP   1  22 01 1  F        37972.96
DP   1  22 02 0  F        37319.42
DP   1  22 02 1  F        36732.76
DP   1  22 03 0  F        36241.37
DP   1  22 03 1  F        35895.24
DP   1  22 04 0  F        35725.09
DP   1  22 04 1  F        35744.59
DP   1  22 05 0  F        35918.34
DP   1  22 05 1  F        36212.54
DP   1  22 06 0  F        36648.57
DP   1  22 06 1  F        37289.28
DP   1  22 07 0  F        38307.96
DP   1  22 07 1  F        39817.40
DP   1  22 08 0  F        41577.77
DP   1  22 08 1  F        43284.79
DP   1  22 09 0  F        44728.85
DP   1  22 09 1  F        45786.57
DP   1  22 10 0  F        46584.78
DP   1  22 10 1  F        47265.07
DP   1  22 11 0  F        47777.91
DP   1  22 11 1  F        48040.97
DP   1  22 12 0  F        48032.05
DP   1  22 12 1  F        47815.61
DP   1  22 13 0  F        47742.62
DP   1  22 13 1  F        48098.65
DP   1  22 14 0  F        48620.90
DP   1  22 14 1  F        48979.56
DP   1  22 15 0  F        49125.05
DP   1  22 15 1  F        49099.18
DP   1  22 16 0  F        49029.06
DP   1  22 16 1  F        48959.19
DP   1  22 17 0  F        48518.32
DP   1  22 17 1  F        47424.14
DP   1  22 18 0  F        46165.92
DP   1  22 18 1  F        45386.58
DP   1  22 19 0  F        45572.15
DP   1  22 19 1  F        46860.50
DP   1  22 20 0  F        48153.75
DP   1  22 20 1  F        48419.48
DP   1  22 21 0  F        48122.75
DP   1  22 21 1  F        47886.68
DP   1  22 22 0  F        47469.07
DP   1  22 22 1  F        46541.15
DP   1  22 23 0  F        45293.20
DP   1  22 23 1  F        44045.25
DP   2  22 00 0  F        13017.83
DP   2  22 00 1  F        12620.88
DP   2  22 01 0  F        12269.57
DP   2  22 01 1  F        11995.04
DP   2  22 02 0  F        11770.39
DP   2  22 02 1  F        11567.83
DP   2  22 03 0  F        11414.09
DP   2  22 03 1  F        11333.60
DP   2  22 04 0  F        11287.15
DP   2  22 04 1  F        11246.32
DP   2  22 05 0  F        11289.57
DP   2  22 05 1  F        11481.80
DP   2  22 06 0  F        11726.65
DP   2  22 06 1  F        11955.32
DP   2  22 07 0  F        12370.43
DP   2  22 07 1  F        13143.53
DP   2  22 08 0  F        14050.56
DP   2  22 08 1  F        14813.99
DP   2  22 09 0  F        15338.24
DP   2  22 09 1  F        15616.24
DP   2  22 10 0  F        15813.08
DP   2  22 10 1  F        16086.08
DP   2  22 11 0  F        16389.34
DP   2  22 11 1  F        16604.95
DP   2  22 12 0  F        16530.32
DP   2  22 12 1  F        16090.33
DP   2  22 13 0  F        15804.44
DP   2  22 13 1  F        16131.59
DP   2  22 14 0  F        16694.17
DP   2  22 14 1  F        17024.08
DP   2  22 15 0  F        17127.80
DP   2  22 15 1  F        17122.60
DP   2  22 16 0  F        17094.28
DP   2  22 16 1  F        17086.82
DP   2  22 17 0  F        17008.39
DP   2  22 17 1  F        16748.01
DP   2  22 18 0  F        16253.91
DP   2  22 18 1  F        15581.92
DP   2  22 19 0  F        15159.02
DP   2  22 19 1  F        15327.99
DP   2  22 20 0  F        15723.50
DP   2  22 20 1  F        15918.13
DP   2  22 21 0  F        15944.17
DP   2  22 21 1  F        15912.65
DP   2  22 22 0  F        15789.78
DP   2  22 22 1  F        15530.69
DP   2  22 23 0  F        15190.94
DP   2  22 23 1  F        14851.18
DP   3  22 00 0  F        12854.78
DP   3  22 00 1  F        12632.68
DP   3  22 01 0  F        12425.62
DP   3  22 01 1  F        12247.31
DP   3  22 02 0  F        12106.09
DP   3  22 02 1  F        12002.07
DP   3  22 03 0  F        11907.76
DP   3  22 03 1  F        11802.12
DP   3  22 04 0  F        11717.38
DP   3  22 04 1  F        11672.88
DP   3  22 05 0  F        11582.88
DP   3  22 05 1  F        11371.87
DP   3  22 06 0  F        11110.32
DP   3  22 06 1  F        10911.07
DP   3  22 07 0  F        10910.64
DP   3  22 07 1  F        11200.60
DP   3  22 08 0  F        11669.03
DP   3  22 08 1  F        12160.63
DP   3  22 09 0  F        12550.05
DP   3  22 09 1  F        12761.78
DP   3  22 10 0  F        12889.78
DP   3  22 10 1  F        13036.80
DP   3  22 11 0  F        13171.07
DP   3  22 11 1  F        13233.16
DP   3  22 12 0  F        13187.56
DP   3  22 12 1  F        13043.87
DP   3  22 13 0  F        12968.16
DP   3  22 13 1  F        13102.49
DP   3  22 14 0  F        13336.50
DP   3  22 14 1  F        13523.07
DP   3  22 15 0  F        13620.65
DP   3  22 15 1  F        13625.15
DP   3  22 16 0  F        13576.71
DP   3  22 16 1  F        13496.01
DP   3  22 17 0  F        13281.40
DP   3  22 17 1  F        12887.92
DP   3  22 18 0  F        12619.49
DP   3  22 18 1  F        12738.18
DP   3  22 19 0  F        12989.82
DP   3  22 19 1  F        13073.38
DP   3  22 20 0  F        13016.72
DP   3  22 20 1  F        12940.47
DP   3  22 21 0  F        13007.51
DP   3  22 21 1  F        13310.94
DP   3  22 22 0  F        13622.48
DP   3  22 22 1  F        13709.98
DP   3  22 23 0  F        13647.23
DP   3  22 23 1  F        13584.47
DP   4  22 00 0  F        7301.71
DP   4  22 00 1  F        7259.48
DP   4  22 01 0  F        7209.34
DP   4  22 01 1  F        7147.19
DP   4  22 02 0  F        7084.03
DP   4  22 02 1  F        7029.88
DP   4  22 03 0  F        6975.69
DP   4  22 03 1  F        6911.53
DP   4  22 04 0  F        6843.16
DP   4  22 04 1  F        6782.19
DP   4  22 05 0  F        6748.05
DP   4  22 05 1  F        6744.35
DP   4  22 06 0  F        6703.87
DP   4  22 06 1  F        6575.55
DP   4  22 07 0  F        6444.05
DP   4  22 07 1  F        6408.09
DP   4  22 08 0  F        6487.07
DP   4  22 08 1  F        6665.31
DP   4  22 09 0  F        6866.12
DP   4  22 09 1  F        7016.35
DP   4  22 10 0  F        7117.85
DP   4  22 10 1  F        7189.93
DP   4  22 11 0  F        7246.52
DP   4  22 11 1  F        7292.33
DP   4  22 12 0  F        7300.59
DP   4  22 12 1  F        7258.77
DP   4  22 13 0  F        7242.92
DP   4  22 13 1  F        7325.62
DP   4  22 14 0  F        7476.93
DP   4  22 14 1  F        7642.27
DP   4  22 15 0  F        7770.85
DP   4  22 15 1  F        7826.90
DP   4  22 16 0  F        7830.66
DP   4  22 16 1  F        7804.87
DP   4  22 17 0  F        7725.96
DP   4  22 17 1  F        7572.48
DP   4  22 18 0  F        7377.69
DP   4  22 18 1  F        7198.36
DP   4  22 19 0  F        7130.38
DP   4  22 19 1  F        7232.41
DP   4  22 20 0  F        7374.96
DP   4  22 20 1  F        7429.42
DP   4  22 21 0  F        7458.81
DP   4  22 21 1  F        7544.04
DP   4  22 22 0  F        7645.91
DP   4  22 22 1  F        7711.13
DP   4  22 23 0  F        7750.07
DP   4  22 23 1  F        7789.00
