&   CARGA
&
&   ss  di hi m df hf m Demanda
&X  XX  XX XX X XX XX X XXXXXXXXXX
DP   1  24 00 0  F        42325.66
DP   1  24 00 1  F        40718.42
DP   1  24 01 0  F        39316.70
DP   1  24 01 1  F        38267.83
DP   1  24 02 0  F        37486.44
DP   1  24 02 1  F        36851.68
DP   1  24 03 0  F        36333.46
DP   1  24 03 1  F        35937.44
DP   1  24 04 0  F        35721.44
DP   1  24 04 1  F        35734.68
DP   1  24 05 0  F        35939.63
DP   1  24 05 1  F        36291.61
DP   1  24 06 0  F        36803.88
DP   1  24 06 1  F        37526.64
DP   1  24 07 0  F        38600.04
DP   1  24 07 1  F        40091.50
DP   1  24 08 0  F        41687.88
DP   1  24 08 1  F        43050.75
DP   1  24 09 0  F        44121.31
DP   1  24 09 1  F        44924.71
DP   1  24 10 0  F        45542.48
DP   1  24 10 1  F        46049.68
DP   1  24 11 0  F        46439.28
DP   1  24 11 1  F        46665.20
DP   1  24 12 0  F        46607.30
DP   1  24 12 1  F        46246.16
DP   1  24 13 0  F        46039.21
DP   1  24 13 1  F        46378.89
DP   1  24 14 0  F        46920.91
DP   1  24 14 1  F        47243.65
DP   1  24 15 0  F        47352.88
DP   1  24 15 1  F        47360.07
DP   1  24 16 0  F        47372.19
DP   1  24 16 1  F        47407.73
DP   1  24 17 0  F        47135.88
DP   1  24 17 1  F        46308.72
DP   1  24 18 0  F        45359.09
DP   1  24 18 1  F        44845.14
DP   1  24 19 0  F        45145.25
DP   1  24 19 1  F        46338.71
DP   1  24 20 0  F        47488.13
DP   1  24 20 1  F        47701.47
DP   1  24 21 0  F        47284.66
DP   1  24 21 1  F        46706.66
DP   1  24 22 0  F        45890.27
DP   1  24 22 1  F        44695.08
DP   1  24 23 0  F        43273.85
DP   1  24 23 1  F        41852.62
DP   2  24 00 0  F        13612.03
DP   2  24 00 1  F        13025.57
DP   2  24 01 0  F        12519.25
DP   2  24 01 1  F        12148.16
DP   2  24 02 0  F        11867.34
DP   2  24 02 1  F        11623.35
DP   2  24 03 0  F        11428.93
DP   2  24 03 1  F        11304.24
DP   2  24 04 0  F        11232.79
DP   2  24 04 1  F        11200.09
DP   2  24 05 0  F        11236.22
DP   2  24 05 1  F        11364.73
DP   2  24 06 0  F        11538.47
DP   2  24 06 1  F        11737.03
DP   2  24 07 0  F        12117.65
DP   2  24 07 1  F        12800.54
DP   2  24 08 0  F        13580.05
DP   2  24 08 1  F        14215.86
DP   2  24 09 0  F        14654.83
DP   2  24 09 1  F        14914.96
DP   2  24 10 0  F        15111.90
DP   2  24 10 1  F        15354.24
DP   2  24 11 0  F        15625.01
DP   2  24 11 1  F        15841.33
DP   2  24 12 0  F        15782.37
DP   2  24 12 1  F        15339.72
DP   2  24 13 0  F        14992.62
DP   2  24 13 1  F        15179.80
DP   2  24 14 0  F        15590.27
DP   2  24 14 1  F        15825.76
DP   2  24 15 0  F        15888.61
DP   2  24 15 1  F        15874.09
DP   2  24 16 0  F        15848.53
DP   2  24 16 1  F        15850.25
DP   2  24 17 0  F        15834.48
DP   2  24 17 1  F        15733.45
DP   2  24 18 0  F        15470.29
DP   2  24 18 1  F        15046.91
DP   2  24 19 0  F        14789.22
DP   2  24 19 1  F        14962.65
DP   2  24 20 0  F        15266.65
DP   2  24 20 1  F        15353.27
DP   2  24 21 0  F        15250.96
DP   2  24 21 1  F        15061.28
DP   2  24 22 0  F        14801.91
DP   2  24 22 1  F        14476.16
DP   2  24 23 0  F        14113.91
DP   2  24 23 1  F        13751.67
DP   3  24 00 0  F        14018.59
DP   3  24 00 1  F        13759.28
DP   3  24 01 0  F        13523.70
DP   3  24 01 1  F        13327.98
DP   3  24 02 0  F        13157.91
DP   3  24 02 1  F        12997.24
DP   3  24 03 0  F        12851.95
DP   3  24 03 1  F        12734.86
DP   3  24 04 0  F        12664.00
DP   3  24 04 1  F        12632.73
DP   3  24 05 0  F        12530.38
DP   3  24 05 1  F        12269.15
DP   3  24 06 0  F        11956.69
DP   3  24 06 1  F        11739.78
DP   3  24 07 0  F        11726.46
DP   3  24 07 1  F        11978.37
DP   3  24 08 0  F        12410.44
DP   3  24 08 1  F        12900.98
DP   3  24 09 0  F        13328.79
DP   3  24 09 1  F        13606.25
DP   3  24 10 0  F        13779.76
DP   3  24 10 1  F        13916.73
DP   3  24 11 0  F        14034.42
DP   3  24 11 1  F        14123.46
DP   3  24 12 0  F        14117.83
DP   3  24 12 1  F        13984.60
DP   3  24 13 0  F        13879.78
DP   3  24 13 1  F        13952.67
DP   3  24 14 0  F        14136.87
DP   3  24 14 1  F        14323.41
DP   3  24 15 0  F        14448.89
DP   3  24 15 1  F        14476.43
DP   3  24 16 0  F        14429.59
DP   3  24 16 1  F        14321.79
DP   3  24 17 0  F        14065.43
DP   3  24 17 1  F        13627.57
DP   3  24 18 0  F        13294.82
DP   3  24 18 1  F        13319.62
DP   3  24 19 0  F        13498.20
DP   3  24 19 1  F        13576.64
DP   3  24 20 0  F        13556.78
DP   3  24 20 1  F        13515.74
DP   3  24 21 0  F        13576.22
DP   3  24 21 1  F        13812.86
DP   3  24 22 0  F        14062.60
DP   3  24 22 1  F        14157.50
DP   3  24 23 0  F        14147.71
DP   3  24 23 1  F        14137.92
DP   4  24 00 0  F        7839.52
DP   4  24 00 1  F        7795.23
DP   4  24 01 0  F        7738.87
DP   4  24 01 1  F        7662.99
DP   4  24 02 0  F        7578.72
DP   4  24 02 1  F        7497.21
DP   4  24 03 0  F        7411.02
DP   4  24 03 1  F        7315.11
DP   4  24 04 0  F        7232.58
DP   4  24 04 1  F        7184.56
DP   4  24 05 0  F        7156.14
DP   4  24 05 1  F        7122.36
DP   4  24 06 0  F        7054.29
DP   4  24 06 1  F        6938.63
DP   4  24 07 0  F        6828.58
DP   4  24 07 1  F        6788.28
DP   4  24 08 0  F        6859.04
DP   4  24 08 1  F        7053.01
DP   4  24 09 0  F        7288.41
DP   4  24 09 1  F        7479.41
DP   4  24 10 0  F        7617.83
DP   4  24 10 1  F        7715.03
DP   4  24 11 0  F        7782.64
DP   4  24 11 1  F        7824.87
DP   4  24 12 0  F        7815.96
DP   4  24 12 1  F        7748.10
DP   4  24 13 0  F        7715.20
DP   4  24 13 1  F        7802.16
DP   4  24 14 0  F        7956.15
DP   4  24 14 1  F        8101.35
DP   4  24 15 0  F        8207.79
DP   4  24 15 1  F        8260.04
DP   4  24 16 0  F        8255.12
DP   4  24 16 1  F        8193.29
DP   4  24 17 0  F        8075.49
DP   4  24 17 1  F        7906.06
DP   4  24 18 0  F        7702.49
DP   4  24 18 1  F        7503.53
DP   4  24 19 0  F        7419.98
DP   4  24 19 1  F        7526.28
DP   4  24 20 0  F        7679.39
DP   4  24 20 1  F        7732.85
DP   4  24 21 0  F        7743.96
DP   4  24 21 1  F        7794.95
DP   4  24 22 0  F        7864.03
DP   4  24 22 1  F        7913.82
DP   4  24 23 0  F        7948.73
DP   4  24 23 1  F        7983.64
