&   CARGA
&
&   ss  di hi m df hf m Demanda
&X  XX  XX XX X XX XX X XXXXXXXXXX
DP   1  20 00 0  F        48244.94
DP   1  20 00 1  F        46977.28
DP   1  20 01 0  F        45795.41
DP   1  20 01 1  F        44762.27
DP   1  20 02 0  F        43849.38
DP   1  20 02 1  F        43024.85
DP   1  20 03 0  F        42334.43
DP   1  20 03 1  F        41824.88
DP   1  20 04 0  F        41469.07
DP   1  20 04 1  F        41222.33
DP   1  20 05 0  F        41043.59
DP   1  20 05 1  F        40888.25
DP   1  20 06 0  F        40693.89
DP   1  20 06 1  F        40476.77
DP   1  20 07 0  F        40585.59
DP   1  20 07 1  F        41324.02
DP   1  20 08 0  F        42483.23
DP   1  20 08 1  F        43751.54
DP   1  20 09 0  F        44918.38
DP   1  20 09 1  F        45843.88
DP   1  20 10 0  F        46569.80
DP   1  20 10 1  F        47157.81
DP   1  20 11 0  F        47567.68
DP   1  20 11 1  F        47761.32
DP   1  20 12 0  F        47811.31
DP   1  20 12 1  F        47812.46
DP   1  20 13 0  F        47837.96
DP   1  20 13 1  F        47930.13
DP   1  20 14 0  F        48029.29
DP   1  20 14 1  F        48066.01
DP   1  20 15 0  F        48033.83
DP   1  20 15 1  F        47945.07
DP   1  20 16 0  F        47824.35
DP   1  20 16 1  F        47676.46
DP   1  20 17 0  F        47414.70
DP   1  20 17 1  F        46988.20
DP   1  20 18 0  F        46581.07
DP   1  20 18 1  F        46452.86
DP   1  20 19 0  F        46930.05
DP   1  20 19 1  F        48127.44
DP   1  20 20 0  F        49246.11
DP   1  20 20 1  F        49521.02
DP   1  20 21 0  F        49236.32
DP   1  20 21 1  F        48826.67
DP   1  20 22 0  F        48279.52
DP   1  20 22 1  F        47513.07
DP   1  20 23 0  F        46615.68
DP   1  20 23 1  F        45718.29
DP   2  20 00 0  F        15193.88
DP   2  20 00 1  F        14679.63
DP   2  20 01 0  F        14204.73
DP   2  20 01 1  F        13799.14
DP   2  20 02 0  F        13455.15
DP   2  20 02 1  F        13157.53
DP   2  20 03 0  F        12898.65
DP   2  20 03 1  F        12676.37
DP   2  20 04 0  F        12502.98
DP   2  20 04 1  F        12388.62
DP   2  20 05 0  F        12320.20
DP   2  20 05 1  F        12271.42
DP   2  20 06 0  F        12186.15
DP   2  20 06 1  F        12051.79
DP   2  20 07 0  F        12059.66
DP   2  20 07 1  F        12373.75
DP   2  20 08 0  F        12844.92
DP   2  20 08 1  F        13281.26
DP   2  20 09 0  F        13633.01
DP   2  20 09 1  F        13896.01
DP   2  20 10 0  F        14106.28
DP   2  20 10 1  F        14302.88
DP   2  20 11 0  F        14496.94
DP   2  20 11 1  F        14672.82
DP   2  20 12 0  F        14735.76
DP   2  20 12 1  F        14624.87
DP   2  20 13 0  F        14493.77
DP   2  20 13 1  F        14495.39
DP   2  20 14 0  F        14565.24
DP   2  20 14 1  F        14599.35
DP   2  20 15 0  F        14553.16
DP   2  20 15 1  F        14418.63
DP   2  20 16 0  F        14274.32
DP   2  20 16 1  F        14199.81
DP   2  20 17 0  F        14192.17
DP   2  20 17 1  F        14219.31
DP   2  20 18 0  F        14214.94
DP   2  20 18 1  F        14154.43
DP   2  20 19 0  F        14213.87
DP   2  20 19 1  F        14532.77
DP   2  20 20 0  F        14903.59
DP   2  20 20 1  F        15086.17
DP   2  20 21 0  F        15057.08
DP   2  20 21 1  F        14854.40
DP   2  20 22 0  F        14545.58
DP   2  20 22 1  F        14195.58
DP   2  20 23 0  F        13829.92
DP   2  20 23 1  F        13464.26
DP   3  20 00 0  F        14305.67
DP   3  20 00 1  F        14099.08
DP   3  20 01 0  F        13893.41
DP   3  20 01 1  F        13693.03
DP   3  20 02 0  F        13516.12
DP   3  20 02 1  F        13375.21
DP   3  20 03 0  F        13246.49
DP   3  20 03 1  F        13111.18
DP   3  20 04 0  F        13007.02
DP   3  20 04 1  F        12950.09
DP   3  20 05 0  F        12813.14
DP   3  20 05 1  F        12488.76
DP   3  20 06 0  F        12092.09
DP   3  20 06 1  F        11778.38
DP   3  20 07 0  F        11641.01
DP   3  20 07 1  F        11726.07
DP   3  20 08 0  F        11952.56
DP   3  20 08 1  F        12214.21
DP   3  20 09 0  F        12430.81
DP   3  20 09 1  F        12553.46
DP   3  20 10 0  F        12632.46
DP   3  20 10 1  F        12726.03
DP   3  20 11 0  F        12825.00
DP   3  20 11 1  F        12900.95
DP   3  20 12 0  F        12916.07
DP   3  20 12 1  F        12855.64
DP   3  20 13 0  F        12806.77
DP   3  20 13 1  F        12849.29
DP   3  20 14 0  F        12932.15
DP   3  20 14 1  F        12988.33
DP   3  20 15 0  F        13017.87
DP   3  20 15 1  F        13031.74
DP   3  20 16 0  F        13017.53
DP   3  20 16 1  F        12955.01
DP   3  20 17 0  F        12815.91
DP   3  20 17 1  F        12629.48
DP   3  20 18 0  F        12663.10
DP   3  20 18 1  F        13111.05
DP   3  20 19 0  F        13637.12
DP   3  20 19 1  F        13879.20
DP   3  20 20 0  F        13901.98
DP   3  20 20 1  F        13861.34
DP   3  20 21 0  F        13851.07
DP   3  20 21 1  F        13920.61
DP   3  20 22 0  F        14004.19
DP   3  20 22 1  F        14029.71
DP   3  20 23 0  F        14014.96
DP   3  20 23 1  F        14000.21
DP   4  20 00 0  F        8064.54
DP   4  20 00 1  F        8044.59
DP   4  20 01 0  F        8004.54
DP   4  20 01 1  F        7931.71
DP   4  20 02 0  F        7843.06
DP   4  20 02 1  F        7758.10
DP   4  20 03 0  F        7677.04
DP   4  20 03 1  F        7597.12
DP   4  20 04 0  F        7522.82
DP   4  20 04 1  F        7459.65
DP   4  20 05 0  F        7409.69
DP   4  20 05 1  F        7365.46
DP   4  20 06 0  F        7284.53
DP   4  20 06 1  F        7138.05
DP   4  20 07 0  F        6986.53
DP   4  20 07 1  F        6899.58
DP   4  20 08 0  F        6893.73
DP   4  20 08 1  F        6962.67
DP   4  20 09 0  F        7061.62
DP   4  20 09 1  F        7146.62
DP   4  20 10 0  F        7215.36
DP   4  20 10 1  F        7272.72
DP   4  20 11 0  F        7310.54
DP   4  20 11 1  F        7319.92
DP   4  20 12 0  F        7301.95
DP   4  20 12 1  F        7266.32
DP   4  20 13 0  F        7247.23
DP   4  20 13 1  F        7274.69
DP   4  20 14 0  F        7337.57
DP   4  20 14 1  F        7412.86
DP   4  20 15 0  F        7471.16
DP   4  20 15 1  F        7487.88
DP   4  20 16 0  F        7463.94
DP   4  20 16 1  F        7407.53
DP   4  20 17 0  F        7330.51
DP   4  20 17 1  F        7247.62
DP   4  20 18 0  F        7181.63
DP   4  20 18 1  F        7160.49
DP   4  20 19 0  F        7224.88
DP   4  20 19 1  F        7389.39
DP   4  20 20 0  F        7551.59
DP   4  20 20 1  F        7615.11
DP   4  20 21 0  F        7624.84
DP   4  20 21 1  F        7644.85
DP   4  20 22 0  F        7674.65
DP   4  20 22 1  F        7700.91
DP   4  20 23 0  F        7723.74
DP   4  20 23 1  F        7746.57
