&   CARGA
&
&   ss  di hi m df hf m Demanda
&X  XX  XX XX X XX XX X XXXXXXXXXX
DP   1  21 00 0  F        44302.50
DP   1  21 00 1  F        43156.41
DP   1  21 01 0  F        42083.40
DP   1  21 01 1  F        41138.26
DP   1  21 02 0  F        40302.73
DP   1  21 02 1  F        39552.24
DP   1  21 03 0  F        38910.14
DP   1  21 03 1  F        38401.17
DP   1  21 04 0  F        38007.86
DP   1  21 04 1  F        37696.67
DP   1  21 05 0  F        37412.30
DP   1  21 05 1  F        37092.38
DP   1  21 06 0  F        36668.38
DP   1  21 06 1  F        36140.70
DP   1  21 07 0  F        35791.93
DP   1  21 07 1  F        35890.00
DP   1  21 08 0  F        36362.06
DP   1  21 08 1  F        37043.99
DP   1  21 09 0  F        37747.24
DP   1  21 09 1  F        38317.84
DP   1  21 10 0  F        38764.45
DP   1  21 10 1  F        39135.23
DP   1  21 11 0  F        39473.62
DP   1  21 11 1  F        39799.28
DP   1  21 12 0  F        40041.60
DP   1  21 12 1  F        40134.14
DP   1  21 13 0  F        40117.45
DP   1  21 13 1  F        40051.18
DP   1  21 14 0  F        39964.46
DP   1  21 14 1  F        39873.65
DP   1  21 15 0  F        39774.67
DP   1  21 15 1  F        39679.57
DP   1  21 16 0  F        39685.50
DP   1  21 16 1  F        39876.83
DP   1  21 17 0  F        40201.73
DP   1  21 17 1  F        40577.19
DP   1  21 18 0  F        40931.65
DP   1  21 18 1  F        41298.38
DP   1  21 19 0  F        42118.42
DP   1  21 19 1  F        43652.10
DP   1  21 20 0  F        45029.18
DP   1  21 20 1  F        45409.65
DP   1  21 21 0  F        45204.82
DP   1  21 21 1  F        44984.71
DP   1  21 22 0  F        44702.62
DP   1  21 22 1  F        44213.07
DP   1  21 23 0  F        43592.08
DP   1  21 23 1  F        42971.10
DP   2  21 00 0  F        13105.52
DP   2  21 00 1  F        12674.19
DP   2  21 01 0  F        12262.15
DP   2  21 01 1  F        11889.93
DP   2  21 02 0  F        11583.01
DP   2  21 02 1  F        11354.18
DP   2  21 03 0  F        11160.59
DP   2  21 03 1  F        10964.08
DP   2  21 04 0  F        10800.98
DP   2  21 04 1  F        10708.37
DP   2  21 05 0  F        10651.95
DP   2  21 05 1  F        10583.57
DP   2  21 06 0  F        10471.06
DP   2  21 06 1  F        10319.83
DP   2  21 07 0  F        10269.72
DP   2  21 07 1  F        10438.01
DP   2  21 08 0  F        10717.40
DP   2  21 08 1  F        10974.48
DP   2  21 09 0  F        11196.07
DP   2  21 09 1  F        11398.41
DP   2  21 10 0  F        11595.38
DP   2  21 10 1  F        11796.92
DP   2  21 11 0  F        11999.78
DP   2  21 11 1  F        12181.57
DP   2  21 12 0  F        12256.58
DP   2  21 12 1  F        12163.11
DP   2  21 13 0  F        11998.71
DP   2  21 13 1  F        11876.98
DP   2  21 14 0  F        11816.50
DP   2  21 14 1  F        11803.60
DP   2  21 15 0  F        11790.58
DP   2  21 15 1  F        11740.52
DP   2  21 16 0  F        11693.57
DP   2  21 16 1  F        11706.82
DP   2  21 17 0  F        11828.03
DP   2  21 17 1  F        12070.80
DP   2  21 18 0  F        12321.42
DP   2  21 18 1  F        12495.06
DP   2  21 19 0  F        12749.67
DP   2  21 19 1  F        13217.66
DP   2  21 20 0  F        13686.54
DP   2  21 20 1  F        13916.09
DP   2  21 21 0  F        13900.28
DP   2  21 21 1  F        13701.13
DP   2  21 22 0  F        13418.86
DP   2  21 22 1  F        13142.68
DP   2  21 23 0  F        12879.81
DP   2  21 23 1  F        12616.94
DP   3  21 00 0  F        13946.74
DP   3  21 00 1  F        13740.25
DP   3  21 01 0  F        13541.40
DP   3  21 01 1  F        13358.09
DP   3  21 02 0  F        13199.42
DP   3  21 02 1  F        13068.16
DP   3  21 03 0  F        12940.45
DP   3  21 03 1  F        12800.01
DP   3  21 04 0  F        12687.24
DP   3  21 04 1  F        12620.89
DP   3  21 05 0  F        12476.19
DP   3  21 05 1  F        12145.07
DP   3  21 06 0  F        11729.50
DP   3  21 06 1  F        11368.43
DP   3  21 07 0  F        11138.62
DP   3  21 07 1  F        11078.07
DP   3  21 08 0  F        11132.23
DP   3  21 08 1  F        11227.12
DP   3  21 09 0  F        11303.66
DP   3  21 09 1  F        11326.38
DP   3  21 10 0  F        11339.42
DP   3  21 10 1  F        11391.60
DP   3  21 11 0  F        11470.88
DP   3  21 11 1  F        11551.51
DP   3  21 12 0  F        11613.84
DP   3  21 12 1  F        11646.13
DP   3  21 13 0  F        11662.19
DP   3  21 13 1  F        11680.30
DP   3  21 14 0  F        11711.08
DP   3  21 14 1  F        11756.95
DP   3  21 15 0  F        11795.23
DP   3  21 15 1  F        11805.69
DP   3  21 16 0  F        11803.15
DP   3  21 16 1  F        11800.42
DP   3  21 17 0  F        11767.44
DP   3  21 17 1  F        11717.70
DP   3  21 18 0  F        11881.80
DP   3  21 18 1  F        12421.70
DP   3  21 19 0  F        13007.68
DP   3  21 19 1  F        13296.42
DP   3  21 20 0  F        13381.67
DP   3  21 20 1  F        13433.22
DP   3  21 21 0  F        13487.85
DP   3  21 21 1  F        13546.38
DP   3  21 22 0  F        13598.78
DP   3  21 22 1  F        13636.02
DP   3  21 23 0  F        13663.85
DP   3  21 23 1  F        13691.67
DP   4  21 00 0  F        7731.01
DP   4  21 00 1  F        7703.89
DP   4  21 01 0  F        7668.52
DP   4  21 01 1  F        7618.51
DP   4  21 02 0  F        7555.11
DP   4  21 02 1  F        7482.17
DP   4  21 03 0  F        7406.25
DP   4  21 03 1  F        7334.10
DP   4  21 04 0  F        7270.42
DP   4  21 04 1  F        7218.78
DP   4  21 05 0  F        7180.53
DP   4  21 05 1  F        7147.08
DP   4  21 06 0  F        7072.48
DP   4  21 06 1  F        6924.11
DP   4  21 07 0  F        6759.97
DP   4  21 07 1  F        6644.36
DP   4  21 08 0  F        6576.09
DP   4  21 08 1  F        6539.86
DP   4  21 09 0  F        6529.34
DP   4  21 09 1  F        6537.01
DP   4  21 10 0  F        6541.59
DP   4  21 10 1  F        6527.55
DP   4  21 11 0  F        6516.08
DP   4  21 11 1  F        6526.37
DP   4  21 12 0  F        6532.77
DP   4  21 12 1  F        6513.31
DP   4  21 13 0  F        6505.43
DP   4  21 13 1  F        6545.69
DP   4  21 14 0  F        6607.65
DP   4  21 14 1  F        6657.06
DP   4  21 15 0  F        6691.43
DP   4  21 15 1  F        6714.64
DP   4  21 16 0  F        6724.43
DP   4  21 16 1  F        6718.34
DP   4  21 17 0  F        6699.40
DP   4  21 17 1  F        6677.04
DP   4  21 18 0  F        6680.68
DP   4  21 18 1  F        6740.20
DP   4  21 19 0  F        6867.27
DP   4  21 19 1  F        7051.56
DP   4  21 20 0  F        7212.89
DP   4  21 20 1  F        7282.16
DP   4  21 21 0  F        7304.49
DP   4  21 21 1  F        7339.34
DP   4  21 22 0  F        7389.23
DP   4  21 22 1  F        7444.12
DP   4  21 23 0  F        7500.67
DP   4  21 23 1  F        7557.22
