&   CARGA
&
&   ss  di hi m df hf m Demanda
&X  XX  XX XX X XX XX X XXXXXXXXXX
DP   1  22 00 0  F        41635.81
DP   1  22 00 1  F        40483.52
DP   1  22 01 0  F        39449.62
DP   1  22 01 1  F        38618.89
DP   1  22 02 0  F        37941.51
DP   1  22 02 1  F        37354.08
DP   1  22 03 0  F        36873.35
DP   1  22 03 1  F        36532.33
DP   1  22 04 0  F        36348.94
DP   1  22 04 1  F        36337.35
DP   1  22 05 0  F        36511.74
DP   1  22 05 1  F        36878.49
DP   1  22 06 0  F        37412.68
DP   1  22 06 1  F        38120.88
DP   1  22 07 0  F        39166.79
DP   1  22 07 1  F        40670.59
DP   1  22 08 0  F        42421.23
DP   1  22 08 1  F        44137.88
DP   1  22 09 0  F        45591.66
DP   1  22 09 1  F        46640.71
DP   1  22 10 0  F        47438.98
DP   1  22 10 1  F        48154.07
DP   1  22 11 0  F        48712.25
DP   1  22 11 1  F        48999.85
DP   1  22 12 0  F        48985.05
DP   1  22 12 1  F        48736.29
DP   1  22 13 0  F        48641.52
DP   1  22 13 1  F        49016.11
DP   1  22 14 0  F        49565.93
DP   1  22 14 1  F        49926.28
DP   1  22 15 0  F        50059.71
DP   1  22 15 1  F        50025.75
DP   1  22 16 0  F        49944.46
DP   1  22 16 1  F        49853.25
DP   1  22 17 0  F        49398.18
DP   1  22 17 1  F        48303.13
DP   1  22 18 0  F        46994.50
DP   1  22 18 1  F        46074.52
DP   1  22 19 0  F        46146.17
DP   1  22 19 1  F        47458.17
DP   1  22 20 0  F        48841.50
DP   1  22 20 1  F        49167.62
DP   1  22 21 0  F        48887.60
DP   1  22 21 1  F        48637.69
DP   1  22 22 0  F        48215.32
DP   1  22 22 1  F        47325.65
DP   1  22 23 0  F        46143.61
DP   1  22 23 1  F        44961.57
DP   2  22 00 0  F        12622.03
DP   2  22 00 1  F        12226.48
DP   2  22 01 0  F        11874.21
DP   2  22 01 1  F        11596.92
DP   2  22 02 0  F        11380.01
DP   2  22 02 1  F        11202.80
DP   2  22 03 0  F        11066.48
DP   2  22 03 1  F        10973.75
DP   2  22 04 0  F        10911.46
DP   2  22 04 1  F        10875.87
DP   2  22 05 0  F        10916.73
DP   2  22 05 1  F        11074.10
DP   2  22 06 0  F        11295.78
DP   2  22 06 1  F        11548.96
DP   2  22 07 0  F        11970.86
DP   2  22 07 1  F        12667.18
DP   2  22 08 0  F        13447.58
DP   2  22 08 1  F        14090.09
DP   2  22 09 0  F        14542.17
DP   2  22 09 1  F        14817.09
DP   2  22 10 0  F        15021.81
DP   2  22 10 1  F        15259.92
DP   2  22 11 0  F        15527.81
DP   2  22 11 1  F        15754.36
DP   2  22 12 0  F        15705.44
DP   2  22 12 1  F        15260.59
DP   2  22 13 0  F        14916.88
DP   2  22 13 1  F        15130.40
DP   2  22 14 0  F        15575.86
DP   2  22 14 1  F        15834.87
DP   2  22 15 0  F        15898.13
DP   2  22 15 1  F        15859.52
DP   2  22 16 0  F        15816.58
DP   2  22 16 1  F        15831.45
DP   2  22 17 0  F        15821.19
DP   2  22 17 1  F        15681.43
DP   2  22 18 0  F        15367.23
DP   2  22 18 1  F        14922.21
DP   2  22 19 0  F        14684.64
DP   2  22 19 1  F        14921.49
DP   2  22 20 0  F        15319.84
DP   2  22 20 1  F        15514.66
DP   2  22 21 0  F        15512.21
DP   2  22 21 1  F        15395.25
DP   2  22 22 0  F        15181.10
DP   2  22 22 1  F        14878.59
DP   2  22 23 0  F        14527.97
DP   2  22 23 1  F        14177.35
DP   3  22 00 0  F        13711.42
DP   3  22 00 1  F        13491.34
DP   3  22 01 0  F        13276.74
DP   3  22 01 1  F        13075.68
DP   3  22 02 0  F        12906.61
DP   3  22 02 1  F        12780.51
DP   3  22 03 0  F        12668.09
DP   3  22 03 1  F        12546.07
DP   3  22 04 0  F        12455.30
DP   3  22 04 1  F        12418.56
DP   3  22 05 0  F        12322.04
DP   3  22 05 1  F        12069.37
DP   3  22 06 0  F        11770.29
DP   3  22 06 1  F        11575.60
DP   3  22 07 0  F        11594.09
DP   3  22 07 1  F        11887.06
DP   3  22 08 0  F        12367.71
DP   3  22 08 1  F        12907.75
DP   3  22 09 0  F        13360.95
DP   3  22 09 1  F        13623.93
DP   3  22 10 0  F        13782.80
DP   3  22 10 1  F        13941.34
DP   3  22 11 0  F        14084.62
DP   3  22 11 1  F        14166.53
DP   3  22 12 0  F        14134.92
DP   3  22 12 1  F        13983.00
DP   3  22 13 0  F        13891.46
DP   3  22 13 1  F        14020.18
DP   3  22 14 0  F        14258.35
DP   3  22 14 1  F        14454.90
DP   3  22 15 0  F        14568.22
DP   3  22 15 1  F        14592.17
DP   3  22 16 0  F        14553.12
DP   3  22 16 1  F        14456.16
DP   3  22 17 0  F        14188.86
DP   3  22 17 1  F        13705.37
DP   3  22 18 0  F        13343.62
DP   3  22 18 1  F        13400.12
DP   3  22 19 0  F        13621.80
DP   3  22 19 1  F        13699.08
DP   3  22 20 0  F        13645.94
DP   3  22 20 1  F        13571.00
DP   3  22 21 0  F        13637.78
DP   3  22 21 1  F        13943.68
DP   3  22 22 0  F        14266.63
DP   3  22 22 1  F        14378.74
DP   3  22 23 0  F        14348.40
DP   3  22 23 1  F        14318.05
DP   4  22 00 0  F        7656.31
DP   4  22 00 1  F        7622.67
DP   4  22 01 0  F        7580.25
DP   4  22 01 1  F        7523.24
DP   4  22 02 0  F        7457.63
DP   4  22 02 1  F        7390.63
DP   4  22 03 0  F        7322.38
DP   4  22 03 1  F        7252.84
DP   4  22 04 0  F        7188.17
DP   4  22 04 1  F        7136.44
DP   4  22 05 0  F        7107.04
DP   4  22 05 1  F        7096.77
DP   4  22 06 0  F        7050.79
DP   4  22 06 1  F        6929.94
DP   4  22 07 0  F        6809.54
DP   4  22 07 1  F        6776.30
DP   4  22 08 0  F        6848.17
DP   4  22 08 1  F        7012.29
DP   4  22 09 0  F        7201.47
DP   4  22 09 1  F        7349.86
DP   4  22 10 0  F        7451.46
DP   4  22 10 1  F        7515.86
DP   4  22 11 0  F        7555.08
DP   4  22 11 1  F        7575.31
DP   4  22 12 0  F        7556.93
DP   4  22 12 1  F        7492.96
DP   4  22 13 0  F        7452.82
DP   4  22 13 1  F        7500.90
DP   4  22 14 0  F        7605.12
DP   4  22 14 1  F        7713.83
DP   4  22 15 0  F        7793.70
DP   4  22 15 1  F        7822.85
DP   4  22 16 0  F        7806.94
DP   4  22 16 1  F        7754.72
DP   4  22 17 0  F        7660.04
DP   4  22 17 1  F        7517.69
DP   4  22 18 0  F        7341.03
DP   4  22 18 1  F        7164.72
DP   4  22 19 0  F        7089.85
DP   4  22 19 1  F        7186.40
DP   4  22 20 0  F        7333.45
DP   4  22 20 1  F        7404.41
DP   4  22 21 0  F        7441.15
DP   4  22 21 1  F        7507.45
DP   4  22 22 0  F        7586.38
DP   4  22 22 1  F        7649.08
DP   4  22 23 0  F        7699.56
DP   4  22 23 1  F        7750.04
