&   CARGA
&
&   ss  di hi m df hf m Demanda
&X  XX  XX XX X XX XX X XXXXXXXXXX
DP   1  26 00 0  F        41356.49
DP   1  26 00 1  F        39821.25
DP   1  26 01 0  F        38454.48
DP   1  26 01 1  F        37379.40
DP   1  26 02 0  F        36538.21
DP   1  26 02 1  F        35849.85
DP   1  26 03 0  F        35321.19
DP   1  26 03 1  F        34976.39
DP   1  26 04 0  F        34820.76
DP   1  26 04 1  F        34848.66
DP   1  26 05 0  F        35029.48
DP   1  26 05 1  F        35344.58
DP   1  26 06 0  F        35848.05
DP   1  26 06 1  F        36620.19
DP   1  26 07 0  F        37773.41
DP   1  26 07 1  F        39346.87
DP   1  26 08 0  F        41054.70
DP   1  26 08 1  F        42589.65
DP   1  26 09 0  F        43883.88
DP   1  26 09 1  F        44935.30
DP   1  26 10 0  F        45765.58
DP   1  26 10 1  F        46406.73
DP   1  26 11 0  F        46908.56
DP   1  26 11 1  F        47284.17
DP   1  26 12 0  F        47381.89
DP   1  26 12 1  F        47138.73
DP   1  26 13 0  F        47011.16
DP   1  26 13 1  F        47400.87
DP   1  26 14 0  F        47970.95
DP   1  26 14 1  F        48317.65
DP   1  26 15 0  F        48508.50
DP   1  26 15 1  F        48669.48
DP   1  26 16 0  F        48689.15
DP   1  26 16 1  F        48427.46
DP   1  26 17 0  F        47867.23
DP   1  26 17 1  F        47066.02
DP   1  26 18 0  F        46257.35
DP   1  26 18 1  F        45754.45
DP   1  26 19 0  F        46013.53
DP   1  26 19 1  F        47222.46
DP   1  26 20 0  F        48352.86
DP   1  26 20 1  F        48431.48
DP   1  26 21 0  F        47921.84
DP   1  26 21 1  F        47448.04
DP   1  26 22 0  F        46839.82
DP   1  26 22 1  F        45831.71
DP   1  26 23 0  F        44571.95
DP   1  26 23 1  F        43312.18
DP   2  26 00 0  F        13186.36
DP   2  26 00 1  F        12634.30
DP   2  26 01 0  F        12156.01
DP   2  26 01 1  F        11802.81
DP   2  26 02 0  F        11536.05
DP   2  26 02 1  F        11308.28
DP   2  26 03 0  F        11126.78
DP   2  26 03 1  F        11003.89
DP   2  26 04 0  F        10917.43
DP   2  26 04 1  F        10854.00
DP   2  26 05 0  F        10869.87
DP   2  26 05 1  F        11012.43
DP   2  26 06 0  F        11223.82
DP   2  26 06 1  F        11462.94
DP   2  26 07 0  F        11860.92
DP   2  26 07 1  F        12520.70
DP   2  26 08 0  F        13260.13
DP   2  26 08 1  F        13864.25
DP   2  26 09 0  F        14272.03
DP   2  26 09 1  F        14493.02
DP   2  26 10 0  F        14665.31
DP   2  26 10 1  F        14917.12
DP   2  26 11 0  F        15208.51
DP   2  26 11 1  F        15431.96
DP   2  26 12 0  F        15377.62
DP   2  26 12 1  F        14948.38
DP   2  26 13 0  F        14600.22
DP   2  26 13 1  F        14754.58
DP   2  26 14 0  F        15141.46
DP   2  26 14 1  F        15398.58
DP   2  26 15 0  F        15485.93
DP   2  26 15 1  F        15453.76
DP   2  26 16 0  F        15390.94
DP   2  26 16 1  F        15368.98
DP   2  26 17 0  F        15351.32
DP   2  26 17 1  F        15269.96
DP   2  26 18 0  F        15039.35
DP   2  26 18 1  F        14651.34
DP   2  26 19 0  F        14424.98
DP   2  26 19 1  F        14621.54
DP   2  26 20 0  F        14943.79
DP   2  26 20 1  F        15048.61
DP   2  26 21 0  F        14967.71
DP   2  26 21 1  F        14805.38
DP   2  26 22 0  F        14581.60
DP   2  26 22 1  F        14300.69
DP   2  26 23 0  F        13988.50
DP   2  26 23 1  F        13676.31
DP   3  26 00 0  F        14049.04
DP   3  26 00 1  F        13782.89
DP   3  26 01 0  F        13540.39
DP   3  26 01 1  F        13339.18
DP   3  26 02 0  F        13172.77
DP   3  26 02 1  F        13029.37
DP   3  26 03 0  F        12899.88
DP   3  26 03 1  F        12783.09
DP   3  26 04 0  F        12706.48
DP   3  26 04 1  F        12673.95
DP   3  26 05 0  F        12566.36
DP   3  26 05 1  F        12287.15
DP   3  26 06 0  F        11953.02
DP   3  26 06 1  F        11721.35
DP   3  26 07 0  F        11698.96
DP   3  26 07 1  F        11941.46
DP   3  26 08 0  F        12350.13
DP   3  26 08 1  F        12793.85
DP   3  26 09 0  F        13166.25
DP   3  26 09 1  F        13396.76
DP   3  26 10 0  F        13533.43
DP   3  26 10 1  F        13642.64
DP   3  26 11 0  F        13745.45
DP   3  26 11 1  F        13834.33
DP   3  26 12 0  F        13832.78
DP   3  26 12 1  F        13698.44
DP   3  26 13 0  F        13594.38
DP   3  26 13 1  F        13676.86
DP   3  26 14 0  F        13869.39
DP   3  26 14 1  F        14052.26
DP   3  26 15 0  F        14165.42
DP   3  26 15 1  F        14179.34
DP   3  26 16 0  F        14126.65
DP   3  26 16 1  F        14026.93
DP   3  26 17 0  F        13785.49
DP   3  26 17 1  F        13366.45
DP   3  26 18 0  F        13083.65
DP   3  26 18 1  F        13205.98
DP   3  26 19 0  F        13472.87
DP   3  26 19 1  F        13574.20
DP   3  26 20 0  F        13531.20
DP   3  26 20 1  F        13456.50
DP   3  26 21 0  F        13497.17
DP   3  26 21 1  F        13741.38
DP   3  26 22 0  F        14007.36
DP   3  26 22 1  F        14106.36
DP   3  26 23 0  F        14091.64
DP   3  26 23 1  F        14076.91
DP   4  26 00 0  F        7904.53
DP   4  26 00 1  F        7862.23
DP   4  26 01 0  F        7803.81
DP   4  26 01 1  F        7720.10
DP   4  26 02 0  F        7629.87
DP   4  26 02 1  F        7551.51
DP   4  26 03 0  F        7474.04
DP   4  26 03 1  F        7385.16
DP   4  26 04 0  F        7296.64
DP   4  26 04 1  F        7224.04
DP   4  26 05 0  F        7174.04
DP   4  26 05 1  F        7139.51
DP   4  26 06 0  F        7066.99
DP   4  26 06 1  F        6919.64
DP   4  26 07 0  F        6773.42
DP   4  26 07 1  F        6718.50
DP   4  26 08 0  F        6789.25
DP   4  26 08 1  F        6982.81
DP   4  26 09 0  F        7203.37
DP   4  26 09 1  F        7357.43
DP   4  26 10 0  F        7453.81
DP   4  26 10 1  F        7520.71
DP   4  26 11 0  F        7561.42
DP   4  26 11 1  F        7572.74
DP   4  26 12 0  F        7550.22
DP   4  26 12 1  F        7502.29
DP   4  26 13 0  F        7490.08
DP   4  26 13 1  F        7566.23
DP   4  26 14 0  F        7696.66
DP   4  26 14 1  F        7828.84
DP   4  26 15 0  F        7923.29
DP   4  26 15 1  F        7952.84
DP   4  26 16 0  F        7926.53
DP   4  26 16 1  F        7858.31
DP   4  26 17 0  F        7745.55
DP   4  26 17 1  F        7588.15
DP   4  26 18 0  F        7412.78
DP   4  26 18 1  F        7263.63
DP   4  26 19 0  F        7228.24
DP   4  26 19 1  F        7357.56
DP   4  26 20 0  F        7512.94
DP   4  26 20 1  F        7558.81
DP   4  26 21 0  F        7561.81
DP   4  26 21 1  F        7610.74
DP   4  26 22 0  F        7680.91
DP   4  26 22 1  F        7730.72
DP   4  26 23 0  F        7764.62
DP   4  26 23 1  F        7798.51
