&   CARGA
&
&   ss  di hi m df hf m Demanda
&X  XX  XX XX X XX XX X XXXXXXXXXX
DP   1  23 00 0  F        42762.73
DP   1  23 00 1  F        41280.78
DP   1  23 01 0  F        39977.92
DP   1  23 01 1  F        38980.01
DP   1  23 02 0  F        38199.87
DP   1  23 02 1  F        37526.73
DP   1  23 03 0  F        36968.39
DP   1  23 03 1  F        36563.66
DP   1  23 04 0  F        36356.93
DP   1  23 04 1  F        36374.93
DP   1  23 05 0  F        36568.39
DP   1  23 05 1  F        36883.83
DP   1  23 06 0  F        37327.06
DP   1  23 06 1  F        37954.27
DP   1  23 07 0  F        38963.80
DP   1  23 07 1  F        40476.61
DP   1  23 08 0  F        42161.97
DP   1  23 08 1  F        43651.03
DP   1  23 09 0  F        44874.31
DP   1  23 09 1  F        45845.76
DP   1  23 10 0  F        46613.71
DP   1  23 10 1  F        47226.10
DP   1  23 11 0  F        47694.91
DP   1  23 11 1  F        48002.77
DP   1  23 12 0  F        48050.70
DP   1  23 12 1  F        47826.11
DP   1  23 13 0  F        47743.58
DP   1  23 13 1  F        48160.67
DP   1  23 14 0  F        48779.77
DP   1  23 14 1  F        49222.79
DP   1  23 15 0  F        49444.79
DP   1  23 15 1  F        49501.01
DP   1  23 16 0  F        49514.32
DP   1  23 16 1  F        49520.54
DP   1  23 17 0  F        49139.80
DP   1  23 17 1  F        48086.31
DP   1  23 18 0  F        46866.46
DP   1  23 18 1  F        46133.82
DP   1  23 19 0  F        46338.63
DP   1  23 19 1  F        47591.08
DP   1  23 20 0  F        48844.58
DP   1  23 20 1  F        49112.95
DP   1  23 21 0  F        48808.40
DP   1  23 21 1  F        48501.94
DP   1  23 22 0  F        48001.41
DP   1  23 22 1  F        47035.80
DP   1  23 23 0  F        45781.68
DP   1  23 23 1  F        44527.56
DP   2  23 00 0  F        14029.08
DP   2  23 00 1  F        13467.49
DP   2  23 01 0  F        12973.76
DP   2  23 01 1  F        12595.29
DP   2  23 02 0  F        12297.68
DP   2  23 02 1  F        12039.32
DP   2  23 03 0  F        11831.61
DP   2  23 03 1  F        11691.10
DP   2  23 04 0  F        11601.95
DP   2  23 04 1  F        11551.94
DP   2  23 05 0  F        11575.88
DP   2  23 05 1  F        11702.39
DP   2  23 06 0  F        11888.51
DP   2  23 06 1  F        12112.53
DP   2  23 07 0  F        12509.47
DP   2  23 07 1  F        13183.63
DP   2  23 08 0  F        13959.64
DP   2  23 08 1  F        14623.57
DP   2  23 09 0  F        15087.01
DP   2  23 09 1  F        15335.39
DP   2  23 10 0  F        15524.19
DP   2  23 10 1  F        15801.36
DP   2  23 11 0  F        16114.86
DP   2  23 11 1  F        16342.69
DP   2  23 12 0  F        16283.07
DP   2  23 12 1  F        15854.17
DP   2  23 13 0  F        15533.50
DP   2  23 13 1  F        15752.26
DP   2  23 14 0  F        16197.02
DP   2  23 14 1  F        16463.03
DP   2  23 15 0  F        16524.81
DP   2  23 15 1  F        16460.15
DP   2  23 16 0  F        16380.66
DP   2  23 16 1  F        16366.17
DP   2  23 17 0  F        16335.47
DP   2  23 17 1  F        16179.06
DP   2  23 18 0  F        15835.41
DP   2  23 18 1  F        15335.56
DP   2  23 19 0  F        15032.74
DP   2  23 19 1  F        15213.02
DP   2  23 20 0  F        15571.49
DP   2  23 20 1  F        15745.50
DP   2  23 21 0  F        15732.50
DP   2  23 21 1  F        15606.03
DP   2  23 22 0  F        15383.77
DP   2  23 22 1  F        15076.51
DP   2  23 23 0  F        14723.23
DP   2  23 23 1  F        14369.95
DP   3  23 00 0  F        14209.37
DP   3  23 00 1  F        13947.50
DP   3  23 01 0  F        13708.82
DP   3  23 01 1  F        13509.02
DP   3  23 02 0  F        13333.74
DP   3  23 02 1  F        13166.88
DP   3  23 03 0  F        13015.48
DP   3  23 03 1  F        12894.63
DP   3  23 04 0  F        12828.29
DP   3  23 04 1  F        12811.05
DP   3  23 05 0  F        12710.86
DP   3  23 05 1  F        12423.61
DP   3  23 06 0  F        12083.38
DP   3  23 06 1  F        11866.48
DP   3  23 07 0  F        11879.76
DP   3  23 07 1  F        12173.90
DP   3  23 08 0  F        12644.32
DP   3  23 08 1  F        13152.19
DP   3  23 09 0  F        13577.25
DP   3  23 09 1  F        13839.98
DP   3  23 10 0  F        14005.46
DP   3  23 10 1  F        14154.88
DP   3  23 11 0  F        14289.40
DP   3  23 11 1  F        14380.53
DP   3  23 12 0  F        14361.27
DP   3  23 12 1  F        14206.18
DP   3  23 13 0  F        14094.58
DP   3  23 13 1  F        14191.69
DP   3  23 14 0  F        14401.64
DP   3  23 14 1  F        14587.39
DP   3  23 15 0  F        14708.27
DP   3  23 15 1  F        14751.39
DP   3  23 16 0  F        14718.50
DP   3  23 16 1  F        14598.31
DP   3  23 17 0  F        14312.69
DP   3  23 17 1  F        13846.29
DP   3  23 18 0  F        13501.89
DP   3  23 18 1  F        13539.78
DP   3  23 19 0  F        13732.11
DP   3  23 19 1  F        13800.36
DP   3  23 20 0  F        13751.52
DP   3  23 20 1  F        13678.02
DP   3  23 21 0  F        13728.61
DP   3  23 21 1  F        13994.19
DP   3  23 22 0  F        14277.96
DP   3  23 22 1  F        14376.86
DP   3  23 23 0  F        14350.51
DP   3  23 23 1  F        14324.15
DP   4  23 00 0  F        7955.39
DP   4  23 00 1  F        7905.28
DP   4  23 01 0  F        7848.43
DP   4  23 01 1  F        7780.27
DP   4  23 02 0  F        7705.01
DP   4  23 02 1  F        7627.09
DP   4  23 03 0  F        7543.23
DP   4  23 03 1  F        7452.78
DP   4  23 04 0  F        7373.26
DP   4  23 04 1  F        7320.51
DP   4  23 05 0  F        7285.42
DP   4  23 05 1  F        7249.32
DP   4  23 06 0  F        7180.30
DP   4  23 06 1  F        7062.18
DP   4  23 07 0  F        6954.87
DP   4  23 07 1  F        6925.93
DP   4  23 08 0  F        6997.29
DP   4  23 08 1  F        7164.44
DP   4  23 09 0  F        7362.74
DP   4  23 09 1  F        7527.00
DP   4  23 10 0  F        7649.93
DP   4  23 10 1  F        7737.26
DP   4  23 11 0  F        7788.88
DP   4  23 11 1  F        7802.08
DP   4  23 12 0  F        7769.55
DP   4  23 12 1  F        7699.01
DP   4  23 13 0  F        7662.86
DP   4  23 13 1  F        7724.90
DP   4  23 14 0  F        7849.77
DP   4  23 14 1  F        7981.29
DP   4  23 15 0  F        8078.99
DP   4  23 15 1  F        8115.22
DP   4  23 16 0  F        8097.95
DP   4  23 16 1  F        8038.94
DP   4  23 17 0  F        7929.72
DP   4  23 17 1  F        7764.92
DP   4  23 18 0  F        7572.01
DP   4  23 18 1  F        7397.14
DP   4  23 19 0  F        7328.27
DP   4  23 19 1  F        7420.68
DP   4  23 20 0  F        7556.91
DP   4  23 20 1  F        7616.56
DP   4  23 21 0  F        7640.16
DP   4  23 21 1  F        7690.09
DP   4  23 22 0  F        7755.30
DP   4  23 22 1  F        7812.45
DP   4  23 23 0  F        7862.52
DP   4  23 23 1  F        7912.58
