&   CARGA
&
&   ss  di hi m df hf m Demanda
&X  XX  XX XX X XX XX X XXXXXXXXXX
DP   1  25 00 0  F        40836.10
DP   1  25 00 1  F        39247.01
DP   1  25 01 0  F        37899.16
DP   1  25 01 1  F        36955.91
DP   1  25 02 0  F        36269.02
DP   1  25 02 1  F        35658.12
DP   1  25 03 0  F        35126.02
DP   1  25 03 1  F        34730.12
DP   1  25 04 0  F        34563.03
DP   1  25 04 1  F        34686.07
DP   1  25 05 0  F        35000.39
DP   1  25 05 1  F        35402.20
DP   1  25 06 0  F        35928.29
DP   1  25 06 1  F        36657.94
DP   1  25 07 0  F        37699.79
DP   1  25 07 1  F        39098.06
DP   1  25 08 0  F        40609.84
DP   1  25 08 1  F        41972.43
DP   1  25 09 0  F        43130.91
DP   1  25 09 1  F        44079.45
DP   1  25 10 0  F        44800.86
DP   1  25 10 1  F        45300.04
DP   1  25 11 0  F        45681.95
DP   1  25 11 1  F        46007.91
DP   1  25 12 0  F        46064.80
DP   1  25 12 1  F        45718.68
DP   1  25 13 0  F        45426.86
DP   1  25 13 1  F        45627.11
DP   1  25 14 0  F        46088.01
DP   1  25 14 1  F        46476.24
DP   1  25 15 0  F        46720.21
DP   1  25 15 1  F        46834.74
DP   1  25 16 0  F        46918.64
DP   1  25 16 1  F        47005.14
DP   1  25 17 0  F        46781.15
DP   1  25 17 1  F        46015.62
DP   1  25 18 0  F        45152.00
DP   1  25 18 1  F        44747.68
DP   1  25 19 0  F        45141.27
DP   1  25 19 1  F        46369.52
DP   1  25 20 0  F        47480.67
DP   1  25 20 1  F        47596.14
DP   1  25 21 0  F        47118.75
DP   1  25 21 1  F        46597.12
DP   1  25 22 0  F        45881.82
DP   1  25 22 1  F        44746.01
DP   1  25 23 0  F        43351.39
DP   1  25 23 1  F        41956.76
DP   2  25 00 0  F        13307.87
DP   2  25 00 1  F        12757.19
DP   2  25 01 0  F        12288.33
DP   2  25 01 1  F        11956.49
DP   2  25 02 0  F        11710.58
DP   2  25 02 1  F        11491.19
DP   2  25 03 0  F        11312.09
DP   2  25 03 1  F        11193.80
DP   2  25 04 0  F        11110.83
DP   2  25 04 1  F        11045.22
DP   2  25 05 0  F        11055.27
DP   2  25 05 1  F        11189.53
DP   2  25 06 0  F        11381.32
DP   2  25 06 1  F        11584.14
DP   2  25 07 0  F        11947.37
DP   2  25 07 1  F        12588.49
DP   2  25 08 0  F        13301.33
DP   2  25 08 1  F        13852.11
DP   2  25 09 0  F        14220.31
DP   2  25 09 1  F        14452.37
DP   2  25 10 0  F        14649.49
DP   2  25 10 1  F        14897.06
DP   2  25 11 0  F        15162.65
DP   2  25 11 1  F        15356.82
DP   2  25 12 0  F        15279.98
DP   2  25 12 1  F        14838.54
DP   2  25 13 0  F        14473.21
DP   2  25 13 1  F        14591.74
DP   2  25 14 0  F        14935.65
DP   2  25 14 1  F        15159.17
DP   2  25 15 0  F        15233.56
DP   2  25 15 1  F        15215.14
DP   2  25 16 0  F        15183.49
DP   2  25 16 1  F        15197.95
DP   2  25 17 0  F        15213.64
DP   2  25 17 1  F        15158.45
DP   2  25 18 0  F        14955.44
DP   2  25 18 1  F        14603.31
DP   2  25 19 0  F        14408.04
DP   2  25 19 1  F        14617.70
DP   2  25 20 0  F        14941.28
DP   2  25 20 1  F        15045.16
DP   2  25 21 0  F        14964.28
DP   2  25 21 1  F        14802.27
DP   2  25 22 0  F        14568.81
DP   2  25 22 1  F        14259.51
DP   2  25 23 0  F        13907.60
DP   2  25 23 1  F        13555.68
DP   3  25 00 0  F        14035.53
DP   3  25 00 1  F        13783.55
DP   3  25 01 0  F        13552.61
DP   3  25 01 1  F        13357.21
DP   3  25 02 0  F        13185.67
DP   3  25 02 1  F        13025.13
DP   3  25 03 0  F        12884.30
DP   3  25 03 1  F        12777.04
DP   3  25 04 0  F        12716.09
DP   3  25 04 1  F        12688.85
DP   3  25 05 0  F        12582.57
DP   3  25 05 1  F        12309.65
DP   3  25 06 0  F        11983.49
DP   3  25 06 1  F        11757.07
DP   3  25 07 0  F        11740.96
DP   3  25 07 1  F        11993.80
DP   3  25 08 0  F        12408.91
DP   3  25 08 1  F        12850.18
DP   3  25 09 0  F        13229.08
DP   3  25 09 1  F        13490.14
DP   3  25 10 0  F        13662.69
DP   3  25 10 1  F        13791.83
DP   3  25 11 0  F        13900.95
DP   3  25 11 1  F        13990.03
DP   3  25 12 0  F        13987.23
DP   3  25 12 1  F        13854.01
DP   3  25 13 0  F        13757.04
DP   3  25 13 1  F        13853.66
DP   3  25 14 0  F        14058.86
DP   3  25 14 1  F        14246.61
DP   3  25 15 0  F        14369.41
DP   3  25 15 1  F        14407.97
DP   3  25 16 0  F        14377.41
DP   3  25 16 1  F        14279.74
DP   3  25 17 0  F        14030.00
DP   3  25 17 1  F        13601.92
DP   3  25 18 0  F        13291.02
DP   3  25 18 1  F        13353.63
DP   3  25 19 0  F        13567.59
DP   3  25 19 1  F        13659.66
DP   3  25 20 0  F        13630.64
DP   3  25 20 1  F        13565.75
DP   3  25 21 0  F        13613.59
DP   3  25 21 1  F        13868.93
DP   3  25 22 0  F        14147.79
DP   3  25 22 1  F        14257.94
DP   3  25 23 0  F        14253.01
DP   3  25 23 1  F        14248.08
DP   4  25 00 0  F        8049.69
DP   4  25 00 1  F        8006.83
DP   4  25 01 0  F        7945.14
DP   4  25 01 1  F        7854.31
DP   4  25 02 0  F        7758.01
DP   4  25 02 1  F        7678.54
DP   4  25 03 0  F        7598.55
DP   4  25 03 1  F        7501.26
DP   4  25 04 0  F        7411.71
DP   4  25 04 1  F        7355.31
DP   4  25 05 0  F        7317.02
DP   4  25 05 1  F        7271.35
DP   4  25 06 0  F        7191.38
DP   4  25 06 1  F        7065.53
DP   4  25 07 0  F        6944.70
DP   4  25 07 1  F        6892.53
DP   4  25 08 0  F        6961.01
DP   4  25 08 1  F        7169.95
DP   4  25 09 0  F        7422.19
DP   4  25 09 1  F        7616.55
DP   4  25 10 0  F        7752.76
DP   4  25 10 1  F        7851.57
DP   4  25 11 0  F        7917.01
DP   4  25 11 1  F        7946.21
DP   4  25 12 0  F        7925.31
DP   4  25 12 1  F        7858.70
DP   4  25 13 0  F        7834.67
DP   4  25 13 1  F        7930.72
DP   4  25 14 0  F        8097.19
DP   4  25 14 1  F        8259.81
DP   4  25 15 0  F        8372.88
DP   4  25 15 1  F        8409.12
DP   4  25 16 0  F        8386.26
DP   4  25 16 1  F        8324.18
DP   4  25 17 0  F        8206.38
DP   4  25 17 1  F        8018.75
DP   4  25 18 0  F        7793.20
DP   4  25 18 1  F        7583.97
DP   4  25 19 0  F        7488.43
DP   4  25 19 1  F        7569.35
DP   4  25 20 0  F        7708.08
DP   4  25 20 1  F        7779.80
DP   4  25 21 0  F        7816.73
DP   4  25 21 1  F        7874.16
DP   4  25 22 0  F        7942.91
DP   4  25 22 1  F        8003.03
DP   4  25 23 0  F        8056.14
DP   4  25 23 1  F        8109.26
