&   CARGA
&
&   ss  di hi m df hf m Demanda
&X  XX  XX XX X XX XX X XXXXXXXXXX
DP   1  09 00 0  F        46927.34
DP   1  09 00 1  F        45552.01
DP   1  09 01 0  F        44256.30
DP   1  09 01 1  F        43110.92
DP   1  09 02 0  F        42151.10
DP   1  09 02 1  F        41390.76
DP   1  09 03 0  F        40794.16
DP   1  09 03 1  F        40326.95
DP   1  09 04 0  F        40010.16
DP   1  09 04 1  F        39860.98
DP   1  09 05 0  F        39826.14
DP   1  09 05 1  F        39853.20
DP   1  09 06 0  F        39963.50
DP   1  09 06 1  F        40238.61
DP   1  09 07 0  F        40927.16
DP   1  09 07 1  F        42216.90
DP   1  09 08 0  F        43884.88
DP   1  09 08 1  F        45616.98
DP   1  09 09 0  F        47144.98
DP   1  09 09 1  F        48289.82
DP   1  09 10 0  F        49183.18
DP   1  09 10 1  F        49974.39
DP   1  09 11 0  F        50572.61
DP   1  09 11 1  F        50867.98
DP   1  09 12 0  F        50914.87
DP   1  09 12 1  F        50859.02
DP   1  09 13 0  F        51047.66
DP   1  09 13 1  F        51732.03
DP   1  09 14 0  F        52578.04
DP   1  09 14 1  F        53191.38
DP   1  09 15 0  F        53522.06
DP   1  09 15 1  F        53626.30
DP   1  09 16 0  F        53640.71
DP   1  09 16 1  F        53603.85
DP   1  09 17 0  F        53081.84
DP   1  09 17 1  F        51739.49
DP   1  09 18 0  F        50108.93
DP   1  09 18 1  F        48889.35
DP   1  09 19 0  F        48580.97
DP   1  09 19 1  F        49376.87
DP   1  09 20 0  F        50440.56
DP   1  09 20 1  F        50935.12
DP   1  09 21 0  F        51051.46
DP   1  09 21 1  F        51111.59
DP   1  09 22 0  F        50934.04
DP   1  09 22 1  F        50308.12
DP   1  09 23 0  F        49409.70
DP   1  09 23 1  F        48511.28
DP   2  09 00 0  F        16170.14
DP   2  09 00 1  F        15623.79
DP   2  09 01 0  F        15124.99
DP   2  09 01 1  F        14707.39
DP   2  09 02 0  F        14349.16
DP   2  09 02 1  F        14024.13
DP   2  09 03 0  F        13744.27
DP   2  09 03 1  F        13526.16
DP   2  09 04 0  F        13366.48
DP   2  09 04 1  F        13260.48
DP   2  09 05 0  F        13217.52
DP   2  09 05 1  F        13238.24
DP   2  09 06 0  F        13274.35
DP   2  09 06 1  F        13319.26
DP   2  09 07 0  F        13582.08
DP   2  09 07 1  F        14237.58
DP   2  09 08 0  F        15107.43
DP   2  09 08 1  F        15946.69
DP   2  09 09 0  F        16597.02
DP   2  09 09 1  F        16978.38
DP   2  09 10 0  F        17237.57
DP   2  09 10 1  F        17536.03
DP   2  09 11 0  F        17867.01
DP   2  09 11 1  F        18144.44
DP   2  09 12 0  F        18133.25
DP   2  09 12 1  F        17731.12
DP   2  09 13 0  F        17515.86
DP   2  09 13 1  F        17996.10
DP   2  09 14 0  F        18723.75
DP   2  09 14 1  F        19147.65
DP   2  09 15 0  F        19261.10
DP   2  09 15 1  F        19191.59
DP   2  09 16 0  F        19059.07
DP   2  09 16 1  F        18938.56
DP   2  09 17 0  F        18732.98
DP   2  09 17 1  F        18314.80
DP   2  09 18 0  F        17606.74
DP   2  09 18 1  F        16665.83
DP   2  09 19 0  F        16035.83
DP   2  09 19 1  F        16161.73
DP   2  09 20 0  F        16606.61
DP   2  09 20 1  F        16855.64
DP   2  09 21 0  F        16964.40
DP   2  09 21 1  F        17077.49
DP   2  09 22 0  F        17125.36
DP   2  09 22 1  F        17021.10
DP   2  09 23 0  F        16822.67
DP   2  09 23 1  F        16624.24
DP   3  09 00 0  F        14026.90
DP   3  09 00 1  F        13802.10
DP   3  09 01 0  F        13578.39
DP   3  09 01 1  F        13360.82
DP   3  09 02 0  F        13170.37
DP   3  09 02 1  F        13022.48
DP   3  09 03 0  F        12894.46
DP   3  09 03 1  F        12767.99
DP   3  09 04 0  F        12680.31
DP   3  09 04 1  F        12647.35
DP   3  09 05 0  F        12544.27
DP   3  09 05 1  F        12266.48
DP   3  09 06 0  F        11931.02
DP   3  09 06 1  F        11698.97
DP   3  09 07 0  F        11685.78
DP   3  09 07 1  F        11954.10
DP   3  09 08 0  F        12400.98
DP   3  09 08 1  F        12887.82
DP   3  09 09 0  F        13299.17
DP   3  09 09 1  F        13558.50
DP   3  09 10 0  F        13721.85
DP   3  09 10 1  F        13861.81
DP   3  09 11 0  F        13984.34
DP   3  09 11 1  F        14068.51
DP   3  09 12 0  F        14052.22
DP   3  09 12 1  F        13911.59
DP   3  09 13 0  F        13816.53
DP   3  09 13 1  F        13924.48
DP   3  09 14 0  F        14149.31
DP   3  09 14 1  F        14361.43
DP   3  09 15 0  F        14501.21
DP   3  09 15 1  F        14538.76
DP   3  09 16 0  F        14493.44
DP   3  09 16 1  F        14371.91
DP   3  09 17 0  F        14080.74
DP   3  09 17 1  F        13588.77
DP   3  09 18 0  F        13213.86
DP   3  09 18 1  F        13238.13
DP   3  09 19 0  F        13451.59
DP   3  09 19 1  F        13581.23
DP   3  09 20 0  F        13593.99
DP   3  09 20 1  F        13544.76
DP   3  09 21 0  F        13600.37
DP   3  09 21 1  F        13877.96
DP   3  09 22 0  F        14183.91
DP   3  09 22 1  F        14312.40
DP   3  09 23 0  F        14319.44
DP   3  09 23 1  F        14326.47
DP   4  09 00 0  F        7942.94
DP   4  09 00 1  F        7885.77
DP   4  09 01 0  F        7816.65
DP   4  09 01 1  F        7729.76
DP   4  09 02 0  F        7643.81
DP   4  09 02 1  F        7574.67
DP   4  09 03 0  F        7502.28
DP   4  09 03 1  F        7408.44
DP   4  09 04 0  F        7318.30
DP   4  09 04 1  F        7259.87
DP   4  09 05 0  F        7229.18
DP   4  09 05 1  F        7205.44
DP   4  09 06 0  F        7132.68
DP   4  09 06 1  F        6975.14
DP   4  09 07 0  F        6813.26
DP   4  09 07 1  F        6740.99
DP   4  09 08 0  F        6790.27
DP   4  09 08 1  F        6955.37
DP   4  09 09 0  F        7142.19
DP   4  09 09 1  F        7261.87
DP   4  09 10 0  F        7335.10
DP   4  09 10 1  F        7399.18
DP   4  09 11 0  F        7448.38
DP   4  09 11 1  F        7467.98
DP   4  09 12 0  F        7450.45
DP   4  09 12 1  F        7406.02
DP   4  09 13 0  F        7408.85
DP   4  09 13 1  F        7520.53
DP   4  09 14 0  F        7688.70
DP   4  09 14 1  F        7842.86
DP   4  09 15 0  F        7953.92
DP   4  09 15 1  F        8008.04
DP   4  09 16 0  F        8011.04
DP   4  09 16 1  F        7969.71
DP   4  09 17 0  F        7875.08
DP   4  09 17 1  F        7723.57
DP   4  09 18 0  F        7548.94
DP   4  09 18 1  F        7404.07
DP   4  09 19 0  F        7380.90
DP   4  09 19 1  F        7532.14
DP   4  09 20 0  F        7714.51
DP   4  09 20 1  F        7786.48
DP   4  09 21 0  F        7809.63
DP   4  09 21 1  F        7869.90
DP   4  09 22 0  F        7947.38
DP   4  09 22 1  F        8005.86
DP   4  09 23 0  F        8049.76
DP   4  09 23 1  F        8093.66
