&   CARGA
&
&   ss  di hi m df hf m Demanda
&X  XX  XX XX X XX XX X XXXXXXXXXX
DP   1  15 00 0  F        43256.35
DP   1  15 00 1  F        42194.66
DP   1  15 01 0  F        41199.64
DP   1  15 01 1  F        40325.32
DP   1  15 02 0  F        39575.01
DP   1  15 02 1  F        38941.72
DP   1  15 03 0  F        38427.75
DP   1  15 03 1  F        38041.49
DP   1  15 04 0  F        37806.33
DP   1  15 04 1  F        37731.68
DP   1  15 05 0  F        37755.93
DP   1  15 05 1  F        37833.98
DP   1  15 06 0  F        38057.69
DP   1  15 06 1  F        38562.52
DP   1  15 07 0  F        39521.41
DP   1  15 07 1  F        41036.13
DP   1  15 08 0  F        42886.23
DP   1  15 08 1  F        44779.19
DP   1  15 09 0  F        46456.34
DP   1  15 09 1  F        47742.93
DP   1  15 10 0  F        48766.33
DP   1  15 10 1  F        49667.77
DP   1  15 11 0  F        50342.13
DP   1  15 11 1  F        50667.75
DP   1  15 12 0  F        50703.41
DP   1  15 12 1  F        50609.86
DP   1  15 13 0  F        50775.42
DP   1  15 13 1  F        51477.02
DP   1  15 14 0  F        52318.59
DP   1  15 14 1  F        52853.22
DP   1  15 15 0  F        53103.77
DP   1  15 15 1  F        53200.84
DP   1  15 16 0  F        53236.40
DP   1  15 16 1  F        53186.52
DP   1  15 17 0  F        52602.33
DP   1  15 17 1  F        51157.58
DP   1  15 18 0  F        49441.35
DP   1  15 18 1  F        48216.86
DP   1  15 19 0  F        48028.54
DP   1  15 19 1  F        49069.86
DP   1  15 20 0  F        50349.39
DP   1  15 20 1  F        50894.71
DP   1  15 21 0  F        50994.43
DP   1  15 21 1  F        51086.52
DP   1  15 22 0  F        50945.38
DP   1  15 22 1  F        50296.80
DP   1  15 23 0  F        49335.84
DP   1  15 23 1  F        48374.88
DP   2  15 00 0  F        13834.15
DP   2  15 00 1  F        13469.46
DP   2  15 01 0  F        13130.47
DP   2  15 01 1  F        12837.31
DP   2  15 02 0  F        12587.65
DP   2  15 02 1  F        12374.99
DP   2  15 03 0  F        12198.74
DP   2  15 03 1  F        12059.58
DP   2  15 04 0  F        11957.59
DP   2  15 04 1  F        11895.39
DP   2  15 05 0  F        11886.40
DP   2  15 05 1  F        11935.24
DP   2  15 06 0  F        12000.55
DP   2  15 06 1  F        12080.64
DP   2  15 07 0  F        12378.51
DP   2  15 07 1  F        13057.01
DP   2  15 08 0  F        13913.74
DP   2  15 08 1  F        14694.59
DP   2  15 09 0  F        15303.94
DP   2  15 09 1  F        15715.20
DP   2  15 10 0  F        16019.57
DP   2  15 10 1  F        16320.49
DP   2  15 11 0  F        16652.67
DP   2  15 11 1  F        16976.32
DP   2  15 12 0  F        17022.49
DP   2  15 12 1  F        16649.75
DP   2  15 13 0  F        16455.80
DP   2  15 13 1  F        16973.87
DP   2  15 14 0  F        17740.04
DP   2  15 14 1  F        18185.80
DP   2  15 15 0  F        18321.48
DP   2  15 15 1  F        18293.25
DP   2  15 16 0  F        18212.01
DP   2  15 16 1  F        18142.96
DP   2  15 17 0  F        18004.03
DP   2  15 17 1  F        17676.53
DP   2  15 18 0  F        17042.65
DP   2  15 18 1  F        16129.77
DP   2  15 19 0  F        15545.16
DP   2  15 19 1  F        15783.58
DP   2  15 20 0  F        16309.85
DP   2  15 20 1  F        16516.13
DP   2  15 21 0  F        16533.86
DP   2  15 21 1  F        16600.10
DP   2  15 22 0  F        16634.94
DP   2  15 22 1  F        16521.67
DP   2  15 23 0  F        16313.13
DP   2  15 23 1  F        16104.59
DP   3  15 00 0  F        13000.58
DP   3  15 00 1  F        12793.72
DP   3  15 01 0  F        12591.45
DP   3  15 01 1  F        12401.14
DP   3  15 02 0  F        12241.18
DP   3  15 02 1  F        12123.62
DP   3  15 03 0  F        12024.14
DP   3  15 03 1  F        11921.71
DP   3  15 04 0  F        11844.90
DP   3  15 04 1  F        11806.96
DP   3  15 05 0  F        11710.19
DP   3  15 05 1  F        11474.18
DP   3  15 06 0  F        11198.58
DP   3  15 06 1  F        11019.14
DP   3  15 07 0  F        11036.00
DP   3  15 07 1  F        11305.20
DP   3  15 08 0  F        11741.95
DP   3  15 08 1  F        12224.81
DP   3  15 09 0  F        12626.42
DP   3  15 09 1  F        12859.29
DP   3  15 10 0  F        13001.09
DP   3  15 10 1  F        13144.57
DP   3  15 11 0  F        13277.54
DP   3  15 11 1  F        13359.00
DP   3  15 12 0  F        13337.69
DP   3  15 12 1  F        13203.99
DP   3  15 13 0  F        13125.18
DP   3  15 13 1  F        13250.38
DP   3  15 14 0  F        13479.21
DP   3  15 14 1  F        13671.89
DP   3  15 15 0  F        13780.54
DP   3  15 15 1  F        13792.24
DP   3  15 16 0  F        13742.18
DP   3  15 16 1  F        13650.31
DP   3  15 17 0  F        13427.77
DP   3  15 17 1  F        13038.83
DP   3  15 18 0  F        12769.06
DP   3  15 18 1  F        12864.85
DP   3  15 19 0  F        13094.40
DP   3  15 19 1  F        13180.00
DP   3  15 20 0  F        13138.54
DP   3  15 20 1  F        13073.69
DP   3  15 21 0  F        13141.70
DP   3  15 21 1  F        13435.08
DP   3  15 22 0  F        13738.66
DP   3  15 22 1  F        13832.50
DP   3  15 23 0  F        13785.39
DP   3  15 23 1  F        13738.29
DP   4  15 00 0  F        7384.01
DP   4  15 00 1  F        7329.64
DP   4  15 01 0  F        7279.91
DP   4  15 01 1  F        7237.16
DP   4  15 02 0  F        7194.75
DP   4  15 02 1  F        7144.90
DP   4  15 03 0  F        7084.52
DP   4  15 03 1  F        7014.05
DP   4  15 04 0  F        6943.60
DP   4  15 04 1  F        6885.95
DP   4  15 05 0  F        6855.15
DP   4  15 05 1  F        6849.75
DP   4  15 06 0  F        6805.12
DP   4  15 06 1  F        6673.65
DP   4  15 07 0  F        6538.82
DP   4  15 07 1  F        6496.61
DP   4  15 08 0  F        6561.61
DP   4  15 08 1  F        6714.69
DP   4  15 09 0  F        6882.98
DP   4  15 09 1  F        6998.92
DP   4  15 10 0  F        7069.87
DP   4  15 10 1  F        7118.80
DP   4  15 11 0  F        7156.27
DP   4  15 11 1  F        7184.08
DP   4  15 12 0  F        7181.50
DP   4  15 12 1  F        7140.83
DP   4  15 13 0  F        7129.02
DP   4  15 13 1  F        7209.39
DP   4  15 14 0  F        7356.09
DP   4  15 14 1  F        7519.79
DP   4  15 15 0  F        7646.40
DP   4  15 15 1  F        7696.09
DP   4  15 16 0  F        7690.81
DP   4  15 16 1  F        7657.74
DP   4  15 17 0  F        7583.05
DP   4  15 17 1  F        7453.87
DP   4  15 18 0  F        7302.07
DP   4  15 18 1  F        7178.45
DP   4  15 19 0  F        7164.67
DP   4  15 19 1  F        7305.25
DP   4  15 20 0  F        7465.42
DP   4  15 20 1  F        7514.92
DP   4  15 21 0  F        7521.03
DP   4  15 21 1  F        7572.89
DP   4  15 22 0  F        7649.75
DP   4  15 22 1  F        7713.33
DP   4  15 23 0  F        7765.30
DP   4  15 23 1  F        7817.26
