&   CARGA
&
&   ss  di hi m df hf m Demanda
&X  XX  XX XX X XX XX X XXXXXXXXXX
DP   1  10 00 0  F        47209.66
DP   1  10 00 1  F        45860.66
DP   1  10 01 0  F        44579.62
DP   1  10 01 1  F        43429.52
DP   1  10 02 0  F        42453.35
DP   1  10 02 1  F        41673.89
DP   1  10 03 0  F        41052.92
DP   1  10 03 1  F        40556.20
DP   1  10 04 0  F        40226.36
DP   1  10 04 1  F        40093.92
DP   1  10 05 0  F        40063.98
DP   1  10 05 1  F        40045.37
DP   1  10 06 0  F        40087.23
DP   1  10 06 1  F        40311.23
DP   1  10 07 0  F        40988.81
DP   1  10 07 1  F        42314.08
DP   1  10 08 0  F        44022.13
DP   1  10 08 1  F        45759.37
DP   1  10 09 0  F        47276.30
DP   1  10 09 1  F        48420.39
DP   1  10 10 0  F        49323.02
DP   1  10 10 1  F        50123.93
DP   1  10 11 0  F        50712.53
DP   1  10 11 1  F        50971.96
DP   1  10 12 0  F        51010.40
DP   1  10 12 1  F        51017.71
DP   1  10 13 0  F        51285.37
DP   1  10 13 1  F        52007.75
DP   1  10 14 0  F        52889.08
DP   1  10 14 1  F        53576.37
DP   1  10 15 0  F        53977.86
DP   1  10 15 1  F        54099.84
DP   1  10 16 0  F        54079.50
DP   1  10 16 1  F        53971.94
DP   1  10 17 0  F        53372.95
DP   1  10 17 1  F        51981.32
DP   1  10 18 0  F        50367.25
DP   1  10 18 1  F        49243.58
DP   1  10 19 0  F        49022.46
DP   1  10 19 1  F        49813.71
DP   1  10 20 0  F        50818.42
DP   1  10 20 1  F        51256.01
DP   1  10 21 0  F        51327.98
DP   1  10 21 1  F        51356.52
DP   1  10 22 0  F        51164.35
DP   1  10 22 1  F        50543.31
DP   1  10 23 0  F        49660.86
DP   1  10 23 1  F        48778.41
DP   2  10 00 0  F        15367.54
DP   2  10 00 1  F        14836.34
DP   2  10 01 0  F        14351.90
DP   2  10 01 1  F        13948.57
DP   2  10 02 0  F        13611.09
DP   2  10 02 1  F        13318.20
DP   2  10 03 0  F        13074.20
DP   2  10 03 1  F        12887.39
DP   2  10 04 0  F        12756.56
DP   2  10 04 1  F        12678.43
DP   2  10 05 0  F        12651.01
DP   2  10 05 1  F        12667.36
DP   2  10 06 0  F        12699.34
DP   2  10 06 1  F        12757.06
DP   2  10 07 0  F        13024.69
DP   2  10 07 1  F        13650.71
DP   2  10 08 0  F        14466.93
DP   2  10 08 1  F        15246.46
DP   2  10 09 0  F        15844.30
DP   2  10 09 1  F        16187.49
DP   2  10 10 0  F        16409.25
DP   2  10 10 1  F        16658.24
DP   2  10 11 0  F        16938.67
DP   2  10 11 1  F        17177.55
DP   2  10 12 0  F        17137.61
DP   2  10 12 1  F        16709.10
DP   2  10 13 0  F        16456.69
DP   2  10 13 1  F        16879.59
DP   2  10 14 0  F        17540.76
DP   2  10 14 1  F        17904.55
DP   2  10 15 0  F        17977.01
DP   2  10 15 1  F        17894.31
DP   2  10 16 0  F        17771.41
DP   2  10 16 1  F        17678.51
DP   2  10 17 0  F        17528.09
DP   2  10 17 1  F        17202.01
DP   2  10 18 0  F        16617.38
DP   2  10 18 1  F        15812.49
DP   2  10 19 0  F        15274.84
DP   2  10 19 1  F        15405.60
DP   2  10 20 0  F        15811.24
DP   2  10 20 1  F        16027.69
DP   2  10 21 0  F        16103.56
DP   2  10 21 1  F        16170.20
DP   2  10 22 0  F        16177.35
DP   2  10 22 1  F        16058.25
DP   2  10 23 0  F        15861.58
DP   2  10 23 1  F        15664.92
DP   3  10 00 0  F        13615.68
DP   3  10 00 1  F        13382.92
DP   3  10 01 0  F        13163.70
DP   3  10 01 1  F        12969.37
DP   3  10 02 0  F        12802.64
DP   3  10 02 1  F        12660.23
DP   3  10 03 0  F        12523.81
DP   3  10 03 1  F        12384.66
DP   3  10 04 0  F        12287.55
DP   3  10 04 1  F        12255.57
DP   3  10 05 0  F        12171.53
DP   3  10 05 1  F        11931.63
DP   3  10 06 0  F        11626.01
DP   3  10 06 1  F        11390.72
DP   3  10 07 0  F        11351.66
DP   3  10 07 1  F        11585.83
DP   3  10 08 0  F        11984.89
DP   3  10 08 1  F        12408.81
DP   3  10 09 0  F        12776.34
DP   3  10 09 1  F        13037.86
DP   3  10 10 0  F        13211.73
DP   3  10 10 1  F        13332.31
DP   3  10 11 0  F        13429.94
DP   3  10 11 1  F        13513.91
DP   3  10 12 0  F        13513.16
DP   3  10 12 1  F        13386.27
DP   3  10 13 0  F        13290.63
DP   3  10 13 1  F        13377.89
DP   3  10 14 0  F        13577.65
DP   3  10 14 1  F        13775.12
DP   3  10 15 0  F        13899.99
DP   3  10 15 1  F        13913.03
DP   3  10 16 0  F        13854.93
DP   3  10 16 1  F        13754.95
DP   3  10 17 0  F        13516.77
DP   3  10 17 1  F        13095.19
DP   3  10 18 0  F        12774.90
DP   3  10 18 1  F        12812.86
DP   3  10 19 0  F        13025.12
DP   3  10 19 1  F        13170.11
DP   3  10 20 0  F        13216.62
DP   3  10 20 1  F        13208.42
DP   3  10 21 0  F        13278.97
DP   3  10 21 1  F        13520.99
DP   3  10 22 0  F        13774.55
DP   3  10 22 1  F        13871.40
DP   3  10 23 0  F        13862.50
DP   3  10 23 1  F        13853.59
DP   4  10 00 0  F        7943.50
DP   4  10 00 1  F        7897.03
DP   4  10 01 0  F        7844.41
DP   4  10 01 1  F        7780.81
DP   4  10 02 0  F        7706.65
DP   4  10 02 1  F        7624.41
DP   4  10 03 0  F        7539.70
DP   4  10 03 1  F        7458.25
DP   4  10 04 0  F        7383.39
DP   4  10 04 1  F        7319.63
DP   4  10 05 0  F        7278.59
DP   4  10 05 1  F        7258.24
DP   4  10 06 0  F        7194.88
DP   4  10 06 1  F        7041.70
DP   4  10 07 0  F        6881.21
DP   4  10 07 1  F        6810.92
DP   4  10 08 0  F        6858.88
DP   4  10 08 1  F        7016.47
DP   4  10 09 0  F        7198.01
DP   4  10 09 1  F        7320.87
DP   4  10 10 0  F        7391.88
DP   4  10 10 1  F        7437.58
DP   4  10 11 0  F        7473.88
DP   4  10 11 1  F        7505.97
DP   4  10 12 0  F        7506.88
DP   4  10 12 1  F        7463.09
DP   4  10 13 0  F        7447.19
DP   4  10 13 1  F        7528.58
DP   4  10 14 0  F        7677.76
DP   4  10 14 1  F        7840.89
DP   4  10 15 0  F        7965.49
DP   4  10 15 1  F        8012.69
DP   4  10 16 0  F        7996.45
DP   4  10 16 1  F        7937.52
DP   4  10 17 0  F        7830.74
DP   4  10 17 1  F        7675.67
DP   4  10 18 0  F        7516.62
DP   4  10 18 1  F        7409.16
DP   4  10 19 0  F        7409.07
DP   4  10 19 1  F        7538.44
DP   4  10 20 0  F        7684.44
DP   4  10 20 1  F        7740.48
DP   4  10 21 0  F        7759.66
DP   4  10 21 1  F        7813.51
DP   4  10 22 0  F        7887.42
DP   4  10 22 1  F        7952.62
DP   4  10 23 0  F        8009.77
DP   4  10 23 1  F        8066.93
