&   CARGA
&
&   ss  di hi m df hf m Demanda
&X  XX  XX XX X XX XX X XXXXXXXXXX
DP   1  14 00 0  F        43132.00
DP   1  14 00 1  F        42135.17
DP   1  14 01 0  F        41166.23
DP   1  14 01 1  F        40252.57
DP   1  14 02 0  F        39419.52
DP   1  14 02 1  F        38687.31
DP   1  14 03 0  F        38057.76
DP   1  14 03 1  F        37531.46
DP   1  14 04 0  F        37122.64
DP   1  14 04 1  F        36821.69
DP   1  14 05 0  F        36509.96
DP   1  14 05 1  F        36070.26
DP   1  14 06 0  F        35500.04
DP   1  14 06 1  F        34890.45
DP   1  14 07 0  F        34592.70
DP   1  14 07 1  F        34893.03
DP   1  14 08 0  F        35557.64
DP   1  14 08 1  F        36276.64
DP   1  14 09 0  F        36955.74
DP   1  14 09 1  F        37566.62
DP   1  14 10 0  F        38129.33
DP   1  14 10 1  F        38664.65
DP   1  14 11 0  F        39147.96
DP   1  14 11 1  F        39551.79
DP   1  14 12 0  F        39882.64
DP   1  14 12 1  F        40153.06
DP   1  14 13 0  F        40365.86
DP   1  14 13 1  F        40518.69
DP   1  14 14 0  F        40598.24
DP   1  14 14 1  F        40607.01
DP   1  14 15 0  F        40621.56
DP   1  14 15 1  F        40723.13
DP   1  14 16 0  F        40937.54
DP   1  14 16 1  F        41252.83
DP   1  14 17 0  F        41561.20
DP   1  14 17 1  F        41769.09
DP   1  14 18 0  F        41935.72
DP   1  14 18 1  F        42209.17
DP   1  14 19 0  F        42940.27
DP   1  14 19 1  F        44309.24
DP   1  14 20 0  F        45611.37
DP   1  14 20 1  F        46153.86
DP   1  14 21 0  F        46176.76
DP   1  14 21 1  F        46058.27
DP   1  14 22 0  F        45796.60
DP   1  14 22 1  F        45331.04
DP   1  14 23 0  F        44745.47
DP   1  14 23 1  F        44159.91
DP   2  14 00 0  F        13330.08
DP   2  14 00 1  F        12920.96
DP   2  14 01 0  F        12536.67
DP   2  14 01 1  F        12196.29
DP   2  14 02 0  F        11895.85
DP   2  14 02 1  F        11628.54
DP   2  14 03 0  F        11399.18
DP   2  14 03 1  F        11214.07
DP   2  14 04 0  F        11073.68
DP   2  14 04 1  F        10972.02
DP   2  14 05 0  F        10883.03
DP   2  14 05 1  F        10775.41
DP   2  14 06 0  F        10616.80
DP   2  14 06 1  F        10418.95
DP   2  14 07 0  F        10370.83
DP   2  14 07 1  F        10628.16
DP   2  14 08 0  F        11036.46
DP   2  14 08 1  F        11402.96
DP   2  14 09 0  F        11692.11
DP   2  14 09 1  F        11917.07
DP   2  14 10 0  F        12128.61
DP   2  14 10 1  F        12371.88
DP   2  14 11 0  F        12632.05
DP   2  14 11 1  F        12865.94
DP   2  14 12 0  F        12976.98
DP   2  14 12 1  F        12917.54
DP   2  14 13 0  F        12888.96
DP   2  14 13 1  F        13074.19
DP   2  14 14 0  F        13333.40
DP   2  14 14 1  F        13491.00
DP   2  14 15 0  F        13550.88
DP   2  14 15 1  F        13561.47
DP   2  14 16 0  F        13569.70
DP   2  14 16 1  F        13612.98
DP   2  14 17 0  F        13692.04
DP   2  14 17 1  F        13774.24
DP   2  14 18 0  F        13730.13
DP   2  14 18 1  F        13508.50
DP   2  14 19 0  F        13467.98
DP   2  14 19 1  F        13901.97
DP   2  14 20 0  F        14432.98
DP   2  14 20 1  F        14644.58
DP   2  14 21 0  F        14635.20
DP   2  14 21 1  F        14586.42
DP   2  14 22 0  F        14497.41
DP   2  14 22 1  F        14336.72
DP   2  14 23 0  F        14132.70
DP   2  14 23 1  F        13928.68
DP   3  14 00 0  F        13103.50
DP   3  14 00 1  F        12931.02
DP   3  14 01 0  F        12766.36
DP   3  14 01 1  F        12614.43
DP   3  14 02 0  F        12468.63
DP   3  14 02 1  F        12322.86
DP   3  14 03 0  F        12184.75
DP   3  14 03 1  F        12065.63
DP   3  14 04 0  F        11978.11
DP   3  14 04 1  F        11914.05
DP   3  14 05 0  F        11781.21
DP   3  14 05 1  F        11500.87
DP   3  14 06 0  F        11132.58
DP   3  14 06 1  F        10773.16
DP   3  14 07 0  F        10530.05
DP   3  14 07 1  F        10474.39
DP   3  14 08 0  F        10521.42
DP   3  14 08 1  F        10568.71
DP   3  14 09 0  F        10599.19
DP   3  14 09 1  F        10618.59
DP   3  14 10 0  F        10638.74
DP   3  14 10 1  F        10672.44
DP   3  14 11 0  F        10730.41
DP   3  14 11 1  F        10813.02
DP   3  14 12 0  F        10881.09
DP   3  14 12 1  F        10901.48
DP   3  14 13 0  F        10904.44
DP   3  14 13 1  F        10926.72
DP   3  14 14 0  F        10967.42
DP   3  14 14 1  F        11014.70
DP   3  14 15 0  F        11050.52
DP   3  14 15 1  F        11062.91
DP   3  14 16 0  F        11070.49
DP   3  14 16 1  F        11090.42
DP   3  14 17 0  F        11103.63
DP   3  14 17 1  F        11126.61
DP   3  14 18 0  F        11354.22
DP   3  14 18 1  F        11913.90
DP   3  14 19 0  F        12484.90
DP   3  14 19 1  F        12741.76
DP   3  14 20 0  F        12788.31
DP   3  14 20 1  F        12804.17
DP   3  14 21 0  F        12842.87
DP   3  14 21 1  F        12914.22
DP   3  14 22 0  F        12979.08
DP   3  14 22 1  F        12999.46
DP   3  14 23 0  F        12990.92
DP   3  14 23 1  F        12982.38
DP   4  14 00 0  F        7290.24
DP   4  14 00 1  F        7246.04
DP   4  14 01 0  F        7203.51
DP   4  14 01 1  F        7163.14
DP   4  14 02 0  F        7120.84
DP   4  14 02 1  F        7072.33
DP   4  14 03 0  F        7017.38
DP   4  14 03 1  F        6957.16
DP   4  14 04 0  F        6894.51
DP   4  14 04 1  F        6834.72
DP   4  14 05 0  F        6791.18
DP   4  14 05 1  F        6765.46
DP   4  14 06 0  F        6703.83
DP   4  14 06 1  F        6563.54
DP   4  14 07 0  F        6400.94
DP   4  14 07 1  F        6281.08
DP   4  14 08 0  F        6204.63
DP   4  14 08 1  F        6156.95
DP   4  14 09 0  F        6126.55
DP   4  14 09 1  F        6103.48
DP   4  14 10 0  F        6080.89
DP   4  14 10 1  F        6057.11
DP   4  14 11 0  F        6048.02
DP   4  14 11 1  F        6065.33
DP   4  14 12 0  F        6086.63
DP   4  14 12 1  F        6091.67
DP   4  14 13 0  F        6103.17
DP   4  14 13 1  F        6146.38
DP   4  14 14 0  F        6213.80
DP   4  14 14 1  F        6289.44
DP   4  14 15 0  F        6355.97
DP   4  14 15 1  F        6400.10
DP   4  14 16 0  F        6425.90
DP   4  14 16 1  F        6440.18
DP   4  14 17 0  F        6443.52
DP   4  14 17 1  F        6442.82
DP   4  14 18 0  F        6476.66
DP   4  14 18 1  F        6581.16
DP   4  14 19 0  F        6751.02
DP   4  14 19 1  F        6956.78
DP   4  14 20 0  F        7113.80
DP   4  14 20 1  F        7156.98
DP   4  14 21 0  F        7154.55
DP   4  14 21 1  F        7185.51
DP   4  14 22 0  F        7238.51
DP   4  14 22 1  F        7286.26
DP   4  14 23 0  F        7328.06
DP   4  14 23 1  F        7369.87
