&   CARGA
&
&   ss  di hi m df hf m Demanda
&X  XX  XX XX X XX XX X XXXXXXXXXX
DP   1  13 00 0  F        46091.35
DP   1  13 00 1  F        44903.18
DP   1  13 01 0  F        43777.57
DP   1  13 01 1  F        42764.44
DP   1  13 02 0  F        41863.05
DP   1  13 02 1  F        41067.07
DP   1  13 03 0  F        40398.25
DP   1  13 03 1  F        39880.69
DP   1  13 04 0  F        39519.43
DP   1  13 04 1  F        39292.78
DP   1  13 05 0  F        39090.96
DP   1  13 05 1  F        38804.50
DP   1  13 06 0  F        38413.32
DP   1  13 06 1  F        37998.81
DP   1  13 07 0  F        37959.12
DP   1  13 07 1  F        38611.33
DP   1  13 08 0  F        39631.67
DP   1  13 08 1  F        40617.32
DP   1  13 09 0  F        41490.09
DP   1  13 09 1  F        42250.58
DP   1  13 10 0  F        42889.84
DP   1  13 10 1  F        43392.63
DP   1  13 11 0  F        43728.07
DP   1  13 11 1  F        43888.48
DP   1  13 12 0  F        43974.61
DP   1  13 12 1  F        44084.31
DP   1  13 13 0  F        44195.49
DP   1  13 13 1  F        44262.84
DP   1  13 14 0  F        44267.97
DP   1  13 14 1  F        44214.06
DP   1  13 15 0  F        44163.63
DP   1  13 15 1  F        44174.38
DP   1  13 16 0  F        44225.33
DP   1  13 16 1  F        44269.40
DP   1  13 17 0  F        44233.62
DP   1  13 17 1  F        44095.59
DP   1  13 18 0  F        44061.04
DP   1  13 18 1  F        44373.28
DP   1  13 19 0  F        45197.85
DP   1  13 19 1  F        46511.94
DP   1  13 20 0  F        47617.09
DP   1  13 20 1  F        47870.96
DP   1  13 21 0  F        47531.14
DP   1  13 21 1  F        46995.46
DP   1  13 22 0  F        46322.62
DP   1  13 22 1  F        45504.50
DP   1  13 23 0  F        44604.76
DP   1  13 23 1  F        43705.02
DP   2  13 00 0  F        13744.67
DP   2  13 00 1  F        13276.41
DP   2  13 01 0  F        12840.12
DP   2  13 01 1  F        12461.39
DP   2  13 02 0  F        12140.29
DP   2  13 02 1  F        11871.44
DP   2  13 03 0  F        11653.34
DP   2  13 03 1  F        11485.85
DP   2  13 04 0  F        11370.43
DP   2  13 04 1  F        11304.03
DP   2  13 05 0  F        11263.77
DP   2  13 05 1  F        11222.35
DP   2  13 06 0  F        11154.51
DP   2  13 06 1  F        11076.98
DP   2  13 07 0  F        11172.47
DP   2  13 07 1  F        11585.50
DP   2  13 08 0  F        12141.88
DP   2  13 08 1  F        12626.56
DP   2  13 09 0  F        12979.95
DP   2  13 09 1  F        13201.69
DP   2  13 10 0  F        13373.15
DP   2  13 10 1  F        13575.22
DP   2  13 11 0  F        13805.38
DP   2  13 11 1  F        14017.96
DP   2  13 12 0  F        14078.01
DP   2  13 12 1  F        13913.66
DP   2  13 13 0  F        13794.75
DP   2  13 13 1  F        13970.31
DP   2  13 14 0  F        14264.44
DP   2  13 14 1  F        14446.93
DP   2  13 15 0  F        14495.28
DP   2  13 15 1  F        14451.66
DP   2  13 16 0  F        14409.27
DP   2  13 16 1  F        14443.57
DP   2  13 17 0  F        14508.05
DP   2  13 17 1  F        14521.73
DP   2  13 18 0  F        14387.67
DP   2  13 18 1  F        14093.98
DP   2  13 19 0  F        13984.93
DP   2  13 19 1  F        14334.24
DP   2  13 20 0  F        14777.44
DP   2  13 20 1  F        14913.12
DP   2  13 21 0  F        14830.34
DP   2  13 21 1  F        14697.06
DP   2  13 22 0  F        14506.21
DP   2  13 22 1  F        14224.47
DP   2  13 23 0  F        13888.55
DP   2  13 23 1  F        13552.62
DP   3  13 00 0  F        13437.03
DP   3  13 00 1  F        13251.26
DP   3  13 01 0  F        13064.28
DP   3  13 01 1  F        12879.39
DP   3  13 02 0  F        12718.02
DP   3  13 02 1  F        12594.72
DP   3  13 03 0  F        12478.42
DP   3  13 03 1  F        12344.31
DP   3  13 04 0  F        12238.04
DP   3  13 04 1  F        12188.12
DP   3  13 05 0  F        12083.92
DP   3  13 05 1  F        11823.25
DP   3  13 06 0  F        11476.80
DP   3  13 06 1  F        11158.04
DP   3  13 07 0  F        10978.71
DP   3  13 07 1  F        11011.78
DP   3  13 08 0  F        11176.74
DP   3  13 08 1  F        11365.20
DP   3  13 09 0  F        11510.68
DP   3  13 09 1  F        11578.05
DP   3  13 10 0  F        11615.62
DP   3  13 10 1  F        11676.93
DP   3  13 11 0  F        11753.08
DP   3  13 11 1  F        11817.46
DP   3  13 12 0  F        11835.16
DP   3  13 12 1  F        11789.86
DP   3  13 13 0  F        11747.79
DP   3  13 13 1  F        11771.47
DP   3  13 14 0  F        11825.92
DP   3  13 14 1  F        11862.51
DP   3  13 15 0  F        11875.38
DP   3  13 15 1  F        11868.51
DP   3  13 16 0  F        11842.40
DP   3  13 16 1  F        11798.60
DP   3  13 17 0  F        11746.44
DP   3  13 17 1  F        11730.76
DP   3  13 18 0  F        11930.73
DP   3  13 18 1  F        12454.38
DP   3  13 19 0  F        12991.05
DP   3  13 19 1  F        13225.20
DP   3  13 20 0  F        13240.53
DP   3  13 20 1  F        13199.23
DP   3  13 21 0  F        13178.26
DP   3  13 21 1  F        13211.27
DP   3  13 22 0  F        13243.95
DP   3  13 22 1  F        13219.10
DP   3  13 23 0  F        13155.94
DP   3  13 23 1  F        13092.78
DP   4  13 00 0  F        7611.33
DP   4  13 00 1  F        7587.15
DP   4  13 01 0  F        7556.94
DP   4  13 01 1  F        7515.46
DP   4  13 02 0  F        7460.56
DP   4  13 02 1  F        7392.92
DP   4  13 03 0  F        7321.56
DP   4  13 03 1  F        7254.60
DP   4  13 04 0  F        7188.39
DP   4  13 04 1  F        7121.78
DP   4  13 05 0  F        7075.61
DP   4  13 05 1  F        7058.28
DP   4  13 06 0  F        7006.63
DP   4  13 06 1  F        6868.86
DP   4  13 07 0  F        6710.15
DP   4  13 07 1  F        6608.64
DP   4  13 08 0  F        6577.20
DP   4  13 08 1  F        6604.72
DP   4  13 09 0  F        6649.42
DP   4  13 09 1  F        6674.14
DP   4  13 10 0  F        6690.67
DP   4  13 10 1  F        6716.50
DP   4  13 11 0  F        6742.97
DP   4  13 11 1  F        6756.82
DP   4  13 12 0  F        6752.67
DP   4  13 12 1  F        6733.48
DP   4  13 13 0  F        6727.70
DP   4  13 13 1  F        6762.65
DP   4  13 14 0  F        6835.57
DP   4  13 14 1  F        6930.60
DP   4  13 15 0  F        7009.53
DP   4  13 15 1  F        7040.46
DP   4  13 16 0  F        7039.11
DP   4  13 16 1  F        7025.33
DP   4  13 17 0  F        6988.00
DP   4  13 17 1  F        6923.30
DP   4  13 18 0  F        6887.75
DP   4  13 18 1  F        6937.97
DP   4  13 19 0  F        7070.92
DP   4  13 19 1  F        7254.56
DP   4  13 20 0  F        7400.86
DP   4  13 20 1  F        7439.77
DP   4  13 21 0  F        7429.22
DP   4  13 21 1  F        7440.21
DP   4  13 22 0  F        7467.93
DP   4  13 22 1  F        7493.19
DP   4  13 23 0  F        7514.94
DP   4  13 23 1  F        7536.69
