&   CARGA
&
&   ss  di hi m df hf m Demanda
&X  XX  XX XX X XX XX X XXXXXXXXXX
DP   1  11 00 0  F        47740.39
DP   1  11 00 1  F        46385.55
DP   1  11 01 0  F        45115.32
DP   1  11 01 1  F        43996.77
DP   1  11 02 0  F        43026.75
DP   1  11 02 1  F        42194.79
DP   1  11 03 0  F        41531.34
DP   1  11 03 1  F        41064.87
DP   1  11 04 0  F        40774.78
DP   1  11 04 1  F        40624.53
DP   1  11 05 0  F        40562.85
DP   1  11 05 1  F        40549.32
DP   1  11 06 0  F        40601.50
DP   1  11 06 1  F        40802.70
DP   1  11 07 0  F        41441.21
DP   1  11 07 1  F        42737.11
DP   1  11 08 0  F        44432.66
DP   1  11 08 1  F        46169.56
DP   1  11 09 0  F        47665.14
DP   1  11 09 1  F        48746.83
DP   1  11 10 0  F        49606.98
DP   1  11 10 1  F        50438.34
DP   1  11 11 0  F        51070.30
DP   1  11 11 1  F        51318.75
DP   1  11 12 0  F        51308.68
DP   1  11 12 1  F        51262.54
DP   1  11 13 0  F        51483.46
DP   1  11 13 1  F        52169.60
DP   1  11 14 0  F        53018.71
DP   1  11 14 1  F        53672.08
DP   1  11 15 0  F        54045.61
DP   1  11 15 1  F        54148.83
DP   1  11 16 0  F        54091.00
DP   1  11 16 1  F        53911.06
DP   1  11 17 0  F        53266.83
DP   1  11 17 1  F        51908.74
DP   1  11 18 0  F        50338.77
DP   1  11 18 1  F        49204.59
DP   1  11 19 0  F        48984.90
DP   1  11 19 1  F        49853.04
DP   1  11 20 0  F        50929.80
DP   1  11 20 1  F        51353.87
DP   1  11 21 0  F        51388.09
DP   1  11 21 1  F        51428.65
DP   1  11 22 0  F        51281.02
DP   1  11 22 1  F        50704.23
DP   1  11 23 0  F        49862.24
DP   1  11 23 1  F        49020.26
DP   2  11 00 0  F        14789.27
DP   2  11 00 1  F        14305.74
DP   2  11 01 0  F        13844.12
DP   2  11 01 1  F        13428.32
DP   2  11 02 0  F        13090.24
DP   2  11 02 1  F        12848.56
DP   2  11 03 0  F        12660.98
DP   2  11 03 1  F        12485.39
DP   2  11 04 0  F        12341.25
DP   2  11 04 1  F        12257.30
DP   2  11 05 0  F        12237.72
DP   2  11 05 1  F        12272.13
DP   2  11 06 0  F        12316.26
DP   2  11 06 1  F        12366.41
DP   2  11 07 0  F        12614.89
DP   2  11 07 1  F        13217.64
DP   2  11 08 0  F        13989.18
DP   2  11 08 1  F        14691.72
DP   2  11 09 0  F        15219.78
DP   2  11 09 1  F        15535.62
DP   2  11 10 0  F        15740.19
DP   2  11 10 1  F        15948.21
DP   2  11 11 0  F        16190.88
DP   2  11 11 1  F        16426.55
DP   2  11 12 0  F        16405.90
DP   2  11 12 1  F        15992.85
DP   2  11 13 0  F        15712.03
DP   2  11 13 1  F        16042.30
DP   2  11 14 0  F        16618.72
DP   2  11 14 1  F        16973.91
DP   2  11 15 0  F        17074.61
DP   2  11 15 1  F        17008.49
DP   2  11 16 0  F        16912.70
DP   2  11 16 1  F        16883.61
DP   2  11 17 0  F        16804.89
DP   2  11 17 1  F        16531.24
DP   2  11 18 0  F        16014.22
DP   2  11 18 1  F        15319.87
DP   2  11 19 0  F        14875.33
DP   2  11 19 1  F        15020.54
DP   2  11 20 0  F        15385.49
DP   2  11 20 1  F        15546.47
DP   2  11 21 0  F        15575.16
DP   2  11 21 1  F        15614.54
DP   2  11 22 0  F        15597.59
DP   2  11 22 1  F        15439.34
DP   2  11 23 0  F        15193.15
DP   2  11 23 1  F        14946.96
DP   3  11 00 0  F        13584.55
DP   3  11 00 1  F        13356.13
DP   3  11 01 0  F        13138.88
DP   3  11 01 1  F        12942.30
DP   3  11 02 0  F        12769.22
DP   3  11 02 1  F        12619.28
DP   3  11 03 0  F        12485.87
DP   3  11 03 1  F        12366.63
DP   3  11 04 0  F        12282.28
DP   3  11 04 1  F        12236.20
DP   3  11 05 0  F        12139.29
DP   3  11 05 1  F        11914.16
DP   3  11 06 0  F        11622.59
DP   3  11 06 1  F        11371.14
DP   3  11 07 0  F        11306.09
DP   3  11 07 1  F        11528.04
DP   3  11 08 0  F        11915.03
DP   3  11 08 1  F        12311.78
DP   3  11 09 0  F        12652.19
DP   3  11 09 1  F        12904.04
DP   3  11 10 0  F        13081.62
DP   3  11 10 1  F        13209.90
DP   3  11 11 0  F        13310.39
DP   3  11 11 1  F        13387.49
DP   3  11 12 0  F        13380.78
DP   3  11 12 1  F        13258.91
DP   3  11 13 0  F        13171.59
DP   3  11 13 1  F        13261.02
DP   3  11 14 0  F        13458.53
DP   3  11 14 1  F        13654.26
DP   3  11 15 0  F        13784.49
DP   3  11 15 1  F        13813.46
DP   3  11 16 0  F        13770.90
DP   3  11 16 1  F        13676.96
DP   3  11 17 0  F        13447.74
DP   3  11 17 1  F        13049.21
DP   3  11 18 0  F        12750.61
DP   3  11 18 1  F        12792.55
DP   3  11 19 0  F        12997.70
DP   3  11 19 1  F        13133.64
DP   3  11 20 0  F        13165.57
DP   3  11 20 1  F        13134.85
DP   3  11 21 0  F        13189.88
DP   3  11 21 1  F        13436.72
DP   3  11 22 0  F        13704.88
DP   3  11 22 1  F        13812.85
DP   3  11 23 0  F        13811.66
DP   3  11 23 1  F        13810.48
DP   4  11 00 0  F        7849.67
DP   4  11 00 1  F        7790.22
DP   4  11 01 0  F        7733.83
DP   4  11 01 1  F        7681.40
DP   4  11 02 0  F        7625.18
DP   4  11 02 1  F        7557.07
DP   4  11 03 0  F        7476.05
DP   4  11 03 1  F        7385.45
DP   4  11 04 0  F        7298.87
DP   4  11 04 1  F        7231.49
DP   4  11 05 0  F        7194.61
DP   4  11 05 1  F        7183.20
DP   4  11 06 0  F        7130.81
DP   4  11 06 1  F        6988.11
DP   4  11 07 0  F        6835.59
DP   4  11 07 1  F        6768.11
DP   4  11 08 0  F        6807.96
DP   4  11 08 1  F        6943.85
DP   4  11 09 0  F        7102.58
DP   4  11 09 1  F        7214.34
DP   4  11 10 0  F        7284.63
DP   4  11 10 1  F        7334.76
DP   4  11 11 0  F        7374.00
DP   4  11 11 1  F        7402.74
DP   4  11 12 0  F        7398.06
DP   4  11 12 1  F        7351.54
DP   4  11 13 0  F        7336.16
DP   4  11 13 1  F        7420.09
DP   4  11 14 0  F        7570.88
DP   4  11 14 1  F        7732.51
DP   4  11 15 0  F        7855.27
DP   4  11 15 1  F        7904.39
DP   4  11 16 0  F        7898.48
DP   4  11 16 1  F        7860.85
DP   4  11 17 0  F        7780.19
DP   4  11 17 1  F        7647.75
DP   4  11 18 0  F        7499.68
DP   4  11 18 1  F        7387.35
DP   4  11 19 0  F        7378.10
DP   4  11 19 1  F        7505.43
DP   4  11 20 0  F        7651.62
DP   4  11 20 1  F        7704.02
DP   4  11 21 0  F        7721.47
DP   4  11 21 1  F        7781.17
DP   4  11 22 0  F        7862.26
DP   4  11 22 1  F        7928.91
DP   4  11 23 0  F        7983.56
DP   4  11 23 1  F        8038.22
