&   CARGA
&
&   ss  di hi m df hf m Demanda
&X  XX  XX XX X XX XX X XXXXXXXXXX
DP   1  12 00 0  F        47636.96
DP   1  12 00 1  F        46309.52
DP   1  12 01 0  F        45058.75
DP   1  12 01 1  F        43948.79
DP   1  12 02 0  F        42993.61
DP   1  12 02 1  F        42195.54
DP   1  12 03 0  F        41560.57
DP   1  12 03 1  F        41094.35
DP   1  12 04 0  F        40797.58
DP   1  12 04 1  F        40658.93
DP   1  12 05 0  F        40623.92
DP   1  12 05 1  F        40642.53
DP   1  12 06 0  F        40725.69
DP   1  12 06 1  F        40951.33
DP   1  12 07 0  F        41604.58
DP   1  12 07 1  F        42897.51
DP   1  12 08 0  F        44542.96
DP   1  12 08 1  F        46168.50
DP   1  12 09 0  F        47559.96
DP   1  12 09 1  F        48603.50
DP   1  12 10 0  F        49428.30
DP   1  12 10 1  F        50161.31
DP   1  12 11 0  F        50677.67
DP   1  12 11 1  F        50844.88
DP   1  12 12 0  F        50751.80
DP   1  12 12 1  F        50578.94
DP   1  12 13 0  F        50651.85
DP   1  12 13 1  F        51192.73
DP   1  12 14 0  F        51865.16
DP   1  12 14 1  F        52289.54
DP   1  12 15 0  F        52472.18
DP   1  12 15 1  F        52489.52
DP   1  12 16 0  F        52312.47
DP   1  12 16 1  F        51879.83
DP   1  12 17 0  F        51107.39
DP   1  12 17 1  F        49980.30
DP   1  12 18 0  F        48784.20
DP   1  12 18 1  F        47898.04
DP   1  12 19 0  F        47773.40
DP   1  12 19 1  F        48621.49
DP   1  12 20 0  F        49619.48
DP   1  12 20 1  F        49951.77
DP   1  12 21 0  F        49865.79
DP   1  12 21 1  F        49747.41
DP   1  12 22 0  F        49473.25
DP   1  12 22 1  F        48868.26
DP   1  12 23 0  F        48060.04
DP   1  12 23 1  F        47251.81
DP   2  12 00 0  F        13966.56
DP   2  12 00 1  F        13509.12
DP   2  12 01 0  F        13081.36
DP   2  12 01 1  F        12707.59
DP   2  12 02 0  F        12390.65
DP   2  12 02 1  F        12128.78
DP   2  12 03 0  F        11923.40
DP   2  12 03 1  F        11774.01
DP   2  12 04 0  F        11669.31
DP   2  12 04 1  F        11601.10
DP   2  12 05 0  F        11584.55
DP   2  12 05 1  F        11630.45
DP   2  12 06 0  F        11708.95
DP   2  12 06 1  F        11819.07
DP   2  12 07 0  F        12116.17
DP   2  12 07 1  F        12720.69
DP   2  12 08 0  F        13457.23
DP   2  12 08 1  F        14107.52
DP   2  12 09 0  F        14577.68
DP   2  12 09 1  F        14840.75
DP   2  12 10 0  F        15013.07
DP   2  12 10 1  F        15214.26
DP   2  12 11 0  F        15433.76
DP   2  12 11 1  F        15594.55
DP   2  12 12 0  F        15484.02
DP   2  12 12 1  F        15008.43
DP   2  12 13 0  F        14685.15
DP   2  12 13 1  F        14974.88
DP   2  12 14 0  F        15500.49
DP   2  12 14 1  F        15795.89
DP   2  12 15 0  F        15876.88
DP   2  12 15 1  F        15865.60
DP   2  12 16 0  F        15827.50
DP   2  12 16 1  F        15791.89
DP   2  12 17 0  F        15700.03
DP   2  12 17 1  F        15476.59
DP   2  12 18 0  F        15067.89
DP   2  12 18 1  F        14511.93
DP   2  12 19 0  F        14191.82
DP   2  12 19 1  F        14407.50
DP   2  12 20 0  F        14781.02
DP   2  12 20 1  F        14894.00
DP   2  12 21 0  F        14844.05
DP   2  12 21 1  F        14803.67
DP   2  12 22 0  F        14728.86
DP   2  12 22 1  F        14548.87
DP   2  12 23 0  F        14302.59
DP   2  12 23 1  F        14056.32
DP   3  12 00 0  F        13599.95
DP   3  12 00 1  F        13360.64
DP   3  12 01 0  F        13134.88
DP   3  12 01 1  F        12935.19
DP   3  12 02 0  F        12769.89
DP   3  12 02 1  F        12639.86
DP   3  12 03 0  F        12520.30
DP   3  12 03 1  F        12393.38
DP   3  12 04 0  F        12294.82
DP   3  12 04 1  F        12244.89
DP   3  12 05 0  F        12148.61
DP   3  12 05 1  F        11920.10
DP   3  12 06 0  F        11625.26
DP   3  12 06 1  F        11374.21
DP   3  12 07 0  F        11302.27
DP   3  12 07 1  F        11501.25
DP   3  12 08 0  F        11863.88
DP   3  12 08 1  F        12248.05
DP   3  12 09 0  F        12571.42
DP   3  12 09 1  F        12786.75
DP   3  12 10 0  F        12927.27
DP   3  12 10 1  F        13039.17
DP   3  12 11 0  F        13139.96
DP   3  12 11 1  F        13224.88
DP   3  12 12 0  F        13228.68
DP   3  12 12 1  F        13114.80
DP   3  12 13 0  F        13021.78
DP   3  12 13 1  F        13085.03
DP   3  12 14 0  F        13252.19
DP   3  12 14 1  F        13429.42
DP   3  12 15 0  F        13544.72
DP   3  12 15 1  F        13552.38
DP   3  12 16 0  F        13490.16
DP   3  12 16 1  F        13389.74
DP   3  12 17 0  F        13175.34
DP   3  12 17 1  F        12817.27
DP   3  12 18 0  F        12577.87
DP   3  12 18 1  F        12685.46
DP   3  12 19 0  F        12940.19
DP   3  12 19 1  F        13091.91
DP   3  12 20 0  F        13117.42
DP   3  12 20 1  F        13073.23
DP   3  12 21 0  F        13107.72
DP   3  12 21 1  F        13326.69
DP   3  12 22 0  F        13573.78
DP   3  12 22 1  F        13680.26
DP   3  12 23 0  F        13689.87
DP   3  12 23 1  F        13699.47
DP   4  12 00 0  F        7832.78
DP   4  12 00 1  F        7775.88
DP   4  12 01 0  F        7718.11
DP   4  12 01 1  F        7658.71
DP   4  12 02 0  F        7597.42
DP   4  12 02 1  F        7533.11
DP   4  12 03 0  F        7460.77
DP   4  12 03 1  F        7378.18
DP   4  12 04 0  F        7298.11
DP   4  12 04 1  F        7235.33
DP   4  12 05 0  F        7197.66
DP   4  12 05 1  F        7178.35
DP   4  12 06 0  F        7119.43
DP   4  12 06 1  F        6979.41
DP   4  12 07 0  F        6833.88
DP   4  12 07 1  F        6770.34
DP   4  12 08 0  F        6806.70
DP   4  12 08 1  F        6929.75
DP   4  12 09 0  F        7071.38
DP   4  12 09 1  F        7167.33
DP   4  12 10 0  F        7223.80
DP   4  12 10 1  F        7262.85
DP   4  12 11 0  F        7299.47
DP   4  12 11 1  F        7337.42
DP   4  12 12 0  F        7342.41
DP   4  12 12 1  F        7293.88
DP   4  12 13 0  F        7264.15
DP   4  12 13 1  F        7325.18
DP   4  12 14 0  F        7454.67
DP   4  12 14 1  F        7605.07
DP   4  12 15 0  F        7722.14
DP   4  12 15 1  F        7765.38
DP   4  12 16 0  F        7755.67
DP   4  12 16 1  F        7718.80
DP   4  12 17 0  F        7638.55
DP   4  12 17 1  F        7503.28
DP   4  12 18 0  F        7361.61
DP   4  12 18 1  F        7273.54
DP   4  12 19 0  F        7284.31
DP   4  12 19 1  F        7406.66
DP   4  12 20 0  F        7538.23
DP   4  12 20 1  F        7584.01
DP   4  12 21 0  F        7593.70
DP   4  12 21 1  F        7634.52
DP   4  12 22 0  F        7699.21
DP   4  12 22 1  F        7766.36
DP   4  12 23 0  F        7832.50
DP   4  12 23 1  F        7898.63
