&   CARGA
&
&   ss  di hi m df hf m Demanda
&X  XX  XX XX X XX XX X XXXXXXXXXX
DP   1  09 00 0  F        47540.61
DP   1  09 00 1  F        46424.01
DP   1  09 01 0  F        45330.77
DP   1  09 01 1  F        44292.10
DP   1  09 02 0  F        43370.73
DP   1  09 02 1  F        42614.03
DP   1  09 03 0  F        41976.54
DP   1  09 03 1  F        41417.94
DP   1  09 04 0  F        41011.35
DP   1  09 04 1  F        40820.38
DP   1  09 05 0  F        40757.06
DP   1  09 05 1  F        40734.07
DP   1  09 06 0  F        40818.17
DP   1  09 06 1  F        41151.40
DP   1  09 07 0  F        42022.63
DP   1  09 07 1  F        43613.74
DP   1  09 08 0  F        45531.68
DP   1  09 08 1  F        47314.98
DP   1  09 09 0  F        48803.31
DP   1  09 09 1  F        49944.95
DP   1  09 10 0  F        50821.38
DP   1  09 10 1  F        51544.68
DP   1  09 11 0  F        52216.02
DP   1  09 11 1  F        52874.07
DP   1  09 12 0  F        53318.35
DP   1  09 12 1  F        53417.54
DP   1  09 13 0  F        53556.26
DP   1  09 13 1  F        54086.15
DP   1  09 14 0  F        54710.86
DP   1  09 14 1  F        55080.01
DP   1  09 15 0  F        55274.87
DP   1  09 15 1  F        55438.07
DP   1  09 16 0  F        55525.84
DP   1  09 16 1  F        55400.80
DP   1  09 17 0  F        54737.56
DP   1  09 17 1  F        53327.75
DP   1  09 18 0  F        51619.12
DP   1  09 18 1  F        50223.75
DP   1  09 19 0  F        49754.82
DP   1  09 19 1  F        50525.39
DP   1  09 20 0  F        51646.72
DP   1  09 20 1  F        52204.32
DP   1  09 21 0  F        52382.70
DP   1  09 21 1  F        52508.96
DP   1  09 22 0  F        52381.82
DP   1  09 22 1  F        51772.34
DP   1  09 23 0  F        50869.46
DP   1  09 23 1  F        49966.58
DP   2  09 00 0  F        16477.05
DP   2  09 00 1  F        15928.61
DP   2  09 01 0  F        15414.18
DP   2  09 01 1  F        14960.40
DP   2  09 02 0  F        14564.62
DP   2  09 02 1  F        14219.82
DP   2  09 03 0  F        13930.98
DP   2  09 03 1  F        13704.68
DP   2  09 04 0  F        13542.00
DP   2  09 04 1  F        13437.70
DP   2  09 05 0  F        13366.77
DP   2  09 05 1  F        13311.36
DP   2  09 06 0  F        13302.09
DP   2  09 06 1  F        13406.71
DP   2  09 07 0  F        13793.17
DP   2  09 07 1  F        14576.67
DP   2  09 08 0  F        15561.37
DP   2  09 08 1  F        16495.49
DP   2  09 09 0  F        17214.68
DP   2  09 09 1  F        17634.56
DP   2  09 10 0  F        17903.39
DP   2  09 10 1  F        18189.40
DP   2  09 11 0  F        18507.87
DP   2  09 11 1  F        18802.93
DP   2  09 12 0  F        18886.84
DP   2  09 12 1  F        18680.40
DP   2  09 13 0  F        18670.31
DP   2  09 13 1  F        19267.62
DP   2  09 14 0  F        20014.69
DP   2  09 14 1  F        20383.16
DP   2  09 15 0  F        20430.57
DP   2  09 15 1  F        20331.70
DP   2  09 16 0  F        20144.53
DP   2  09 16 1  F        19877.94
DP   2  09 17 0  F        19460.95
DP   2  09 17 1  F        18824.96
DP   2  09 18 0  F        17990.66
DP   2  09 18 1  F        17066.92
DP   2  09 19 0  F        16426.17
DP   2  09 19 1  F        16360.48
DP   2  09 20 0  F        16576.82
DP   2  09 20 1  F        16719.26
DP   2  09 21 0  F        16765.22
DP   2  09 21 1  F        16755.47
DP   2  09 22 0  F        16650.60
DP   2  09 22 1  F        16413.98
DP   2  09 23 0  F        16100.10
DP   2  09 23 1  F        15786.21
DP   3  09 00 0  F        14390.12
DP   3  09 00 1  F        14206.83
DP   3  09 01 0  F        14003.84
DP   3  09 01 1  F        13775.66
DP   3  09 02 0  F        13573.59
DP   3  09 02 1  F        13439.47
DP   3  09 03 0  F        13320.36
DP   3  09 03 1  F        13165.41
DP   3  09 04 0  F        13026.96
DP   3  09 04 1  F        12943.37
DP   3  09 05 0  F        12793.96
DP   3  09 05 1  F        12473.94
DP   3  09 06 0  F        12101.13
DP   3  09 06 1  F        11839.01
DP   3  09 07 0  F        11810.97
DP   3  09 07 1  F        12086.36
DP   3  09 08 0  F        12558.42
DP   3  09 08 1  F        13080.15
DP   3  09 09 0  F        13519.80
DP   3  09 09 1  F        13790.95
DP   3  09 10 0  F        13973.37
DP   3  09 10 1  F        14159.89
DP   3  09 11 0  F        14329.36
DP   3  09 11 1  F        14430.99
DP   3  09 12 0  F        14409.36
DP   3  09 12 1  F        14255.44
DP   3  09 13 0  F        14150.55
DP   3  09 13 1  F        14254.78
DP   3  09 14 0  F        14453.28
DP   3  09 14 1  F        14594.83
DP   3  09 15 0  F        14657.85
DP   3  09 15 1  F        14658.69
DP   3  09 16 0  F        14635.68
DP   3  09 16 1  F        14586.08
DP   3  09 17 0  F        14320.90
DP   3  09 17 1  F        13739.35
DP   3  09 18 0  F        13279.94
DP   3  09 18 1  F        13345.87
DP   3  09 19 0  F        13659.86
DP   3  09 19 1  F        13858.17
DP   3  09 20 0  F        13911.67
DP   3  09 20 1  F        13893.58
DP   3  09 21 0  F        13951.73
DP   3  09 21 1  F        14187.61
DP   3  09 22 0  F        14442.69
DP   3  09 22 1  F        14547.73
DP   3  09 23 0  F        14550.61
DP   3  09 23 1  F        14553.49
DP   4  09 00 0  F        7857.25
DP   4  09 00 1  F        7820.91
DP   4  09 01 0  F        7765.94
DP   4  09 01 1  F        7681.60
DP   4  09 02 0  F        7588.78
DP   4  09 02 1  F        7509.62
DP   4  09 03 0  F        7439.43
DP   4  09 03 1  F        7367.65
DP   4  09 04 0  F        7286.87
DP   4  09 04 1  F        7197.78
DP   4  09 05 0  F        7130.28
DP   4  09 05 1  F        7099.20
DP   4  09 06 0  F        7029.81
DP   4  09 06 1  F        6865.55
DP   4  09 07 0  F        6712.18
DP   4  09 07 1  F        6685.22
DP   4  09 08 0  F        6777.00
DP   4  09 08 1  F        6944.16
DP   4  09 09 0  F        7123.68
DP   4  09 09 1  F        7263.82
DP   4  09 10 0  F        7377.61
DP   4  09 10 1  F        7486.11
DP   4  09 11 0  F        7577.58
DP   4  09 11 1  F        7631.72
DP   4  09 12 0  F        7626.77
DP   4  09 12 1  F        7558.21
DP   4  09 13 0  F        7491.94
DP   4  09 13 1  F        7500.41
DP   4  09 14 0  F        7611.85
DP   4  09 14 1  F        7816.87
DP   4  09 15 0  F        7999.95
DP   4  09 15 1  F        8053.63
DP   4  09 16 0  F        8008.79
DP   4  09 16 1  F        7920.33
DP   4  09 17 0  F        7800.63
DP   4  09 17 1  F        7652.65
DP   4  09 18 0  F        7483.90
DP   4  09 18 1  F        7315.88
DP   4  09 19 0  F        7221.22
DP   4  09 19 1  F        7263.27
DP   4  09 20 0  F        7416.87
DP   4  09 20 1  F        7630.11
DP   4  09 21 0  F        7832.48
DP   4  09 21 1  F        7962.37
DP   4  09 22 0  F        8012.32
DP   4  09 22 1  F        7993.55
DP   4  09 23 0  F        7937.85
DP   4  09 23 1  F        7882.15
