&   CARGA
&
&   ss  di hi m df hf m Demanda
&X  XX  XX XX X XX XX X XXXXXXXXXX
DP   1  14 00 0  F        42400.35
DP   1  14 00 1  F        41374.91
DP   1  14 01 0  F        40394.89
DP   1  14 01 1  F        39498.48
DP   1  14 02 0  F        38694.73
DP   1  14 02 1  F        37985.84
DP   1  14 03 0  F        37375.60
DP   1  14 03 1  F        36870.02
DP   1  14 04 0  F        36482.42
DP   1  14 04 1  F        36204.92
DP   1  14 05 0  F        35937.52
DP   1  14 05 1  F        35578.77
DP   1  14 06 0  F        35113.49
DP   1  14 06 1  F        34610.25
DP   1  14 07 0  F        34386.13
DP   1  14 07 1  F        34703.04
DP   1  14 08 0  F        35353.58
DP   1  14 08 1  F        36058.02
DP   1  14 09 0  F        36716.46
DP   1  14 09 1  F        37292.22
DP   1  14 10 0  F        37821.63
DP   1  14 10 1  F        38343.45
DP   1  14 11 0  F        38832.96
DP   1  14 11 1  F        39252.46
DP   1  14 12 0  F        39575.77
DP   1  14 12 1  F        39786.22
DP   1  14 13 0  F        39893.55
DP   1  14 13 1  F        39916.48
DP   1  14 14 0  F        39883.24
DP   1  14 14 1  F        39828.72
DP   1  14 15 0  F        39804.83
DP   1  14 15 1  F        39863.87
DP   1  14 16 0  F        40042.61
DP   1  14 16 1  F        40350.61
DP   1  14 17 0  F        40704.12
DP   1  14 17 1  F        41020.17
DP   1  14 18 0  F        41312.07
DP   1  14 18 1  F        41679.14
DP   1  14 19 0  F        42468.30
DP   1  14 19 1  F        43859.28
DP   1  14 20 0  F        45115.52
DP   1  14 20 1  F        45530.17
DP   1  14 21 0  F        45431.47
DP   1  14 21 1  F        45278.12
DP   1  14 22 0  F        45015.57
DP   1  14 22 1  F        44515.80
DP   1  14 23 0  F        43870.00
DP   1  14 23 1  F        43224.20
DP   2  14 00 0  F        12919.86
DP   2  14 00 1  F        12463.29
DP   2  14 01 0  F        12062.57
DP   2  14 01 1  F        11756.41
DP   2  14 02 0  F        11515.02
DP   2  14 02 1  F        11297.48
DP   2  14 03 0  F        11086.96
DP   2  14 03 1  F        10881.76
DP   2  14 04 0  F        10716.68
DP   2  14 04 1  F        10620.20
DP   2  14 05 0  F        10558.81
DP   2  14 05 1  F        10484.64
DP   2  14 06 0  F        10354.11
DP   2  14 06 1  F        10172.70
DP   2  14 07 0  F        10137.65
DP   2  14 07 1  F        10411.20
DP   2  14 08 0  F        10823.81
DP   2  14 08 1  F        11169.82
DP   2  14 09 0  F        11430.80
DP   2  14 09 1  F        11640.50
DP   2  14 10 0  F        11854.10
DP   2  14 10 1  F        12120.27
DP   2  14 11 0  F        12440.25
DP   2  14 11 1  F        12777.15
DP   2  14 12 0  F        12988.92
DP   2  14 12 1  F        12977.89
DP   2  14 13 0  F        12928.80
DP   2  14 13 1  F        13030.24
DP   2  14 14 0  F        13203.53
DP   2  14 14 1  F        13329.87
DP   2  14 15 0  F        13397.23
DP   2  14 15 1  F        13422.39
DP   2  14 16 0  F        13430.81
DP   2  14 16 1  F        13452.79
DP   2  14 17 0  F        13529.43
DP   2  14 17 1  F        13668.35
DP   2  14 18 0  F        13732.56
DP   2  14 18 1  F        13640.07
DP   2  14 19 0  F        13673.47
DP   2  14 19 1  F        14086.20
DP   2  14 20 0  F        14650.37
DP   2  14 20 1  F        15073.17
DP   2  14 21 0  F        15283.39
DP   2  14 21 1  F        15284.87
DP   2  14 22 0  F        15160.18
DP   2  14 22 1  F        14996.55
DP   2  14 23 0  F        14820.96
DP   2  14 23 1  F        14645.37
DP   3  14 00 0  F        13523.54
DP   3  14 00 1  F        13323.72
DP   3  14 01 0  F        13135.47
DP   3  14 01 1  F        12967.35
DP   3  14 02 0  F        12815.81
DP   3  14 02 1  F        12674.17
DP   3  14 03 0  F        12535.24
DP   3  14 03 1  F        12399.68
DP   3  14 04 0  F        12299.96
DP   3  14 04 1  F        12244.10
DP   3  14 05 0  F        12110.39
DP   3  14 05 1  F        11794.98
DP   3  14 06 0  F        11395.20
DP   3  14 06 1  F        11044.58
DP   3  14 07 0  F        10820.36
DP   3  14 07 1  F        10761.00
DP   3  14 08 0  F        10806.19
DP   3  14 08 1  F        10879.80
DP   3  14 09 0  F        10941.26
DP   3  14 09 1  F        10970.69
DP   3  14 10 0  F        10995.55
DP   3  14 10 1  F        11046.58
DP   3  14 11 0  F        11120.11
DP   3  14 11 1  F        11201.36
DP   3  14 12 0  F        11265.44
DP   3  14 12 1  F        11295.46
DP   3  14 13 0  F        11316.65
DP   3  14 13 1  F        11354.97
DP   3  14 14 0  F        11397.22
DP   3  14 14 1  F        11426.33
DP   3  14 15 0  F        11449.01
DP   3  14 15 1  F        11474.35
DP   3  14 16 0  F        11497.25
DP   3  14 16 1  F        11508.14
DP   3  14 17 0  F        11493.92
DP   3  14 17 1  F        11484.54
DP   3  14 18 0  F        11685.79
DP   3  14 18 1  F        12233.68
DP   3  14 19 0  F        12809.23
DP   3  14 19 1  F        13084.21
DP   3  14 20 0  F        13148.22
DP   3  14 20 1  F        13167.75
DP   3  14 21 0  F        13198.92
DP   3  14 21 1  F        13258.91
DP   3  14 22 0  F        13319.34
DP   3  14 22 1  F        13350.35
DP   3  14 23 0  F        13361.71
DP   3  14 23 1  F        13373.07
DP   4  14 00 0  F        7384.60
DP   4  14 00 1  F        7348.18
DP   4  14 01 0  F        7303.50
DP   4  14 01 1  F        7245.69
DP   4  14 02 0  F        7183.39
DP   4  14 02 1  F        7125.50
DP   4  14 03 0  F        7068.33
DP   4  14 03 1  F        7007.55
DP   4  14 04 0  F        6948.93
DP   4  14 04 1  F        6898.55
DP   4  14 05 0  F        6853.66
DP   4  14 05 1  F        6804.55
DP   4  14 06 0  F        6722.33
DP   4  14 06 1  F        6588.84
DP   4  14 07 0  F        6447.91
DP   4  14 07 1  F        6349.76
DP   4  14 08 0  F        6308.36
DP   4  14 08 1  F        6320.35
DP   4  14 09 0  F        6349.33
DP   4  14 09 1  F        6361.10
DP   4  14 10 0  F        6363.12
DP   4  14 10 1  F        6370.34
DP   4  14 11 0  F        6385.79
DP   4  14 11 1  F        6407.75
DP   4  14 12 0  F        6427.11
DP   4  14 12 1  F        6438.84
DP   4  14 13 0  F        6461.40
DP   4  14 13 1  F        6512.28
DP   4  14 14 0  F        6581.56
DP   4  14 14 1  F        6653.03
DP   4  14 15 0  F        6712.73
DP   4  14 15 1  F        6749.53
DP   4  14 16 0  F        6761.19
DP   4  14 16 1  F        6748.24
DP   4  14 17 0  F        6713.22
DP   4  14 17 1  F        6668.40
DP   4  14 18 0  F        6663.10
DP   4  14 18 1  F        6741.15
DP   4  14 19 0  F        6887.67
DP   4  14 19 1  F        7065.73
DP   4  14 20 0  F        7209.07
DP   4  14 20 1  F        7267.23
DP   4  14 21 0  F        7282.28
DP   4  14 21 1  F        7307.31
DP   4  14 22 0  F        7346.79
DP   4  14 22 1  F        7393.73
DP   4  14 23 0  F        7444.05
DP   4  14 23 1  F        7494.37
DP   1  15 00 0  F        42149.45
DP   1  15 00 1  F        41015.67
DP   1  15 01 0  F        39980.05
DP   1  15 01 1  F        39115.96
DP   1  15 02 0  F        38397.40
DP   1  15 02 1  F        37786.94
DP   1  15 03 0  F        37300.59
DP   1  15 03 1  F        36962.98
DP   1  15 04 0  F        36779.70
DP   1  15 04 1  F        36743.54
DP   1  15 05 0  F        36815.23
DP   1  15 05 1  F        36975.90
DP   1  15 06 0  F        37320.46
DP   1  15 06 1  F        37971.84
DP   1  15 07 0  F        39051.22
DP   1  15 07 1  F        40613.44
DP   1  15 08 0  F        42449.76
DP   1  15 08 1  F        44295.90
DP   1  15 09 0  F        45929.04
DP   1  15 09 1  F        47202.14
DP   1  15 10 0  F        48229.80
DP   1  15 10 1  F        49139.03
DP   1  15 11 0  F        49844.73
DP   1  15 11 1  F        50236.24
DP   1  15 12 0  F        50312.68
DP   1  15 12 1  F        50179.07
DP   1  15 13 0  F        50254.37
DP   1  15 13 1  F        50863.38
DP   1  15 14 0  F        51640.31
DP   1  15 14 1  F        52153.79
DP   1  15 15 0  F        52400.73
DP   1  15 15 1  F        52486.08
DP   1  15 16 0  F        52518.64
DP   1  15 16 1  F        52496.60
DP   1  15 17 0  F        51971.95
DP   1  15 17 1  F        50615.55
DP   1  15 18 0  F        49019.96
DP   1  15 18 1  F        47948.10
DP   1  15 19 0  F        47922.58
DP   1  15 19 1  F        49101.20
DP   1  15 20 0  F        50422.97
DP   1  15 20 1  F        50870.56
DP   1  15 21 0  F        50820.28
DP   1  15 21 1  F        50802.01
DP   1  15 22 0  F        50566.48
DP   1  15 22 1  F        49798.74
DP   1  15 23 0  F        48700.33
DP   1  15 23 1  F        47601.92
DP   2  15 00 0  F        13969.73
DP   2  15 00 1  F        13565.04
DP   2  15 01 0  F        13201.44
DP   2  15 01 1  F        12909.94
DP   2  15 02 0  F        12681.27
DP   2  15 02 1  F        12496.25
DP   2  15 03 0  F        12336.33
DP   2  15 03 1  F        12190.10
DP   2  15 04 0  F        12074.01
DP   2  15 04 1  F        12012.03
DP   2  15 05 0  F        12030.17
DP   2  15 05 1  F        12137.80
DP   2  15 06 0  F        12275.75
DP   2  15 06 1  F        12423.26
DP   2  15 07 0  F        12781.76
DP   2  15 07 1  F        13513.20
DP   2  15 08 0  F        14399.36
DP   2  15 08 1  F        15172.87
DP   2  15 09 0  F        15749.86
DP   2  15 09 1  F        16122.68
DP   2  15 10 0  F        16404.96
DP   2  15 10 1  F        16713.48
DP   2  15 11 0  F        17056.38
DP   2  15 11 1  F        17366.89
DP   2  15 12 0  F        17387.23
DP   2  15 12 1  F        16983.64
DP   2  15 13 0  F        16709.45
DP   2  15 13 1  F        17068.71
DP   2  15 14 0  F        17681.37
DP   2  15 14 1  F        18060.11
DP   2  15 15 0  F        18172.88
DP   2  15 15 1  F        18109.63
DP   2  15 16 0  F        17992.98
DP   2  15 16 1  F        17912.18
DP   2  15 17 0  F        17790.10
DP   2  15 17 1  F        17514.49
DP   2  15 18 0  F        16999.03
DP   2  15 18 1  F        16267.05
DP   2  15 19 0  F        15754.63
DP   2  15 19 1  F        15838.97
DP   2  15 20 0  F        16249.05
DP   2  15 20 1  F        16618.94
DP   2  15 21 0  F        16851.41
DP   2  15 21 1  F        16926.43
DP   2  15 22 0  F        16864.36
DP   2  15 22 1  F        16699.45
DP   2  15 23 0  F        16481.20
DP   2  15 23 1  F        16262.96
DP   3  15 00 0  F        13401.58
DP   3  15 00 1  F        13178.88
DP   3  15 01 0  F        12965.10
DP   3  15 01 1  F        12769.80
DP   3  15 02 0  F        12605.24
DP   3  15 02 1  F        12476.88
DP   3  15 03 0  F        12360.51
DP   3  15 03 1  F        12238.71
DP   3  15 04 0  F        12150.85
DP   3  15 04 1  F        12116.81
DP   3  15 05 0  F        12021.78
DP   3  15 05 1  F        11771.20
DP   3  15 06 0  F        11486.45
DP   3  15 06 1  F        11323.93
DP   3  15 07 0  F        11364.29
DP   3  15 07 1  F        11643.77
DP   3  15 08 0  F        12096.80
DP   3  15 08 1  F        12621.31
DP   3  15 09 0  F        13071.00
DP   3  15 09 1  F        13336.45
DP   3  15 10 0  F        13499.89
DP   3  15 10 1  F        13662.69
DP   3  15 11 0  F        13811.06
DP   3  15 11 1  F        13900.90
DP   3  15 12 0  F        13881.88
DP   3  15 12 1  F        13746.39
DP   3  15 13 0  F        13663.85
DP   3  15 13 1  F        13784.98
DP   3  15 14 0  F        14008.68
DP   3  15 14 1  F        14194.95
DP   3  15 15 0  F        14300.02
DP   3  15 15 1  F        14314.17
DP   3  15 16 0  F        14267.78
DP   3  15 16 1  F        14171.87
DP   3  15 17 0  F        13920.00
DP   3  15 17 1  F        13466.28
DP   3  15 18 0  F        13124.30
DP   3  15 18 1  F        13171.65
DP   3  15 19 0  F        13382.29
DP   3  15 19 1  F        13474.73
DP   3  15 20 0  F        13449.36
DP   3  15 20 1  F        13393.17
DP   3  15 21 0  F        13457.74
DP   3  15 21 1  F        13737.10
DP   3  15 22 0  F        14030.47
DP   3  15 22 1  F        14130.82
DP   3  15 23 0  F        14100.94
DP   3  15 23 1  F        14071.06
DP   4  15 00 0  F        7453.23
DP   4  15 00 1  F        7416.70
DP   4  15 01 0  F        7366.38
DP   4  15 01 1  F        7295.85
DP   4  15 02 0  F        7228.30
DP   4  15 02 1  F        7183.46
DP   4  15 03 0  F        7137.61
DP   4  15 03 1  F        7066.90
DP   4  15 04 0  F        6990.33
DP   4  15 04 1  F        6932.96
DP   4  15 05 0  F        6901.21
DP   4  15 05 1  F        6885.92
DP   4  15 06 0  F        6834.29
DP   4  15 06 1  F        6710.26
DP   4  15 07 0  F        6588.27
DP   4  15 07 1  F        6554.73
DP   4  15 08 0  F        6633.40
DP   4  15 08 1  F        6815.94
DP   4  15 09 0  F        7028.27
DP   4  15 09 1  F        7195.74
DP   4  15 10 0  F        7307.27
DP   4  15 10 1  F        7371.32
DP   4  15 11 0  F        7411.08
DP   4  15 11 1  F        7442.88
DP   4  15 12 0  F        7440.88
DP   4  15 12 1  F        7390.19
DP   4  15 13 0  F        7361.93
DP   4  15 13 1  F        7424.35
DP   4  15 14 0  F        7548.04
DP   4  15 14 1  F        7681.25
DP   4  15 15 0  F        7780.60
DP   4  15 15 1  F        7815.55
DP   4  15 16 0  F        7798.81
DP   4  15 16 1  F        7746.62
DP   4  15 17 0  F        7646.14
DP   4  15 17 1  F        7488.79
DP   4  15 18 0  F        7312.16
DP   4  15 18 1  F        7167.77
DP   4  15 19 0  F        7116.71
DP   4  15 19 1  F        7192.67
DP   4  15 20 0  F        7310.19
DP   4  15 20 1  F        7382.22
DP   4  15 21 0  F        7434.61
DP   4  15 21 1  F        7507.23
DP   4  15 22 0  F        7583.17
DP   4  15 22 1  F        7638.84
DP   4  15 23 0  F        7680.63
DP   4  15 23 1  F        7722.41
DP   1  16 00 0  F        46699.84
DP   1  16 00 1  F        45264.98
DP   1  16 01 0  F        43962.61
DP   1  16 01 1  F        42892.57
DP   1  16 02 0  F        42024.04
DP   1  16 02 1  F        41302.81
DP   1  16 03 0  F        40711.68
DP   1  16 03 1  F        40249.71
DP   1  16 04 0  F        39943.88
DP   1  16 04 1  F        39813.83
DP   1  16 05 0  F        39822.08
DP   1  16 05 1  F        39927.69
DP   1  16 06 0  F        40133.06
DP   1  16 06 1  F        40506.28
DP   1  16 07 0  F        41334.96
DP   1  16 07 1  F        42832.71
DP   1  16 08 0  F        44697.74
DP   1  16 08 1  F        46540.46
DP   1  16 09 0  F        48135.45
DP   1  16 09 1  F        49361.83
DP   1  16 10 0  F        50352.75
DP   1  16 10 1  F        51238.30
DP   1  16 11 0  F        51882.27
DP   1  16 11 1  F        52142.07
DP   1  16 12 0  F        52115.92
DP   1  16 12 1  F        52001.94
DP   1  16 13 0  F        52157.12
DP   1  16 13 1  F        52826.17
DP   1  16 14 0  F        53645.68
DP   1  16 14 1  F        54200.53
DP   1  16 15 0  F        54476.75
DP   1  16 15 1  F        54562.74
DP   1  16 16 0  F        54555.19
DP   1  16 16 1  F        54444.79
DP   1  16 17 0  F        53789.88
DP   1  16 17 1  F        52273.32
DP   1  16 18 0  F        50508.45
DP   1  16 18 1  F        49272.91
DP   1  16 19 0  F        49070.85
DP   1  16 19 1  F        50055.96
DP   1  16 20 0  F        51253.45
DP   1  16 20 1  F        51718.05
DP   1  16 21 0  F        51750.87
DP   1  16 21 1  F        51794.89
DP   1  16 22 0  F        51614.10
DP   1  16 22 1  F        50922.92
DP   1  16 23 0  F        49916.46
DP   1  16 23 1  F        48910.00
DP   2  16 00 0  F        15464.38
DP   2  16 00 1  F        14895.87
DP   2  16 01 0  F        14385.30
DP   2  16 01 1  F        13976.52
DP   2  16 02 0  F        13657.21
DP   2  16 02 1  F        13401.46
DP   2  16 03 0  F        13185.27
DP   2  16 03 1  F        12993.79
DP   2  16 04 0  F        12846.82
DP   2  16 04 1  F        12768.74
DP   2  16 05 0  F        12767.42
DP   2  16 05 1  F        12837.39
DP   2  16 06 0  F        12936.27
DP   2  16 06 1  F        13061.59
DP   2  16 07 0  F        13407.61
DP   2  16 07 1  F        14127.57
DP   2  16 08 0  F        15014.18
DP   2  16 08 1  F        15807.23
DP   2  16 09 0  F        16395.45
DP   2  16 09 1  F        16749.55
DP   2  16 10 0  F        17019.13
DP   2  16 10 1  F        17353.34
DP   2  16 11 0  F        17720.57
DP   2  16 11 1  F        18015.52
DP   2  16 12 0  F        18018.89
DP   2  16 12 1  F        17636.12
DP   2  16 13 0  F        17385.61
DP   2  16 13 1  F        17732.21
DP   2  16 14 0  F        18313.68
DP   2  16 14 1  F        18669.11
DP   2  16 15 0  F        18770.15
DP   2  16 15 1  F        18702.49
DP   2  16 16 0  F        18575.47
DP   2  16 16 1  F        18465.93
DP   2  16 17 0  F        18297.10
DP   2  16 17 1  F        17964.05
DP   2  16 18 0  F        17402.85
DP   2  16 18 1  F        16650.75
DP   2  16 19 0  F        16108.60
DP   2  16 19 1  F        16123.72
DP   2  16 20 0  F        16465.78
DP   2  16 20 1  F        16811.44
DP   2  16 21 0  F        17043.15
DP   2  16 21 1  F        17113.41
DP   2  16 22 0  F        17049.06
DP   2  16 22 1  F        16895.42
DP   2  16 23 0  F        16697.20
DP   2  16 23 1  F        16498.99
DP   3  16 00 0  F        13960.17
DP   3  16 00 1  F        13714.11
DP   3  16 01 0  F        13477.62
DP   3  16 01 1  F        13260.05
DP   3  16 02 0  F        13070.04
DP   3  16 02 1  F        12912.49
DP   3  16 03 0  F        12778.25
DP   3  16 03 1  F        12662.78
DP   3  16 04 0  F        12594.17
DP   3  16 04 1  F        12576.08
DP   3  16 05 0  F        12481.75
DP   3  16 05 1  F        12209.91
DP   3  16 06 0  F        11891.76
DP   3  16 06 1  F        11696.49
DP   3  16 07 0  F        11712.93
DP   3  16 07 1  F        11981.77
DP   3  16 08 0  F        12431.38
DP   3  16 08 1  F        12954.25
DP   3  16 09 0  F        13411.44
DP   3  16 09 1  F        13698.21
DP   3  16 10 0  F        13878.03
DP   3  16 10 1  F        14036.16
DP   3  16 11 0  F        14176.69
DP   3  16 11 1  F        14273.05
DP   3  16 12 0  F        14257.02
DP   3  16 12 1  F        14102.05
DP   3  16 13 0  F        13989.78
DP   3  16 13 1  F        14088.42
DP   3  16 14 0  F        14304.37
DP   3  16 14 1  F        14500.06
DP   3  16 15 0  F        14624.10
DP   3  16 15 1  F        14656.35
DP   3  16 16 0  F        14615.66
DP   3  16 16 1  F        14505.78
DP   3  16 17 0  F        14231.11
DP   3  16 17 1  F        13755.88
DP   3  16 18 0  F        13382.89
DP   3  16 18 1  F        13381.65
DP   3  16 19 0  F        13549.80
DP   3  16 19 1  F        13628.43
DP   3  16 20 0  F        13604.07
DP   3  16 20 1  F        13544.49
DP   3  16 21 0  F        13596.74
DP   3  16 21 1  F        13856.72
DP   3  16 22 0  F        14136.46
DP   3  16 22 1  F        14240.13
DP   3  16 23 0  F        14224.21
DP   3  16 23 1  F        14208.29
DP   4  16 00 0  F        7725.40
DP   4  16 00 1  F        7673.77
DP   4  16 01 0  F        7611.88
DP   4  16 01 1  F        7534.51
DP   4  16 02 0  F        7456.62
DP   4  16 02 1  F        7391.69
DP   4  16 03 0  F        7327.13
DP   4  16 03 1  F        7250.33
DP   4  16 04 0  F        7174.77
DP   4  16 04 1  F        7116.75
DP   4  16 05 0  F        7077.76
DP   4  16 05 1  F        7046.60
DP   4  16 06 0  F        6976.30
DP   4  16 06 1  F        6837.49
DP   4  16 07 0  F        6707.19
DP   4  16 07 1  F        6672.66
DP   4  16 08 0  F        6755.76
DP   4  16 08 1  F        6944.61
DP   4  16 09 0  F        7157.82
DP   4  16 09 1  F        7315.97
DP   4  16 10 0  F        7416.82
DP   4  16 10 1  F        7478.15
DP   4  16 11 0  F        7520.53
DP   4  16 11 1  F        7553.39
DP   4  16 12 0  F        7538.71
DP   4  16 12 1  F        7456.44
DP   4  16 13 0  F        7405.92
DP   4  16 13 1  F        7479.82
DP   4  16 14 0  F        7624.81
DP   4  16 14 1  F        7761.73
DP   4  16 15 0  F        7854.16
DP   4  16 15 1  F        7883.91
DP   4  16 16 0  F        7863.03
DP   4  16 16 1  F        7805.41
DP   4  16 17 0  F        7702.13
DP   4  16 17 1  F        7548.29
DP   4  16 18 0  F        7377.83
DP   4  16 18 1  F        7238.82
DP   4  16 19 0  F        7197.01
DP   4  16 19 1  F        7288.37
DP   4  16 20 0  F        7412.14
DP   4  16 20 1  F        7467.56
DP   4  16 21 0  F        7490.51
DP   4  16 21 1  F        7535.31
DP   4  16 22 0  F        7593.34
DP   4  16 22 1  F        7645.27
DP   4  16 23 0  F        7691.65
DP   4  16 23 1  F        7738.04
DP   1  17 00 0  F        47985.14
DP   1  17 00 1  F        46558.49
DP   1  17 01 0  F        45225.99
DP   1  17 01 1  F        44066.52
DP   1  17 02 0  F        43097.86
DP   1  17 02 1  F        42316.34
DP   1  17 03 0  F        41693.59
DP   1  17 03 1  F        41206.32
DP   1  17 04 0  F        40876.35
DP   1  17 04 1  F        40722.42
DP   1  17 05 0  F        40705.76
DP   1  17 05 1  F        40780.20
DP   1  17 06 0  F        40927.23
DP   1  17 06 1  F        41201.50
DP   1  17 07 0  F        41922.34
DP   1  17 07 1  F        43337.96
DP   1  17 08 0  F        45147.39
DP   1  17 08 1  F        46952.99
DP   1  17 09 0  F        48519.76
DP   1  17 09 1  F        49715.06
DP   1  17 10 0  F        50653.24
DP   1  17 10 1  F        51458.57
DP   1  17 11 0  F        52048.04
DP   1  17 11 1  F        52321.93
DP   1  17 12 0  F        52320.98
DP   1  17 12 1  F        52184.08
DP   1  17 13 0  F        52302.50
DP   1  17 13 1  F        52963.26
DP   1  17 14 0  F        53784.34
DP   1  17 14 1  F        54325.17
DP   1  17 15 0  F        54580.38
DP   1  17 15 1  F        54648.96
DP   1  17 16 0  F        54612.24
DP   1  17 16 1  F        54454.63
DP   1  17 17 0  F        53790.38
DP   1  17 17 1  F        52343.46
DP   1  17 18 0  F        50646.68
DP   1  17 18 1  F        49393.85
DP   1  17 19 0  F        49113.77
DP   1  17 19 1  F        50011.48
DP   1  17 20 0  F        51162.02
DP   1  17 20 1  F        51642.23
DP   1  17 21 0  F        51666.09
DP   1  17 21 1  F        51608.32
DP   1  17 22 0  F        51349.29
DP   1  17 22 1  F        50723.39
DP   1  17 23 0  F        49875.27
DP   1  17 23 1  F        49027.14
DP   2  17 00 0  F        14732.82
DP   2  17 00 1  F        14175.85
DP   2  17 01 0  F        13676.09
DP   2  17 01 1  F        13278.20
DP   2  17 02 0  F        12976.68
DP   2  17 02 1  F        12749.86
DP   2  17 03 0  F        12561.57
DP   2  17 03 1  F        12385.92
DP   2  17 04 0  F        12252.53
DP   2  17 04 1  F        12196.25
DP   2  17 05 0  F        12217.13
DP   2  17 05 1  F        12299.66
DP   2  17 06 0  F        12400.76
DP   2  17 06 1  F        12517.99
DP   2  17 07 0  F        12839.16
DP   2  17 07 1  F        13512.58
DP   2  17 08 0  F        14338.58
DP   2  17 08 1  F        15066.12
DP   2  17 09 0  F        15586.74
DP   2  17 09 1  F        15870.22
DP   2  17 10 0  F        16056.81
DP   2  17 10 1  F        16290.58
DP   2  17 11 0  F        16560.40
DP   2  17 11 1  F        16780.99
DP   2  17 12 0  F        16725.56
DP   2  17 12 1  F        16282.79
DP   2  17 13 0  F        15944.67
DP   2  17 13 1  F        16161.19
DP   2  17 14 0  F        16610.86
DP   2  17 14 1  F        16876.20
DP   2  17 15 0  F        16927.05
DP   2  17 15 1  F        16837.29
DP   2  17 16 0  F        16709.57
DP   2  17 16 1  F        16620.96
DP   2  17 17 0  F        16517.26
DP   2  17 17 1  F        16314.35
DP   2  17 18 0  F        15939.82
DP   2  17 18 1  F        15401.88
DP   2  17 19 0  F        15019.70
DP   2  17 19 1  F        15072.19
DP   2  17 20 0  F        15366.33
DP   2  17 20 1  F        15634.31
DP   2  17 21 0  F        15781.33
DP   2  17 21 1  F        15771.87
DP   2  17 22 0  F        15634.72
DP   2  17 22 1  F        15414.14
DP   2  17 23 0  F        15152.13
DP   2  17 23 1  F        14890.12
DP   3  17 00 0  F        13702.04
DP   3  17 00 1  F        13454.58
DP   3  17 01 0  F        13217.59
DP   3  17 01 1  F        13001.73
DP   3  17 02 0  F        12818.51
DP   3  17 02 1  F        12673.57
DP   3  17 03 0  F        12548.31
DP   3  17 03 1  F        12429.81
DP   3  17 04 0  F        12352.02
DP   3  17 04 1  F        12328.25
DP   3  17 05 0  F        12242.21
DP   3  17 05 1  F        11996.24
DP   3  17 06 0  F        11696.79
DP   3  17 06 1  F        11492.03
DP   3  17 07 0  F        11492.85
DP   3  17 07 1  F        11761.54
DP   3  17 08 0  F        12203.00
DP   3  17 08 1  F        12687.05
DP   3  17 09 0  F        13100.36
DP   3  17 09 1  F        13365.31
DP   3  17 10 0  F        13530.38
DP   3  17 10 1  F        13663.03
DP   3  17 11 0  F        13780.83
DP   3  17 11 1  F        13873.19
DP   3  17 12 0  F        13867.05
DP   3  17 12 1  F        13724.93
DP   3  17 13 0  F        13614.20
DP   3  17 13 1  F        13694.24
DP   3  17 14 0  F        13887.79
DP   3  17 14 1  F        14073.54
DP   3  17 15 0  F        14190.80
DP   3  17 15 1  F        14209.05
DP   3  17 16 0  F        14157.83
DP   3  17 16 1  F        14054.82
DP   3  17 17 0  F        13810.20
DP   3  17 17 1  F        13386.89
DP   3  17 18 0  F        13066.33
DP   3  17 18 1  F        13098.62
DP   3  17 19 0  F        13290.13
DP   3  17 19 1  F        13393.80
DP   3  17 20 0  F        13392.55
DP   3  17 20 1  F        13346.67
DP   3  17 21 0  F        13395.93
DP   3  17 21 1  F        13633.33
DP   3  17 22 0  F        13885.42
DP   3  17 22 1  F        13970.88
DP   3  17 23 0  F        13943.64
DP   3  17 23 1  F        13916.39
DP   4  17 00 0  F        7546.54
DP   4  17 00 1  F        7498.19
DP   4  17 01 0  F        7439.23
DP   4  17 01 1  F        7363.57
DP   4  17 02 0  F        7283.30
DP   4  17 02 1  F        7211.44
DP   4  17 03 0  F        7146.50
DP   4  17 03 1  F        7084.42
DP   4  17 04 0  F        7025.34
DP   4  17 04 1  F        6971.81
DP   4  17 05 0  F        6931.93
DP   4  17 05 1  F        6904.93
DP   4  17 06 0  F        6849.13
DP   4  17 06 1  F        6734.54
DP   4  17 07 0  F        6619.09
DP   4  17 07 1  F        6572.81
DP   4  17 08 0  F        6626.15
DP   4  17 08 1  F        6781.94
DP   4  17 09 0  F        6971.95
DP   4  17 09 1  F        7124.99
DP   4  17 10 0  F        7229.12
DP   4  17 10 1  F        7291.90
DP   4  17 11 0  F        7339.78
DP   4  17 11 1  F        7388.33
DP   4  17 12 0  F        7390.74
DP   4  17 12 1  F        7316.21
DP   4  17 13 0  F        7260.33
DP   4  17 13 1  F        7315.79
DP   4  17 14 0  F        7437.21
DP   4  17 14 1  F        7554.14
DP   4  17 15 0  F        7633.86
DP   4  17 15 1  F        7659.58
DP   4  17 16 0  F        7640.40
DP   4  17 16 1  F        7586.51
DP   4  17 17 0  F        7486.58
DP   4  17 17 1  F        7335.79
DP   4  17 18 0  F        7176.79
DP   4  17 18 1  F        7062.00
DP   4  17 19 0  F        7035.29
DP   4  17 19 1  F        7114.83
DP   4  17 20 0  F        7224.41
DP   4  17 20 1  F        7287.45
DP   4  17 21 0  F        7320.20
DP   4  17 21 1  F        7355.15
DP   4  17 22 0  F        7396.97
DP   4  17 22 1  F        7443.37
DP   4  17 23 0  F        7492.06
DP   4  17 23 1  F        7540.75
DP   1  18 00 0  F        47784.20
DP   1  18 00 1  F        46371.97
DP   1  18 01 0  F        45068.02
DP   1  18 01 1  F        43955.96
DP   1  18 02 0  F        43020.86
DP   1  18 02 1  F        42230.24
DP   1  18 03 0  F        41580.02
DP   1  18 03 1  F        41077.73
DP   1  18 04 0  F        40749.03
DP   1  18 04 1  F        40608.89
DP   1  18 05 0  F        40611.38
DP   1  18 05 1  F        40697.37
DP   1  18 06 0  F        40815.67
DP   1  18 06 1  F        41003.54
DP   1  18 07 0  F        41643.98
DP   1  18 07 1  F        43042.11
DP   1  18 08 0  F        44845.87
DP   1  18 08 1  F        46602.45
DP   1  18 09 0  F        48113.40
DP   1  18 09 1  F        49293.01
DP   1  18 10 0  F        50252.21
DP   1  18 10 1  F        51098.59
DP   1  18 11 0  F        51729.63
DP   1  18 11 1  F        52031.76
DP   1  18 12 0  F        52057.24
DP   1  18 12 1  F        51955.14
DP   1  18 13 0  F        52095.75
DP   1  18 13 1  F        52752.82
DP   1  18 14 0  F        53592.54
DP   1  18 14 1  F        54214.68
DP   1  18 15 0  F        54560.75
DP   1  18 15 1  F        54673.37
DP   1  18 16 0  F        54657.79
DP   1  18 16 1  F        54530.60
DP   1  18 17 0  F        53891.05
DP   1  18 17 1  F        52449.00
DP   1  18 18 0  F        50773.84
DP   1  18 18 1  F        49591.54
DP   1  18 19 0  F        49394.58
DP   1  18 19 1  F        50344.39
DP   1  18 20 0  F        51511.54
DP   1  18 20 1  F        51986.50
DP   1  18 21 0  F        52029.93
DP   1  18 21 1  F        52049.94
DP   1  18 22 0  F        51874.13
DP   1  18 22 1  F        51280.68
DP   1  18 23 0  F        50430.56
DP   1  18 23 1  F        49580.44
DP   2  18 00 0  F        14074.38
DP   2  18 00 1  F        13583.41
DP   2  18 01 0  F        13132.59
DP   2  18 01 1  F        12755.77
DP   2  18 02 0  F        12461.54
DP   2  18 02 1  F        12244.28
DP   2  18 03 0  F        12066.73
DP   2  18 03 1  F        11898.55
DP   2  18 04 0  F        11768.72
DP   2  18 04 1  F        11711.99
DP   2  18 05 0  F        11726.81
DP   2  18 05 1  F        11796.30
DP   2  18 06 0  F        11878.51
DP   2  18 06 1  F        11973.17
DP   2  18 07 0  F        12271.71
DP   2  18 07 1  F        12924.18
DP   2  18 08 0  F        13723.32
DP   2  18 08 1  F        14414.51
DP   2  18 09 0  F        14910.88
DP   2  18 09 1  F        15202.65
DP   2  18 10 0  F        15420.63
DP   2  18 10 1  F        15699.80
DP   2  18 11 0  F        16051.18
DP   2  18 11 1  F        16405.79
DP   2  18 12 0  F        16498.66
DP   2  18 12 1  F        16178.53
DP   2  18 13 0  F        15945.00
DP   2  18 13 1  F        16264.60
DP   2  18 14 0  F        16820.58
DP   2  18 14 1  F        17194.59
DP   2  18 15 0  F        17345.12
DP   2  18 15 1  F        17334.45
DP   2  18 16 0  F        17263.18
DP   2  18 16 1  F        17208.01
DP   2  18 17 0  F        17111.62
DP   2  18 17 1  F        16886.13
DP   2  18 18 0  F        16455.39
DP   2  18 18 1  F        15839.25
DP   2  18 19 0  F        15429.65
DP   2  18 19 1  F        15564.02
DP   2  18 20 0  F        15989.42
DP   2  18 20 1  F        16369.57
DP   2  18 21 0  F        16625.07
DP   2  18 21 1  F        16743.39
DP   2  18 22 0  F        16722.52
DP   2  18 22 1  F        16574.52
DP   2  18 23 0  F        16357.24
DP   2  18 23 1  F        16139.96
DP   3  18 00 0  F        13738.16
DP   3  18 00 1  F        13484.30
DP   3  18 01 0  F        13246.63
DP   3  18 01 1  F        13038.37
DP   3  18 02 0  F        12860.83
DP   3  18 02 1  F        12710.95
DP   3  18 03 0  F        12579.96
DP   3  18 03 1  F        12465.37
DP   3  18 04 0  F        12395.35
DP   3  18 04 1  F        12374.52
DP   3  18 05 0  F        12282.71
DP   3  18 05 1  F        12021.79
DP   3  18 06 0  F        11706.65
DP   3  18 06 1  F        11493.43
DP   3  18 07 0  F        11490.09
DP   3  18 07 1  F        11752.89
DP   3  18 08 0  F        12179.52
DP   3  18 08 1  F        12636.20
DP   3  18 09 0  F        13022.09
DP   3  18 09 1  F        13272.38
DP   3  18 10 0  F        13433.57
DP   3  18 10 1  F        13566.58
DP   3  18 11 0  F        13678.55
DP   3  18 11 1  F        13753.57
DP   3  18 12 0  F        13737.37
DP   3  18 12 1  F        13609.52
DP   3  18 13 0  F        13523.32
DP   3  18 13 1  F        13619.25
DP   3  18 14 0  F        13812.86
DP   3  18 14 1  F        13982.36
DP   3  18 15 0  F        14081.70
DP   3  18 15 1  F        14094.18
DP   3  18 16 0  F        14044.83
DP   3  18 16 1  F        13943.60
DP   3  18 17 0  F        13698.48
DP   3  18 17 1  F        13276.03
DP   3  18 18 0  F        12979.01
DP   3  18 18 1  F        13069.50
DP   3  18 19 0  F        13310.64
DP   3  18 19 1  F        13414.58
DP   3  18 20 0  F        13388.69
DP   3  18 20 1  F        13327.41
DP   3  18 21 0  F        13378.20
DP   3  18 21 1  F        13631.70
DP   3  18 22 0  F        13898.11
DP   3  18 22 1  F        13981.47
DP   3  18 23 0  F        13941.34
DP   3  18 23 1  F        13901.21
DP   4  18 00 0  F        7437.33
DP   4  18 00 1  F        7375.84
DP   4  18 01 0  F        7304.55
DP   4  18 01 1  F        7219.55
DP   4  18 02 0  F        7140.42
DP   4  18 02 1  F        7083.71
DP   4  18 03 0  F        7030.22
DP   4  18 03 1  F        6959.92
DP   4  18 04 0  F        6884.98
DP   4  18 04 1  F        6822.88
DP   4  18 05 0  F        6779.88
DP   4  18 05 1  F        6749.49
DP   4  18 06 0  F        6685.45
DP   4  18 06 1  F        6557.99
DP   4  18 07 0  F        6443.10
DP   4  18 07 1  F        6427.47
DP   4  18 08 0  F        6534.78
DP   4  18 08 1  F        6752.68
DP   4  18 09 0  F        6987.71
DP   4  18 09 1  F        7151.32
DP   4  18 10 0  F        7255.74
DP   4  18 10 1  F        7331.91
DP   4  18 11 0  F        7385.02
DP   4  18 11 1  F        7411.71
DP   4  18 12 0  F        7400.11
DP   4  18 12 1  F        7353.35
DP   4  18 13 0  F        7342.87
DP   4  18 13 1  F        7432.16
DP   4  18 14 0  F        7584.65
DP   4  18 14 1  F        7741.36
DP   4  18 15 0  F        7853.80
DP   4  18 15 1  F        7889.03
DP   4  18 16 0  F        7865.80
DP   4  18 16 1  F        7805.81
DP   4  18 17 0  F        7690.85
DP   4  18 17 1  F        7509.30
DP   4  18 18 0  F        7315.76
DP   4  18 18 1  F        7176.61
DP   4  18 19 0  F        7139.03
DP   4  18 19 1  F        7219.03
DP   4  18 20 0  F        7326.99
DP   4  18 20 1  F        7375.91
DP   4  18 21 0  F        7394.84
DP   4  18 21 1  F        7430.12
DP   4  18 22 0  F        7480.98
DP   4  18 22 1  F        7536.72
DP   4  18 23 0  F        7593.99
DP   4  18 23 1  F        7651.26
DP   1  19 00 0  F        48227.89
DP   1  19 00 1  F        46856.06
DP   1  19 01 0  F        45581.22
DP   1  19 01 1  F        44476.97
DP   1  19 02 0  F        43523.27
DP   1  19 02 1  F        42691.89
DP   1  19 03 0  F        42015.48
DP   1  19 03 1  F        41529.93
DP   1  19 04 0  F        41223.01
DP   1  19 04 1  F        41065.44
DP   1  19 05 0  F        41007.71
DP   1  19 05 1  F        41006.13
DP   1  19 06 0  F        41060.30
DP   1  19 06 1  F        41239.06
DP   1  19 07 0  F        41844.72
DP   1  19 07 1  F        43118.00
DP   1  19 08 0  F        44819.74
DP   1  19 08 1  F        46600.89
DP   1  19 09 0  F        48152.88
DP   1  19 09 1  F        49268.82
DP   1  19 10 0  F        50108.28
DP   1  19 10 1  F        50848.41
DP   1  19 11 0  F        51370.18
DP   1  19 11 1  F        51533.98
DP   1  19 12 0  F        51413.73
DP   1  19 12 1  F        51186.83
DP   1  19 13 0  F        51230.74
DP   1  19 13 1  F        51813.02
DP   1  19 14 0  F        52561.47
DP   1  19 14 1  F        53049.23
DP   1  19 15 0  F        53270.55
DP   1  19 15 1  F        53300.24
DP   1  19 16 0  F        53114.00
DP   1  19 16 1  F        52651.22
DP   1  19 17 0  F        51804.98
DP   1  19 17 1  F        50540.87
DP   1  19 18 0  F        49160.82
DP   1  19 18 1  F        48086.75
DP   1  19 19 0  F        47884.04
DP   1  19 19 1  F        48840.82
DP   1  19 20 0  F        49992.87
DP   1  19 20 1  F        50373.48
DP   1  19 21 0  F        50258.37
DP   1  19 21 1  F        50101.42
DP   1  19 22 0  F        49826.76
DP   1  19 22 1  F        49287.97
DP   1  19 23 0  F        48586.16
DP   1  19 23 1  F        47884.36
DP   2  19 00 0  F        15160.51
DP   2  19 00 1  F        14627.05
DP   2  19 01 0  F        14139.92
DP   2  19 01 1  F        13736.30
DP   2  19 02 0  F        13416.84
DP   2  19 02 1  F        13168.73
DP   2  19 03 0  F        12961.90
DP   2  19 03 1  F        12773.28
DP   2  19 04 0  F        12625.13
DP   2  19 04 1  F        12546.26
DP   2  19 05 0  F        12546.33
DP   2  19 05 1  F        12620.05
DP   2  19 06 0  F        12721.33
DP   2  19 06 1  F        12843.89
DP   2  19 07 0  F        13181.46
DP   2  19 07 1  F        13887.20
DP   2  19 08 0  F        14751.97
DP   2  19 08 1  F        15515.57
DP   2  19 09 0  F        16075.82
DP   2  19 09 1  F        16408.71
DP   2  19 10 0  F        16644.94
DP   2  19 10 1  F        16919.84
DP   2  19 11 0  F        17232.60
DP   2  19 11 1  F        17506.34
DP   2  19 12 0  F        17496.01
DP   2  19 12 1  F        17077.12
DP   2  19 13 0  F        16775.62
DP   2  19 13 1  F        17074.46
DP   2  19 14 0  F        17634.18
DP   2  19 14 1  F        18006.96
DP   2  19 15 0  F        18133.83
DP   2  19 15 1  F        18066.75
DP   2  19 16 0  F        17912.60
DP   2  19 16 1  F        17758.97
DP   2  19 17 0  F        17561.59
DP   2  19 17 1  F        17244.83
DP   2  19 18 0  F        16739.61
DP   2  19 18 1  F        16064.11
DP   2  19 19 0  F        15578.93
DP   2  19 19 1  F        15598.83
DP   2  19 20 0  F        15912.78
DP   2  19 20 1  F        16223.81
DP   2  19 21 0  F        16417.06
DP   2  19 21 1  F        16445.82
DP   2  19 22 0  F        16354.08
DP   2  19 22 1  F        16201.89
DP   2  19 23 0  F        16022.77
DP   2  19 23 1  F        15843.66
DP   3  19 00 0  F        13738.42
DP   3  19 00 1  F        13484.49
DP   3  19 01 0  F        13246.95
DP   3  19 01 1  F        13039.24
DP   3  19 02 0  F        12863.07
DP   3  19 02 1  F        12715.35
DP   3  19 03 0  F        12585.57
DP   3  19 03 1  F        12469.23
DP   3  19 04 0  F        12393.19
DP   3  19 04 1  F        12362.75
DP   3  19 05 0  F        12265.76
DP   3  19 05 1  F        12009.98
DP   3  19 06 0  F        11700.40
DP   3  19 06 1  F        11482.07
DP   3  19 07 0  F        11462.97
DP   3  19 07 1  F        11703.35
DP   3  19 08 0  F        12109.46
DP   3  19 08 1  F        12553.46
DP   3  19 09 0  F        12925.09
DP   3  19 09 1  F        13151.43
DP   3  19 10 0  F        13291.27
DP   3  19 10 1  F        13417.76
DP   3  19 11 0  F        13529.61
DP   3  19 11 1  F        13600.21
DP   3  19 12 0  F        13576.17
DP   3  19 12 1  F        13440.22
DP   3  19 13 0  F        13346.29
DP   3  19 13 1  F        13434.86
DP   3  19 14 0  F        13621.29
DP   3  19 14 1  F        13784.10
DP   3  19 15 0  F        13879.80
DP   3  19 15 1  F        13892.78
DP   3  19 16 0  F        13841.29
DP   3  19 16 1  F        13731.10
DP   3  19 17 0  F        13484.24
DP   3  19 17 1  F        13080.50
DP   3  19 18 0  F        12814.37
DP   3  19 18 1  F        12936.05
DP   3  19 19 0  F        13203.85
DP   3  19 19 1  F        13325.63
DP   3  19 20 0  F        13299.26
DP   3  19 20 1  F        13215.32
DP   3  19 21 0  F        13245.32
DP   3  19 21 1  F        13501.59
DP   3  19 22 0  F        13778.84
DP   3  19 22 1  F        13861.79
DP   3  19 23 0  F        13812.87
DP   3  19 23 1  F        13763.96
DP   4  19 00 0  F        7535.66
DP   4  19 00 1  F        7472.49
DP   4  19 01 0  F        7402.60
DP   4  19 01 1  F        7323.15
DP   4  19 02 0  F        7246.68
DP   4  19 02 1  F        7184.42
DP   4  19 03 0  F        7126.97
DP   4  19 03 1  F        7062.82
DP   4  19 04 0  F        6992.86
DP   4  19 04 1  F        6924.07
DP   4  19 05 0  F        6875.36
DP   4  19 05 1  F        6851.92
DP   4  19 06 0  F        6792.08
DP   4  19 06 1  F        6649.88
DP   4  19 07 0  F        6509.03
DP   4  19 07 1  F        6468.14
DP   4  19 08 0  F        6555.60
DP   4  19 08 1  F        6760.03
DP   4  19 09 0  F        6981.23
DP   4  19 09 1  F        7124.34
DP   4  19 10 0  F        7204.77
DP   4  19 10 1  F        7259.76
DP   4  19 11 0  F        7303.51
DP   4  19 11 1  F        7337.51
DP   4  19 12 0  F        7335.33
DP   4  19 12 1  F        7285.49
DP   4  19 13 0  F        7264.22
DP   4  19 13 1  F        7342.31
DP   4  19 14 0  F        7481.19
DP   4  19 14 1  F        7619.96
DP   4  19 15 0  F        7717.80
DP   4  19 15 1  F        7748.17
DP   4  19 16 0  F        7721.35
DP   4  19 16 1  F        7653.11
DP   4  19 17 0  F        7544.30
DP   4  19 17 1  F        7398.82
DP   4  19 18 0  F        7247.69
DP   4  19 18 1  F        7133.07
DP   4  19 19 0  F        7114.79
DP   4  19 19 1  F        7223.01
DP   4  19 20 0  F        7351.60
DP   4  19 20 1  F        7397.53
DP   4  19 21 0  F        7406.32
DP   4  19 21 1  F        7441.86
DP   4  19 22 0  F        7492.87
DP   4  19 22 1  F        7535.55
DP   4  19 23 0  F        7570.95
DP   4  19 23 1  F        7606.36
DP   1  20 00 0  F        46686.42
DP   1  20 00 1  F        45479.15
DP   1  20 01 0  F        44328.55
DP   1  20 01 1  F        43282.34
DP   1  20 02 0  F        42352.46
DP   1  20 02 1  F        41545.32
DP   1  20 03 0  F        40880.82
DP   1  20 03 1  F        40376.43
DP   1  20 04 0  F        40026.26
DP   1  20 04 1  F        39804.14
DP   1  20 05 0  F        39626.10
DP   1  20 05 1  F        39408.48
DP   1  20 06 0  F        39126.67
DP   1  20 06 1  F        38838.63
DP   1  20 07 0  F        38873.45
DP   1  20 07 1  F        39506.11
DP   1  20 08 0  F        40524.07
DP   1  20 08 1  F        41625.62
DP   1  20 09 0  F        42640.01
DP   1  20 09 1  F        43460.90
DP   1  20 10 0  F        44108.66
DP   1  20 10 1  F        44618.94
DP   1  20 11 0  F        44961.67
DP   1  20 11 1  F        45114.14
DP   1  20 12 0  F        45148.76
DP   1  20 12 1  F        45150.77
DP   1  20 13 0  F        45161.56
DP   1  20 13 1  F        45197.24
DP   1  20 14 0  F        45216.64
DP   1  20 14 1  F        45181.17
DP   1  20 15 0  F        45119.84
DP   1  20 15 1  F        45068.26
DP   1  20 16 0  F        45020.65
DP   1  20 16 1  F        44953.00
DP   1  20 17 0  F        44809.59
DP   1  20 17 1  F        44570.12
DP   1  20 18 0  F        44387.77
DP   1  20 18 1  F        44472.27
DP   1  20 19 0  F        45086.09
DP   1  20 19 1  F        46307.53
DP   1  20 20 0  F        47425.23
DP   1  20 20 1  F        47755.91
DP   1  20 21 0  F        47518.22
DP   1  20 21 1  F        47073.87
DP   1  20 22 0  F        46454.98
DP   1  20 22 1  F        45638.41
DP   1  20 23 0  F        44709.44
DP   1  20 23 1  F        43780.46
DP   2  20 00 0  F        14305.85
DP   2  20 00 1  F        13797.09
DP   2  20 01 0  F        13344.45
DP   2  20 01 1  F        12987.86
DP   2  20 02 0  F        12702.35
DP   2  20 02 1  F        12453.09
DP   2  20 03 0  F        12230.61
DP   2  20 03 1  F        12035.48
DP   2  20 04 0  F        11883.07
DP   2  20 04 1  F        11787.85
DP   2  20 05 0  F        11745.74
DP   2  20 05 1  F        11736.66
DP   2  20 06 0  F        11695.01
DP   2  20 06 1  F        11601.81
DP   2  20 07 0  F        11670.24
DP   2  20 07 1  F        12079.06
DP   2  20 08 0  F        12637.21
DP   2  20 08 1  F        13107.77
DP   2  20 09 0  F        13440.11
DP   2  20 09 1  F        13647.64
DP   2  20 10 0  F        13813.49
DP   2  20 10 1  F        14018.04
DP   2  20 11 0  F        14260.66
DP   2  20 11 1  F        14495.02
DP   2  20 12 0  F        14572.88
DP   2  20 12 1  F        14400.26
DP   2  20 13 0  F        14202.23
DP   2  20 13 1  F        14206.00
DP   2  20 14 0  F        14328.53
DP   2  20 14 1  F        14428.12
DP   2  20 15 0  F        14438.67
DP   2  20 15 1  F        14341.47
DP   2  20 16 0  F        14231.67
DP   2  20 16 1  F        14204.47
DP   2  20 17 0  F        14241.54
DP   2  20 17 1  F        14289.83
DP   2  20 18 0  F        14270.99
DP   2  20 18 1  F        14158.78
DP   2  20 19 0  F        14160.64
DP   2  20 19 1  F        14454.21
DP   2  20 20 0  F        14864.29
DP   2  20 20 1  F        15160.42
DP   2  20 21 0  F        15244.12
DP   2  20 21 1  F        15084.69
DP   2  20 22 0  F        14790.77
DP   2  20 22 1  F        14481.14
DP   2  20 23 0  F        14175.97
DP   2  20 23 1  F        13870.81
DP   3  20 00 0  F        13549.30
DP   3  20 00 1  F        13333.00
DP   3  20 01 0  F        13127.20
DP   3  20 01 1  F        12941.64
DP   3  20 02 0  F        12782.90
DP   3  20 02 1  F        12652.46
DP   3  20 03 0  F        12534.48
DP   3  20 03 1  F        12418.52
DP   3  20 04 0  F        12332.86
DP   3  20 04 1  F        12285.44
DP   3  20 05 0  F        12164.11
DP   3  20 05 1  F        11874.79
DP   3  20 06 0  F        11515.88
DP   3  20 06 1  F        11222.76
DP   3  20 07 0  F        11086.31
DP   3  20 07 1  F        11154.02
DP   3  20 08 0  F        11344.29
DP   3  20 08 1  F        11553.63
DP   3  20 09 0  F        11720.00
DP   3  20 09 1  F        11811.34
DP   3  20 10 0  F        11874.09
DP   3  20 10 1  F        11957.52
DP   3  20 11 0  F        12043.87
DP   3  20 11 1  F        12100.86
DP   3  20 12 0  F        12105.22
DP   3  20 12 1  F        12053.38
DP   3  20 13 0  F        12011.47
DP   3  20 13 1  F        12037.70
DP   3  20 14 0  F        12089.03
DP   3  20 14 1  F        12111.91
DP   3  20 15 0  F        12112.08
DP   3  20 15 1  F        12104.72
DP   3  20 16 0  F        12083.42
DP   3  20 16 1  F        12038.77
DP   3  20 17 0  F        11970.96
DP   3  20 17 1  F        11922.69
DP   3  20 18 0  F        12096.98
DP   3  20 18 1  F        12621.34
DP   3  20 19 0  F        13160.89
DP   3  20 19 1  F        13375.50
DP   3  20 20 0  F        13366.36
DP   3  20 20 1  F        13316.62
DP   3  20 21 0  F        13295.91
DP   3  20 21 1  F        13326.43
DP   3  20 22 0  F        13353.94
DP   3  20 22 1  F        13323.72
DP   3  20 23 0  F        13255.36
DP   3  20 23 1  F        13186.99
DP   4  20 00 0  F        7535.26
DP   4  20 00 1  F        7490.62
DP   4  20 01 0  F        7435.11
DP   4  20 01 1  F        7362.80
DP   4  20 02 0  F        7287.42
DP   4  20 02 1  F        7222.34
DP   4  20 03 0  F        7159.73
DP   4  20 03 1  F        7090.67
DP   4  20 04 0  F        7023.06
DP   4  20 04 1  F        6967.16
DP   4  20 05 0  F        6925.64
DP   4  20 05 1  F        6889.54
DP   4  20 06 0  F        6810.81
DP   4  20 06 1  F        6657.98
DP   4  20 07 0  F        6504.87
DP   4  20 07 1  F        6434.14
DP   4  20 08 0  F        6458.55
DP   4  20 08 1  F        6561.95
DP   4  20 09 0  F        6682.28
DP   4  20 09 1  F        6762.66
DP   4  20 10 0  F        6812.76
DP   4  20 10 1  F        6853.84
DP   4  20 11 0  F        6886.88
DP   4  20 11 1  F        6906.60
DP   4  20 12 0  F        6902.81
DP   4  20 12 1  F        6874.80
DP   4  20 13 0  F        6864.57
DP   4  20 13 1  F        6910.44
DP   4  20 14 0  F        6993.31
DP   4  20 14 1  F        7079.77
DP   4  20 15 0  F        7136.63
DP   4  20 15 1  F        7140.22
DP   4  20 16 0  F        7104.81
DP   4  20 16 1  F        7049.30
DP   4  20 17 0  F        6973.18
DP   4  20 17 1  F        6883.64
DP   4  20 18 0  F        6838.03
DP   4  20 18 1  F        6888.52
DP   4  20 19 0  F        7016.34
DP   4  20 19 1  F        7178.07
DP   4  20 20 0  F        7302.62
DP   4  20 20 1  F        7336.87
DP   4  20 21 0  F        7327.38
DP   4  20 21 1  F        7330.84
DP   4  20 22 0  F        7344.85
DP   4  20 22 1  F        7355.64
DP   4  20 23 0  F        7363.10
DP   4  20 23 1  F        7370.56
