&   CARGA
&
&   ss  di hi m df hf m Demanda
&X  XX  XX XX X XX XX X XXXXXXXXXX
DP   1  15 00 0  F        42254.12
DP   1  15 00 1  F        41132.86
DP   1  15 01 0  F        40111.64
DP   1  15 01 1  F        39264.08
DP   1  15 02 0  F        38558.12
DP   1  15 02 1  F        37951.21
DP   1  15 03 0  F        37464.75
DP   1  15 03 1  F        37129.26
DP   1  15 04 0  F        36947.93
DP   1  15 04 1  F        36911.87
DP   1  15 05 0  F        36991.23
DP   1  15 05 1  F        37174.92
DP   1  15 06 0  F        37547.79
DP   1  15 06 1  F        38221.07
DP   1  15 07 0  F        39315.53
DP   1  15 07 1  F        40887.42
DP   1  15 08 0  F        42725.54
DP   1  15 08 1  F        44562.81
DP   1  15 09 0  F        46176.16
DP   1  15 09 1  F        47420.05
DP   1  15 10 0  F        48414.95
DP   1  15 10 1  F        49293.83
DP   1  15 11 0  F        49973.55
DP   1  15 11 1  F        50342.38
DP   1  15 12 0  F        50390.62
DP   1  15 12 1  F        50216.56
DP   1  15 13 0  F        50248.38
DP   1  15 13 1  F        50821.60
DP   1  15 14 0  F        51570.92
DP   1  15 14 1  F        52061.09
DP   1  15 15 0  F        52277.67
DP   1  15 15 1  F        52318.80
DP   1  15 16 0  F        52312.12
DP   1  15 16 1  F        52276.76
DP   1  15 17 0  F        51768.32
DP   1  15 17 1  F        50451.89
DP   1  15 18 0  F        48894.25
DP   1  15 18 1  F        47837.94
DP   1  15 19 0  F        47826.96
DP   1  15 19 1  F        49037.65
DP   1  15 20 0  F        50374.21
DP   1  15 20 1  F        50786.66
DP   1  15 21 0  F        50680.44
DP   1  15 21 1  F        50620.43
DP   1  15 22 0  F        50354.12
DP   1  15 22 1  F        49556.04
DP   1  15 23 0  F        48426.36
DP   1  15 23 1  F        47296.69
DP   2  15 00 0  F        14519.80
DP   2  15 00 1  F        14042.87
DP   2  15 01 0  F        13622.72
DP   2  15 01 1  F        13300.68
DP   2  15 02 0  F        13056.20
DP   2  15 02 1  F        12857.11
DP   2  15 03 0  F        12686.41
DP   2  15 03 1  F        12536.34
DP   2  15 04 0  F        12420.97
DP   2  15 04 1  F        12361.80
DP   2  15 05 0  F        12388.34
DP   2  15 05 1  F        12514.26
DP   2  15 06 0  F        12682.06
DP   2  15 06 1  F        12872.42
DP   2  15 07 0  F        13290.20
DP   2  15 07 1  F        14101.87
DP   2  15 08 0  F        15096.27
DP   2  15 08 1  F        16004.56
DP   2  15 09 0  F        16704.76
DP   2  15 09 1  F        17154.44
DP   2  15 10 0  F        17482.51
DP   2  15 10 1  F        17830.32
DP   2  15 11 0  F        18217.62
DP   2  15 11 1  F        18577.21
DP   2  15 12 0  F        18615.83
DP   2  15 12 1  F        18182.14
DP   2  15 13 0  F        17918.78
DP   2  15 13 1  F        18405.67
DP   2  15 14 0  F        19178.02
DP   2  15 14 1  F        19650.07
DP   2  15 15 0  F        19796.74
DP   2  15 15 1  F        19734.69
DP   2  15 16 0  F        19586.63
DP   2  15 16 1  F        19435.82
DP   2  15 17 0  F        19201.50
DP   2  15 17 1  F        18768.78
DP   2  15 18 0  F        18050.18
DP   2  15 18 1  F        17087.70
DP   2  15 19 0  F        16413.92
DP   2  15 19 1  F        16476.85
DP   2  15 20 0  F        16895.58
DP   2  15 20 1  F        17196.66
DP   2  15 21 0  F        17365.28
DP   2  15 21 1  F        17472.72
DP   2  15 22 0  F        17475.89
DP   2  15 22 1  F        17329.73
DP   2  15 23 0  F        17095.59
DP   2  15 23 1  F        16861.45
DP   3  15 00 0  F        13348.14
DP   3  15 00 1  F        13125.27
DP   3  15 01 0  F        12916.33
DP   3  15 01 1  F        12732.93
DP   3  15 02 0  F        12577.47
DP   3  15 02 1  F        12446.43
DP   3  15 03 0  F        12321.88
DP   3  15 03 1  F        12194.39
DP   3  15 04 0  F        12103.05
DP   3  15 04 1  F        12066.32
DP   3  15 05 0  F        11971.89
DP   3  15 05 1  F        11726.89
DP   3  15 06 0  F        11447.08
DP   3  15 06 1  F        11284.52
DP   3  15 07 0  F        11327.55
DP   3  15 07 1  F        11620.46
DP   3  15 08 0  F        12094.93
DP   3  15 08 1  F        12644.13
DP   3  15 09 0  F        13119.76
DP   3  15 09 1  F        13410.44
DP   3  15 10 0  F        13593.80
DP   3  15 10 1  F        13767.63
DP   3  15 11 0  F        13921.32
DP   3  15 11 1  F        14014.41
DP   3  15 12 0  F        13995.59
DP   3  15 12 1  F        13856.73
DP   3  15 13 0  F        13773.49
DP   3  15 13 1  F        13903.12
DP   3  15 14 0  F        14145.45
DP   3  15 14 1  F        14357.59
DP   3  15 15 0  F        14483.26
DP   3  15 15 1  F        14502.15
DP   3  15 16 0  F        14451.42
DP   3  15 16 1  F        14349.00
DP   3  15 17 0  F        14078.65
DP   3  15 17 1  F        13585.46
DP   3  15 18 0  F        13194.23
DP   3  15 18 1  F        13197.97
DP   3  15 19 0  F        13382.83
DP   3  15 19 1  F        13473.80
DP   3  15 20 0  F        13457.89
DP   3  15 20 1  F        13408.77
DP   3  15 21 0  F        13484.68
DP   3  15 21 1  F        13787.24
DP   3  15 22 0  F        14107.25
DP   3  15 22 1  F        14228.05
DP   3  15 23 0  F        14214.10
DP   3  15 23 1  F        14200.16
DP   4  15 00 0  F        7315.69
DP   4  15 00 1  F        7267.77
DP   4  15 01 0  F        7218.25
DP   4  15 01 1  F        7166.22
DP   4  15 02 0  F        7113.46
DP   4  15 02 1  F        7060.34
DP   4  15 03 0  F        6998.96
DP   4  15 03 1  F        6924.36
DP   4  15 04 0  F        6851.66
DP   4  15 04 1  F        6798.50
DP   4  15 05 0  F        6772.39
DP   4  15 05 1  F        6765.23
DP   4  15 06 0  F        6716.45
DP   4  15 06 1  F        6585.08
DP   4  15 07 0  F        6461.07
DP   4  15 07 1  F        6446.31
DP   4  15 08 0  F        6559.63
DP   4  15 08 1  F        6780.94
DP   4  15 09 0  F        7017.69
DP   4  15 09 1  F        7183.18
DP   4  15 10 0  F        7286.69
DP   4  15 10 1  F        7356.82
DP   4  15 11 0  F        7403.55
DP   4  15 11 1  F        7427.52
DP   4  15 12 0  F        7410.76
DP   4  15 12 1  F        7350.36
DP   4  15 13 0  F        7322.26
DP   4  15 13 1  F        7396.31
DP   4  15 14 0  F        7539.32
DP   4  15 14 1  F        7693.06
DP   4  15 15 0  F        7802.27
DP   4  15 15 1  F        7828.61
DP   4  15 16 0  F        7798.61
DP   4  15 16 1  F        7743.16
DP   4  15 17 0  F        7645.85
DP   4  15 17 1  F        7489.09
DP   4  15 18 0  F        7297.97
DP   4  15 18 1  F        7120.90
DP   4  15 19 0  F        7056.75
DP   4  15 19 1  F        7168.03
DP   4  15 20 0  F        7321.07
DP   4  15 20 1  F        7381.82
DP   4  15 21 0  F        7410.79
DP   4  15 21 1  F        7488.65
DP   4  15 22 0  F        7582.28
DP   4  15 22 1  F        7644.19
DP   4  15 23 0  F        7683.20
DP   4  15 23 1  F        7722.22
DP   1  16 00 0  F        46391.91
DP   1  16 00 1  F        44974.69
DP   1  16 01 0  F        43685.89
DP   1  16 01 1  F        42623.23
DP   1  16 02 0  F        41761.57
DP   1  16 02 1  F        41052.04
DP   1  16 03 0  F        40473.64
DP   1  16 03 1  F        40019.31
DP   1  16 04 0  F        39709.71
DP   1  16 04 1  F        39563.54
DP   1  16 05 0  F        39563.84
DP   1  16 05 1  F        39687.41
DP   1  16 06 0  F        39921.68
DP   1  16 06 1  F        40316.04
DP   1  16 07 0  F        41157.09
DP   1  16 07 1  F        42662.32
DP   1  16 08 0  F        44535.61
DP   1  16 08 1  F        46391.65
DP   1  16 09 0  F        48002.02
DP   1  16 09 1  F        49244.64
DP   1  16 10 0  F        50266.02
DP   1  16 10 1  F        51205.90
DP   1  16 11 0  F        51908.44
DP   1  16 11 1  F        52211.85
DP   1  16 12 0  F        52226.05
DP   1  16 12 1  F        52161.01
DP   1  16 13 0  F        52355.17
DP   1  16 13 1  F        53038.18
DP   1  16 14 0  F        53875.91
DP   1  16 14 1  F        54481.10
DP   1  16 15 0  F        54817.77
DP   1  16 15 1  F        54947.00
DP   1  16 16 0  F        54966.73
DP   1  16 16 1  F        54871.68
DP   1  16 17 0  F        54206.63
DP   1  16 17 1  F        52645.51
DP   1  16 18 0  F        50828.61
DP   1  16 18 1  F        49565.38
DP   1  16 19 0  F        49375.36
DP   1  16 19 1  F        50413.09
DP   1  16 20 0  F        51663.08
DP   1  16 20 1  F        52145.08
DP   1  16 21 0  F        52190.05
DP   1  16 21 1  F        52274.47
DP   1  16 22 0  F        52145.77
DP   1  16 22 1  F        51495.57
DP   1  16 23 0  F        50521.38
DP   1  16 23 1  F        49547.19
DP   2  16 00 0  F        16054.42
DP   2  16 00 1  F        15418.39
DP   2  16 01 0  F        14857.68
DP   2  16 01 1  F        14426.25
DP   2  16 02 0  F        14092.56
DP   2  16 02 1  F        13812.28
DP   2  16 03 0  F        13575.51
DP   2  16 03 1  F        13382.44
DP   2  16 04 0  F        13239.16
DP   2  16 04 1  F        13156.72
DP   2  16 05 0  F        13159.92
DP   2  16 05 1  F        13260.42
DP   2  16 06 0  F        13403.54
DP   2  16 06 1  F        13573.14
DP   2  16 07 0  F        13973.46
DP   2  16 07 1  F        14772.99
DP   2  16 08 0  F        15776.68
DP   2  16 08 1  F        16721.16
DP   2  16 09 0  F        17433.47
DP   2  16 09 1  F        17832.08
DP   2  16 10 0  F        18110.89
DP   2  16 10 1  F        18470.50
DP   2  16 11 0  F        18862.87
DP   2  16 11 1  F        19152.52
DP   2  16 12 0  F        19102.77
DP   2  16 12 1  F        18628.16
DP   2  16 13 0  F        18349.24
DP   2  16 13 1  F        18808.07
DP   2  16 14 0  F        19526.73
DP   2  16 14 1  F        19921.96
DP   2  16 15 0  F        20009.02
DP   2  16 15 1  F        19936.20
DP   2  16 16 0  F        19785.35
DP   2  16 16 1  F        19596.81
DP   2  16 17 0  F        19311.06
DP   2  16 17 1  F        18843.95
DP   2  16 18 0  F        18112.48
DP   2  16 18 1  F        17152.19
DP   2  16 19 0  F        16471.69
DP   2  16 19 1  F        16501.10
DP   2  16 20 0  F        16883.64
DP   2  16 20 1  F        17170.69
DP   2  16 21 0  F        17333.10
DP   2  16 21 1  F        17424.26
DP   2  16 22 0  F        17408.06
DP   2  16 22 1  F        17249.59
DP   2  16 23 0  F        17008.21
DP   2  16 23 1  F        16766.82
DP   3  16 00 0  F        13924.37
DP   3  16 00 1  F        13669.58
DP   3  16 01 0  F        13430.68
DP   3  16 01 1  F        13220.47
DP   3  16 02 0  F        13039.39
DP   3  16 02 1  F        12883.75
DP   3  16 03 0  F        12745.68
DP   3  16 03 1  F        12623.93
DP   3  16 04 0  F        12548.04
DP   3  16 04 1  F        12523.07
DP   3  16 05 0  F        12425.31
DP   3  16 05 1  F        12154.93
DP   3  16 06 0  F        11836.28
DP   3  16 06 1  F        11633.38
DP   3  16 07 0  F        11644.89
DP   3  16 07 1  F        11919.90
DP   3  16 08 0  F        12374.71
DP   3  16 08 1  F        12890.58
DP   3  16 09 0  F        13341.30
DP   3  16 09 1  F        13633.96
DP   3  16 10 0  F        13816.19
DP   3  16 10 1  F        13958.06
DP   3  16 11 0  F        14079.02
DP   3  16 11 1  F        14170.68
DP   3  16 12 0  F        14164.13
DP   3  16 12 1  F        14025.50
DP   3  16 13 0  F        13921.86
DP   3  16 13 1  F        14011.65
DP   3  16 14 0  F        14217.88
DP   3  16 14 1  F        14419.06
DP   3  16 15 0  F        14551.23
DP   3  16 15 1  F        14580.63
DP   3  16 16 0  F        14536.93
DP   3  16 16 1  F        14434.83
DP   3  16 17 0  F        14165.54
DP   3  16 17 1  F        13680.17
DP   3  16 18 0  F        13292.79
DP   3  16 18 1  F        13286.95
DP   3  16 19 0  F        13461.13
DP   3  16 19 1  F        13553.35
DP   3  16 20 0  F        13544.78
DP   3  16 20 1  F        13497.71
DP   3  16 21 0  F        13555.91
DP   3  16 21 1  F        13814.45
DP   3  16 22 0  F        14092.04
DP   3  16 22 1  F        14199.30
DP   3  16 23 0  F        14190.89
DP   3  16 23 1  F        14182.49
DP   4  16 00 0  F        7680.45
DP   4  16 00 1  F        7631.14
DP   4  16 01 0  F        7573.65
DP   4  16 01 1  F        7503.15
DP   4  16 02 0  F        7428.17
DP   4  16 02 1  F        7356.66
DP   4  16 03 0  F        7280.85
DP   4  16 03 1  F        7194.52
DP   4  16 04 0  F        7113.30
DP   4  16 04 1  F        7054.08
DP   4  16 05 0  F        7016.89
DP   4  16 05 1  F        6988.45
DP   4  16 06 0  F        6919.23
DP   4  16 06 1  F        6778.51
DP   4  16 07 0  F        6647.02
DP   4  16 07 1  F        6615.97
DP   4  16 08 0  F        6706.96
DP   4  16 08 1  F        6905.66
DP   4  16 09 0  F        7123.52
DP   4  16 09 1  F        7277.39
DP   4  16 10 0  F        7379.71
DP   4  16 10 1  F        7458.98
DP   4  16 11 0  F        7512.37
DP   4  16 11 1  F        7528.24
DP   4  16 12 0  F        7490.95
DP   4  16 12 1  F        7404.59
DP   4  16 13 0  F        7356.16
DP   4  16 13 1  F        7422.68
DP   4  16 14 0  F        7558.53
DP   4  16 14 1  F        7694.46
DP   4  16 15 0  F        7789.41
DP   4  16 15 1  F        7818.40
DP   4  16 16 0  F        7792.54
DP   4  16 16 1  F        7726.91
DP   4  16 17 0  F        7616.33
DP   4  16 17 1  F        7458.01
DP   4  16 18 0  F        7278.89
DP   4  16 18 1  F        7122.70
DP   4  16 19 0  F        7070.52
DP   4  16 19 1  F        7171.30
DP   4  16 20 0  F        7307.88
DP   4  16 20 1  F        7362.77
DP   4  16 21 0  F        7383.18
DP   4  16 21 1  F        7437.02
DP   4  16 22 0  F        7510.45
DP   4  16 22 1  F        7576.13
DP   4  16 23 0  F        7634.46
DP   4  16 23 1  F        7692.78
DP   1  17 00 0  F        48537.41
DP   1  17 00 1  F        47120.43
DP   1  17 01 0  F        45789.12
DP   1  17 01 1  F        44616.69
DP   1  17 02 0  F        43626.53
DP   1  17 02 1  F        42823.33
DP   1  17 03 0  F        42187.02
DP   1  17 03 1  F        41697.35
DP   1  17 04 0  F        41358.28
DP   1  17 04 1  F        41173.81
DP   1  17 05 0  F        41124.01
DP   1  17 05 1  F        41181.92
DP   1  17 06 0  F        41316.35
DP   1  17 06 1  F        41566.52
DP   1  17 07 0  F        42257.57
DP   1  17 07 1  F        43651.62
DP   1  17 08 0  F        45472.77
DP   1  17 08 1  F        47339.66
DP   1  17 09 0  F        48986.99
DP   1  17 09 1  F        50251.15
DP   1  17 10 0  F        51259.12
DP   1  17 10 1  F        52148.09
DP   1  17 11 0  F        52805.60
DP   1  17 11 1  F        53105.73
DP   1  17 12 0  F        53118.48
DP   1  17 12 1  F        53017.01
DP   1  17 13 0  F        53191.17
DP   1  17 13 1  F        53919.28
DP   1  17 14 0  F        54816.62
DP   1  17 14 1  F        55437.28
DP   1  17 15 0  F        55753.37
DP   1  17 15 1  F        55845.42
DP   1  17 16 0  F        55809.52
DP   1  17 16 1  F        55642.27
DP   1  17 17 0  F        54926.53
DP   1  17 17 1  F        53359.25
DP   1  17 18 0  F        51507.41
DP   1  17 18 1  F        50110.33
DP   1  17 19 0  F        49726.65
DP   1  17 19 1  F        50584.58
DP   1  17 20 0  F        51771.16
DP   1  17 20 1  F        52359.92
DP   1  17 21 0  F        52511.62
DP   1  17 21 1  F        52551.21
DP   1  17 22 0  F        52373.39
DP   1  17 22 1  F        51836.65
DP   1  17 23 0  F        51084.77
DP   1  17 23 1  F        50332.89
DP   2  17 00 0  F        15228.85
DP   2  17 00 1  F        14600.48
DP   2  17 01 0  F        14054.61
DP   2  17 01 1  F        13649.30
DP   2  17 02 0  F        13344.92
DP   2  17 02 1  F        13088.72
DP   2  17 03 0  F        12873.41
DP   2  17 03 1  F        12702.90
DP   2  17 04 0  F        12580.79
DP   2  17 04 1  F        12515.41
DP   2  17 05 0  F        12534.40
DP   2  17 05 1  F        12652.82
DP   2  17 06 0  F        12816.20
DP   2  17 06 1  F        13002.87
DP   2  17 07 0  F        13392.06
DP   2  17 07 1  F        14133.10
DP   2  17 08 0  F        15054.87
DP   2  17 08 1  F        15921.48
DP   2  17 09 0  F        16558.44
DP   2  17 09 1  F        16877.47
DP   2  17 10 0  F        17073.68
DP   2  17 10 1  F        17349.93
DP   2  17 11 0  F        17656.51
DP   2  17 11 1  F        17860.39
DP   2  17 12 0  F        17747.80
DP   2  17 12 1  F        17242.56
DP   2  17 13 0  F        16899.46
DP   2  17 13 1  F        17209.25
DP   2  17 14 0  F        17775.39
DP   2  17 14 1  F        18099.93
DP   2  17 15 0  F        18166.60
DP   2  17 15 1  F        18077.94
DP   2  17 16 0  F        17930.16
DP   2  17 16 1  F        17786.88
DP   2  17 17 0  F        17587.90
DP   2  17 17 1  F        17247.16
DP   2  17 18 0  F        16699.03
DP   2  17 18 1  F        15973.76
DP   2  17 19 0  F        15464.63
DP   2  17 19 1  F        15503.86
DP   2  17 20 0  F        15816.39
DP   2  17 20 1  F        16050.24
DP   2  17 21 0  F        16152.77
DP   2  17 21 1  F        16142.73
DP   2  17 22 0  F        16024.91
DP   2  17 22 1  F        15809.28
DP   2  17 23 0  F        15540.41
DP   2  17 23 1  F        15271.54
DP   3  17 00 0  F        13583.55
DP   3  17 00 1  F        13340.50
DP   3  17 01 0  F        13112.20
DP   3  17 01 1  F        12910.98
DP   3  17 02 0  F        12739.48
DP   3  17 02 1  F        12595.13
DP   3  17 03 0  F        12464.35
DP   3  17 03 1  F        12340.89
DP   3  17 04 0  F        12258.82
DP   3  17 04 1  F        12230.74
DP   3  17 05 0  F        12143.03
DP   3  17 05 1  F        11900.18
DP   3  17 06 0  F        11605.35
DP   3  17 06 1  F        11403.72
DP   3  17 07 0  F        11409.72
DP   3  17 07 1  F        11688.40
DP   3  17 08 0  F        12137.99
DP   3  17 08 1  F        12622.39
DP   3  17 09 0  F        13035.20
DP   3  17 09 1  F        13305.54
DP   3  17 10 0  F        13474.93
DP   3  17 10 1  F        13603.33
DP   3  17 11 0  F        13712.04
DP   3  17 11 1  F        13796.65
DP   3  17 12 0  F        13788.36
DP   3  17 12 1  F        13651.94
DP   3  17 13 0  F        13550.90
DP   3  17 13 1  F        13640.52
DP   3  17 14 0  F        13844.49
DP   3  17 14 1  F        14041.65
DP   3  17 15 0  F        14162.98
DP   3  17 15 1  F        14172.71
DP   3  17 16 0  F        14115.95
DP   3  17 16 1  F        14022.72
DP   3  17 17 0  F        13781.84
DP   3  17 17 1  F        13336.45
DP   3  17 18 0  F        12988.22
DP   3  17 18 1  F        13010.83
DP   3  17 19 0  F        13207.32
DP   3  17 19 1  F        13321.25
DP   3  17 20 0  F        13328.82
DP   3  17 20 1  F        13286.88
DP   3  17 21 0  F        13342.19
DP   3  17 21 1  F        13593.94
DP   3  17 22 0  F        13861.19
DP   3  17 22 1  F        13954.38
DP   3  17 23 0  F        13929.83
DP   3  17 23 1  F        13905.27
DP   4  17 00 0  F        7400.58
DP   4  17 00 1  F        7347.40
DP   4  17 01 0  F        7288.09
DP   4  17 01 1  F        7219.44
DP   4  17 02 0  F        7149.76
DP   4  17 02 1  F        7086.25
DP   4  17 03 0  F        7019.94
DP   4  17 03 1  F        6943.57
DP   4  17 04 0  F        6872.71
DP   4  17 04 1  F        6823.51
DP   4  17 05 0  F        6791.55
DP   4  17 05 1  F        6762.25
DP   4  17 06 0  F        6700.85
DP   4  17 06 1  F        6587.67
DP   4  17 07 0  F        6483.49
DP   4  17 07 1  F        6458.08
DP   4  17 08 0  F        6536.85
DP   4  17 08 1  F        6716.67
DP   4  17 09 0  F        6924.66
DP   4  17 09 1  F        7087.64
DP   4  17 10 0  F        7200.99
DP   4  17 10 1  F        7277.36
DP   4  17 11 0  F        7329.77
DP   4  17 11 1  F        7363.14
DP   4  17 12 0  F        7349.57
DP   4  17 12 1  F        7276.65
DP   4  17 13 0  F        7226.90
DP   4  17 13 1  F        7279.15
DP   4  17 14 0  F        7402.47
DP   4  17 14 1  F        7539.63
DP   4  17 15 0  F        7637.94
DP   4  17 15 1  F        7660.44
DP   4  17 16 0  F        7628.76
DP   4  17 16 1  F        7569.18
DP   4  17 17 0  F        7468.34
DP   4  17 17 1  F        7313.90
DP   4  17 18 0  F        7137.30
DP   4  17 18 1  F        6987.01
DP   4  17 19 0  F        6935.74
DP   4  17 19 1  F        7025.96
DP   4  17 20 0  F        7154.91
DP   4  17 20 1  F        7218.03
DP   4  17 21 0  F        7248.72
DP   4  17 21 1  F        7299.57
DP   4  17 22 0  F        7361.96
DP   4  17 22 1  F        7416.95
DP   4  17 23 0  F        7465.74
DP   4  17 23 1  F        7514.54
DP   1  18 00 0  F        48855.85
DP   1  18 00 1  F        47438.95
DP   1  18 01 0  F        46125.62
DP   1  18 01 1  F        44996.49
DP   1  18 02 0  F        44040.60
DP   1  18 02 1  F        43229.05
DP   1  18 03 0  F        42553.04
DP   1  18 03 1  F        42017.10
DP   1  18 04 0  F        41659.13
DP   1  18 04 1  F        41505.16
DP   1  18 05 0  F        41500.38
DP   1  18 05 1  F        41572.52
DP   1  18 06 0  F        41660.22
DP   1  18 06 1  F        41795.83
DP   1  18 07 0  F        42375.45
DP   1  18 07 1  F        43722.39
DP   1  18 08 0  F        45504.97
DP   1  18 08 1  F        47279.40
DP   1  18 09 0  F        48808.48
DP   1  18 09 1  F        49968.28
DP   1  18 10 0  F        50881.21
DP   1  18 10 1  F        51676.11
DP   1  18 11 0  F        52260.94
DP   1  18 11 1  F        52526.01
DP   1  18 12 0  F        52511.90
DP   1  18 12 1  F        52357.03
DP   1  18 13 0  F        52441.12
DP   1  18 13 1  F        53047.86
DP   1  18 14 0  F        53835.63
DP   1  18 14 1  F        54397.69
DP   1  18 15 0  F        54692.07
DP   1  18 15 1  F        54772.33
DP   1  18 16 0  F        54709.30
DP   1  18 16 1  F        54497.00
DP   1  18 17 0  F        53804.99
DP   1  18 17 1  F        52400.19
DP   1  18 18 0  F        50763.37
DP   1  18 18 1  F        49528.46
DP   1  18 19 0  F        49228.34
DP   1  18 19 1  F        50088.76
DP   1  18 20 0  F        51207.95
DP   1  18 20 1  F        51685.36
DP   1  18 21 0  F        51753.00
DP   1  18 21 1  F        51789.89
DP   1  18 22 0  F        51630.81
DP   1  18 22 1  F        51066.11
DP   1  18 23 0  F        50252.77
DP   1  18 23 1  F        49439.43
DP   2  18 00 0  F        14554.85
DP   2  18 00 1  F        13984.13
DP   2  18 01 0  F        13476.35
DP   2  18 01 1  F        13078.75
DP   2  18 02 0  F        12775.72
DP   2  18 02 1  F        12539.02
DP   2  18 03 0  F        12352.56
DP   2  18 03 1  F        12207.11
DP   2  18 04 0  F        12108.64
DP   2  18 04 1  F        12069.48
DP   2  18 05 0  F        12112.03
DP   2  18 05 1  F        12246.73
DP   2  18 06 0  F        12426.08
DP   2  18 06 1  F        12636.45
DP   2  18 07 0  F        13057.69
DP   2  18 07 1  F        13834.61
DP   2  18 08 0  F        14778.37
DP   2  18 08 1  F        15640.41
DP   2  18 09 0  F        16267.03
DP   2  18 09 1  F        16592.47
DP   2  18 10 0  F        16807.87
DP   2  18 10 1  F        17109.17
DP   2  18 11 0  F        17454.51
DP   2  18 11 1  F        17715.87
DP   2  18 12 0  F        17658.53
DP   2  18 12 1  F        17187.47
DP   2  18 13 0  F        16873.16
DP   2  18 13 1  F        17225.51
DP   2  18 14 0  F        17846.79
DP   2  18 14 1  F        18230.69
DP   2  18 15 0  F        18344.13
DP   2  18 15 1  F        18279.86
DP   2  18 16 0  F        18160.48
DP   2  18 16 1  F        18070.90
DP   2  18 17 0  F        17915.36
DP   2  18 17 1  F        17569.10
DP   2  18 18 0  F        16972.17
DP   2  18 18 1  F        16180.18
DP   2  18 19 0  F        15646.09
DP   2  18 19 1  F        15742.40
DP   2  18 20 0  F        16122.24
DP   2  18 20 1  F        16363.25
DP   2  18 21 0  F        16460.31
DP   2  18 21 1  F        16487.32
DP   2  18 22 0  F        16416.77
DP   2  18 22 1  F        16217.16
DP   2  18 23 0  F        15942.36
DP   2  18 23 1  F        15667.56
DP   3  18 00 0  F        13741.20
DP   3  18 00 1  F        13485.05
DP   3  18 01 0  F        13251.44
DP   3  18 01 1  F        13056.38
DP   3  18 02 0  F        12889.70
DP   3  18 02 1  F        12737.54
DP   3  18 03 0  F        12597.37
DP   3  18 03 1  F        12474.86
DP   3  18 04 0  F        12397.24
DP   3  18 04 1  F        12367.67
DP   3  18 05 0  F        12271.59
DP   3  18 05 1  F        12015.03
DP   3  18 06 0  F        11704.04
DP   3  18 06 1  F        11486.39
DP   3  18 07 0  F        11476.43
DP   3  18 07 1  F        11737.51
DP   3  18 08 0  F        12162.11
DP   3  18 08 1  F        12612.56
DP   3  18 09 0  F        13001.21
DP   3  18 09 1  F        13273.17
DP   3  18 10 0  F        13454.40
DP   3  18 10 1  F        13586.08
DP   3  18 11 0  F        13689.49
DP   3  18 11 1  F        13765.86
DP   3  18 12 0  F        13756.24
DP   3  18 12 1  F        13631.87
DP   3  18 13 0  F        13544.96
DP   3  18 13 1  F        13638.38
DP   3  18 14 0  F        13836.85
DP   3  18 14 1  F        14024.44
DP   3  18 15 0  F        14140.96
DP   3  18 15 1  F        14156.76
DP   3  18 16 0  F        14108.68
DP   3  18 16 1  F        14017.55
DP   3  18 17 0  F        13773.58
DP   3  18 17 1  F        13325.24
DP   3  18 18 0  F        12984.53
DP   3  18 18 1  F        13031.13
DP   3  18 19 0  F        13251.65
DP   3  18 19 1  F        13373.29
DP   3  18 20 0  F        13378.43
DP   3  18 20 1  F        13333.92
DP   3  18 21 0  F        13389.28
DP   3  18 21 1  F        13644.24
DP   3  18 22 0  F        13916.82
DP   3  18 22 1  F        14016.24
DP   3  18 23 0  F        13998.27
DP   3  18 23 1  F        13980.29
DP   4  18 00 0  F        7418.68
DP   4  18 00 1  F        7362.70
DP   4  18 01 0  F        7299.50
DP   4  18 01 1  F        7225.89
DP   4  18 02 0  F        7154.80
DP   4  18 02 1  F        7096.19
DP   4  18 03 0  F        7032.23
DP   4  18 03 1  F        6947.80
DP   4  18 04 0  F        6866.64
DP   4  18 04 1  F        6814.43
DP   4  18 05 0  F        6785.98
DP   4  18 05 1  F        6761.95
DP   4  18 06 0  F        6697.40
DP   4  18 06 1  F        6567.03
DP   4  18 07 0  F        6449.60
DP   4  18 07 1  F        6431.16
DP   4  18 08 0  F        6522.80
DP   4  18 08 1  F        6702.99
DP   4  18 09 0  F        6894.52
DP   4  18 09 1  F        7026.16
DP   4  18 10 0  F        7106.21
DP   4  18 10 1  F        7158.50
DP   4  18 11 0  F        7189.48
DP   4  18 11 1  F        7197.80
DP   4  18 12 0  F        7168.21
DP   4  18 12 1  F        7099.54
DP   4  18 13 0  F        7060.87
DP   4  18 13 1  F        7115.29
DP   4  18 14 0  F        7231.51
DP   4  18 14 1  F        7356.36
DP   4  18 15 0  F        7443.61
DP   4  18 15 1  F        7461.27
DP   4  18 16 0  F        7427.53
DP   4  18 16 1  F        7365.88
DP   4  18 17 0  F        7270.79
DP   4  18 17 1  F        7136.90
DP   4  18 18 0  F        6988.46
DP   4  18 18 1  F        6864.11
DP   4  18 19 0  F        6830.40
DP   4  18 19 1  F        6925.84
DP   4  18 20 0  F        7048.80
DP   4  18 20 1  F        7098.20
DP   4  18 21 0  F        7115.04
DP   4  18 21 1  F        7158.92
DP   4  18 22 0  F        7221.49
DP   4  18 22 1  F        7282.20
DP   4  18 23 0  F        7339.61
DP   4  18 23 1  F        7397.01
DP   1  19 00 0  F        48381.37
DP   1  19 00 1  F        47007.80
DP   1  19 01 0  F        45743.27
DP   1  19 01 1  F        44665.99
DP   1  19 02 0  F        43730.81
DP   1  19 02 1  F        42888.55
DP   1  19 03 0  F        42197.11
DP   1  19 03 1  F        41717.26
DP   1  19 04 0  F        41414.03
DP   1  19 04 1  F        41236.80
DP   1  19 05 0  F        41168.05
DP   1  19 05 1  F        41190.73
DP   1  19 06 0  F        41256.36
DP   1  19 06 1  F        41391.34
DP   1  19 07 0  F        41952.66
DP   1  19 07 1  F        43238.91
DP   1  19 08 0  F        44984.25
DP   1  19 08 1  F        46801.23
DP   1  19 09 0  F        48380.32
DP   1  19 09 1  F        49523.23
DP   1  19 10 0  F        50398.61
DP   1  19 10 1  F        51186.93
DP   1  19 11 0  F        51749.21
DP   1  19 11 1  F        51928.93
DP   1  19 12 0  F        51818.98
DP   1  19 12 1  F        51617.80
DP   1  19 13 0  F        51696.48
DP   1  19 13 1  F        52312.49
DP   1  19 14 0  F        53096.12
DP   1  19 14 1  F        53621.84
DP   1  19 15 0  F        53867.97
DP   1  19 15 1  F        53897.59
DP   1  19 16 0  F        53708.99
DP   1  19 16 1  F        53257.25
DP   1  19 17 0  F        52389.35
DP   1  19 17 1  F        51031.91
DP   1  19 18 0  F        49538.26
DP   1  19 18 1  F        48389.59
DP   1  19 19 0  F        48151.92
DP   1  19 19 1  F        49100.55
DP   1  19 20 0  F        50263.15
DP   1  19 20 1  F        50669.37
DP   1  19 21 0  F        50604.55
DP   1  19 21 1  F        50527.04
DP   1  19 22 0  F        50331.77
DP   1  19 22 1  F        49844.12
DP   1  19 23 0  F        49174.63
DP   1  19 23 1  F        48505.13
DP   2  19 00 0  F        15053.07
DP   2  19 00 1  F        14455.87
DP   2  19 01 0  F        13933.03
DP   2  19 01 1  F        13537.44
DP   2  19 02 0  F        13235.99
DP   2  19 02 1  F        12983.17
DP   2  19 03 0  F        12769.97
DP   2  19 03 1  F        12598.54
DP   2  19 04 0  F        12479.19
DP   2  19 04 1  F        12424.53
DP   2  19 05 0  F        12448.17
DP   2  19 05 1  F        12552.47
DP   2  19 06 0  F        12693.95
DP   2  19 06 1  F        12870.08
DP   2  19 07 0  F        13288.07
DP   2  19 07 1  F        14111.39
DP   2  19 08 0  F        15118.56
DP   2  19 08 1  F        16028.23
DP   2  19 09 0  F        16704.40
DP   2  19 09 1  F        17100.50
DP   2  19 10 0  F        17382.34
DP   2  19 10 1  F        17723.85
DP   2  19 11 0  F        18118.79
DP   2  19 11 1  F        18469.86
DP   2  19 12 0  F        18495.55
DP   2  19 12 1  F        18060.28
DP   2  19 13 0  F        17796.25
DP   2  19 13 1  F        18274.03
DP   2  19 14 0  F        19049.64
DP   2  19 14 1  F        19556.10
DP   2  19 15 0  F        19748.96
DP   2  19 15 1  F        19717.83
DP   2  19 16 0  F        19565.81
DP   2  19 16 1  F        19368.77
DP   2  19 17 0  F        19080.11
DP   2  19 17 1  F        18619.71
DP   2  19 18 0  F        17895.78
DP   2  19 18 1  F        16941.74
DP   2  19 19 0  F        16303.47
DP   2  19 19 1  F        16432.67
DP   2  19 20 0  F        16891.91
DP   2  19 20 1  F        17159.96
DP   2  19 21 0  F        17269.67
DP   2  19 21 1  F        17349.83
DP   2  19 22 0  F        17358.96
DP   2  19 22 1  F        17239.92
DP   2  19 23 0  F        17043.33
DP   2  19 23 1  F        16846.74
DP   3  19 00 0  F        13708.75
DP   3  19 00 1  F        13453.33
DP   3  19 01 0  F        13219.74
DP   3  19 01 1  F        13023.84
DP   3  19 02 0  F        12857.67
DP   3  19 02 1  F        12709.00
DP   3  19 03 0  F        12572.26
DP   3  19 03 1  F        12449.17
DP   3  19 04 0  F        12364.05
DP   3  19 04 1  F        12321.47
DP   3  19 05 0  F        12224.71
DP   3  19 05 1  F        11991.49
DP   3  19 06 0  F        11698.91
DP   3  19 06 1  F        11465.45
DP   3  19 07 0  F        11415.99
DP   3  19 07 1  F        11633.16
DP   3  19 08 0  F        12024.23
DP   3  19 08 1  F        12459.39
DP   3  19 09 0  F        12835.91
DP   3  19 09 1  F        13084.69
DP   3  19 10 0  F        13244.09
DP   3  19 10 1  F        13369.39
DP   3  19 11 0  F        13475.96
DP   3  19 11 1  F        13556.38
DP   3  19 12 0  F        13551.92
DP   3  19 12 1  F        13433.08
DP   3  19 13 0  F        13338.80
DP   3  19 13 1  F        13402.89
DP   3  19 14 0  F        13570.45
DP   3  19 14 1  F        13746.08
DP   3  19 15 0  F        13861.13
DP   3  19 15 1  F        13873.24
DP   3  19 16 0  F        13818.20
DP   3  19 16 1  F        13721.96
DP   3  19 17 0  F        13492.68
DP   3  19 17 1  F        13089.02
DP   3  19 18 0  F        12789.31
DP   3  19 18 1  F        12843.03
DP   3  19 19 0  F        13064.49
DP   3  19 19 1  F        13209.26
DP   3  19 20 0  F        13233.19
DP   3  19 20 1  F        13174.51
DP   3  19 21 0  F        13200.79
DP   3  19 21 1  F        13436.18
DP   3  19 22 0  F        13701.90
DP   3  19 22 1  F        13804.48
DP   3  19 23 0  F        13794.95
DP   3  19 23 1  F        13785.42
DP   4  19 00 0  F        7226.04
DP   4  19 00 1  F        7178.04
DP   4  19 01 0  F        7122.53
DP   4  19 01 1  F        7055.83
DP   4  19 02 0  F        6989.65
DP   4  19 02 1  F        6933.46
DP   4  19 03 0  F        6872.50
DP   4  19 03 1  F        6793.89
DP   4  19 04 0  F        6716.53
DP   4  19 04 1  F        6661.99
DP   4  19 05 0  F        6630.80
DP   4  19 05 1  F        6610.05
DP   4  19 06 0  F        6554.21
DP   4  19 06 1  F        6434.29
DP   4  19 07 0  F        6319.87
DP   4  19 07 1  F        6291.45
DP   4  19 08 0  F        6374.41
DP   4  19 08 1  F        6560.78
DP   4  19 09 0  F        6764.35
DP   4  19 09 1  F        6902.14
DP   4  19 10 0  F        6982.37
DP   4  19 10 1  F        7032.50
DP   4  19 11 0  F        7065.80
DP   4  19 11 1  F        7085.80
DP   4  19 12 0  F        7071.39
DP   4  19 12 1  F        7014.53
DP   4  19 13 0  F        6984.05
DP   4  19 13 1  F        7044.79
DP   4  19 14 0  F        7168.52
DP   4  19 14 1  F        7305.57
DP   4  19 15 0  F        7413.30
DP   4  19 15 1  F        7460.56
DP   4  19 16 0  F        7455.02
DP   4  19 16 1  F        7409.55
DP   4  19 17 0  F        7319.01
DP   4  19 17 1  F        7181.89
DP   4  19 18 0  F        7029.17
DP   4  19 18 1  F        6906.06
DP   4  19 19 0  F        6882.25
DP   4  19 19 1  F        6994.54
DP   4  19 20 0  F        7123.72
DP   4  19 20 1  F        7155.79
DP   4  19 21 0  F        7153.84
DP   4  19 21 1  F        7198.51
DP   4  19 22 0  F        7263.44
DP   4  19 22 1  F        7307.15
DP   4  19 23 0  F        7334.45
DP   4  19 23 1  F        7361.76
DP   1  20 00 0  F        47660.62
DP   1  20 00 1  F        46422.09
DP   1  20 01 0  F        45257.41
DP   1  20 01 1  F        44222.06
DP   1  20 02 0  F        43297.97
DP   1  20 02 1  F        42465.30
DP   1  20 03 0  F        41770.66
DP   1  20 03 1  F        41259.70
DP   1  20 04 0  F        40907.75
DP   1  20 04 1  F        40666.25
DP   1  20 05 0  F        40461.46
DP   1  20 05 1  F        40221.48
DP   1  20 06 0  F        39906.95
DP   1  20 06 1  F        39569.93
DP   1  20 07 0  F        39595.60
DP   1  20 07 1  F        40309.59
DP   1  20 08 0  F        41466.17
DP   1  20 08 1  F        42716.16
DP   1  20 09 0  F        43868.05
DP   1  20 09 1  F        44802.63
DP   1  20 10 0  F        45532.02
DP   1  20 10 1  F        46089.48
DP   1  20 11 0  F        46461.40
DP   1  20 11 1  F        46640.47
DP   1  20 12 0  F        46691.52
DP   1  20 12 1  F        46696.00
DP   1  20 13 0  F        46729.90
DP   1  20 13 1  F        46837.69
DP   1  20 14 0  F        46943.16
DP   1  20 14 1  F        46963.94
DP   1  20 15 0  F        46913.62
DP   1  20 15 1  F        46826.51
DP   1  20 16 0  F        46723.75
DP   1  20 16 1  F        46598.04
DP   1  20 17 0  F        46341.39
DP   1  20 17 1  F        45896.61
DP   1  20 18 0  F        45510.49
DP   1  20 18 1  F        45489.27
DP   1  20 19 0  F        46072.93
DP   1  20 19 1  F        47290.76
DP   1  20 20 0  F        48395.37
DP   1  20 20 1  F        48687.41
DP   1  20 21 0  F        48436.27
DP   1  20 21 1  F        48049.43
DP   1  20 22 0  F        47517.88
DP   1  20 22 1  F        46768.82
DP   1  20 23 0  F        45890.84
DP   1  20 23 1  F        45012.86
DP   2  20 00 0  F        15165.11
DP   2  20 00 1  F        14581.55
DP   2  20 01 0  F        14066.54
DP   2  20 01 1  F        13667.82
DP   2  20 02 0  F        13349.98
DP   2  20 02 1  F        13067.25
DP   2  20 03 0  F        12815.60
DP   2  20 03 1  F        12603.38
DP   2  20 04 0  F        12446.87
DP   2  20 04 1  F        12360.32
DP   2  20 05 0  F        12341.96
DP   2  20 05 1  F        12375.58
DP   2  20 06 0  F        12403.09
DP   2  20 06 1  F        12409.41
DP   2  20 07 0  F        12593.34
DP   2  20 07 1  F        13123.79
DP   2  20 08 0  F        13836.11
DP   2  20 08 1  F        14506.37
DP   2  20 09 0  F        15006.97
DP   2  20 09 1  F        15280.69
DP   2  20 10 0  F        15455.48
DP   2  20 10 1  F        15668.64
DP   2  20 11 0  F        15909.75
DP   2  20 11 1  F        16106.13
DP   2  20 12 0  F        16083.80
DP   2  20 12 1  F        15756.95
DP   2  20 13 0  F        15493.84
DP   2  20 13 1  F        15631.62
DP   2  20 14 0  F        15928.76
DP   2  20 14 1  F        16072.97
DP   2  20 15 0  F        16047.48
DP   2  20 15 1  F        15916.39
DP   2  20 16 0  F        15771.84
DP   2  20 16 1  F        15685.64
DP   2  20 17 0  F        15620.22
DP   2  20 17 1  F        15509.05
DP   2  20 18 0  F        15279.31
DP   2  20 18 1  F        14928.58
DP   2  20 19 0  F        14742.29
DP   2  20 19 1  F        14954.83
DP   2  20 20 0  F        15308.38
DP   2  20 20 1  F        15492.66
DP   2  20 21 0  F        15479.48
DP   2  20 21 1  F        15313.16
DP   2  20 22 0  F        15045.84
DP   2  20 22 1  F        14726.52
DP   2  20 23 0  F        14383.75
DP   2  20 23 1  F        14040.99
DP   3  20 00 0  F        13448.72
DP   3  20 00 1  F        13236.98
DP   3  20 01 0  F        13037.43
DP   3  20 01 1  F        12860.40
DP   3  20 02 0  F        12708.73
DP   3  20 02 1  F        12580.28
DP   3  20 03 0  F        12460.37
DP   3  20 03 1  F        12340.61
DP   3  20 04 0  F        12250.27
DP   3  20 04 1  F        12199.22
DP   3  20 05 0  F        12082.26
DP   3  20 05 1  F        11808.99
DP   3  20 06 0  F        11463.33
DP   3  20 06 1  F        11167.57
DP   3  20 07 0  F        11023.03
DP   3  20 07 1  F        11089.35
DP   3  20 08 0  F        11280.43
DP   3  20 08 1  F        11487.21
DP   3  20 09 0  F        11654.69
DP   3  20 09 1  F        11756.56
DP   3  20 10 0  F        11827.33
DP   3  20 10 1  F        11905.44
DP   3  20 11 0  F        11984.51
DP   3  20 11 1  F        12044.42
DP   3  20 12 0  F        12055.12
DP   3  20 12 1  F        12003.84
DP   3  20 13 0  F        11957.02
DP   3  20 13 1  F        11976.42
DP   3  20 14 0  F        12026.12
DP   3  20 14 1  F        12057.04
DP   3  20 15 0  F        12065.16
DP   3  20 15 1  F        12056.80
DP   3  20 16 0  F        12034.47
DP   3  20 16 1  F        11997.65
DP   3  20 17 0  F        11937.54
DP   3  20 17 1  F        11885.89
DP   3  20 18 0  F        12045.09
DP   3  20 18 1  F        12547.85
DP   3  20 19 0  F        13077.57
DP   3  20 19 1  F        13307.31
DP   3  20 20 0  F        13318.29
DP   3  20 20 1  F        13272.51
DP   3  20 21 0  F        13247.03
DP   3  20 21 1  F        13275.98
DP   3  20 22 0  F        13306.46
DP   3  20 22 1  F        13282.36
DP   3  20 23 0  F        13221.70
DP   3  20 23 1  F        13161.05
DP   4  20 00 0  F        7288.03
DP   4  20 00 1  F        7252.02
DP   4  20 01 0  F        7210.54
DP   4  20 01 1  F        7159.54
DP   4  20 02 0  F        7100.60
DP   4  20 02 1  F        7036.00
DP   4  20 03 0  F        6964.87
DP   4  20 03 1  F        6888.37
DP   4  20 04 0  F        6818.66
DP   4  20 04 1  F        6767.45
DP   4  20 05 0  F        6733.76
DP   4  20 05 1  F        6705.24
DP   4  20 06 0  F        6637.00
DP   4  20 06 1  F        6499.87
DP   4  20 07 0  F        6360.18
DP   4  20 07 1  F        6292.76
DP   4  20 08 0  F        6311.02
DP   4  20 08 1  F        6401.37
DP   4  20 09 0  F        6503.75
DP   4  20 09 1  F        6565.12
DP   4  20 10 0  F        6607.00
DP   4  20 10 1  F        6657.82
DP   4  20 11 0  F        6698.95
DP   4  20 11 1  F        6706.88
DP   4  20 12 0  F        6685.72
DP   4  20 12 1  F        6650.45
DP   4  20 13 0  F        6631.93
DP   4  20 13 1  F        6657.12
DP   4  20 14 0  F        6721.23
DP   4  20 14 1  F        6805.74
DP   4  20 15 0  F        6868.75
DP   4  20 15 1  F        6875.97
DP   4  20 16 0  F        6846.90
DP   4  20 16 1  F        6807.07
DP   4  20 17 0  F        6752.14
DP   4  20 17 1  F        6681.59
DP   4  20 18 0  F        6640.05
DP   4  20 18 1  F        6673.63
DP   4  20 19 0  F        6789.26
DP   4  20 19 1  F        6966.03
DP   4  20 20 0  F        7110.88
DP   4  20 20 1  F        7146.59
DP   4  20 21 0  F        7131.41
DP   4  20 21 1  F        7137.83
DP   4  20 22 0  F        7159.75
DP   4  20 22 1  F        7176.59
DP   4  20 23 0  F        7188.31
DP   4  20 23 1  F        7200.03
DP   1  21 00 0  F        43811.90
DP   1  21 00 1  F        42695.38
DP   1  21 01 0  F        41659.55
DP   1  21 01 1  F        40759.30
DP   1  21 02 0  F        39946.42
DP   1  21 02 1  F        39171.84
DP   1  21 03 0  F        38486.34
DP   1  21 03 1  F        37949.06
DP   1  21 04 0  F        37552.73
DP   1  21 04 1  F        37257.16
DP   1  21 05 0  F        36956.87
DP   1  21 05 1  F        36548.77
DP   1  21 06 0  F        36004.80
DP   1  21 06 1  F        35378.07
DP   1  21 07 0  F        34971.56
DP   1  21 07 1  F        35056.17
DP   1  21 08 0  F        35524.87
DP   1  21 08 1  F        36183.27
DP   1  21 09 0  F        36865.67
DP   1  21 09 1  F        37444.93
DP   1  21 10 0  F        37919.52
DP   1  21 10 1  F        38321.65
DP   1  21 11 0  F        38692.75
DP   1  21 11 1  F        39054.26
DP   1  21 12 0  F        39338.11
DP   1  21 12 1  F        39478.52
DP   1  21 13 0  F        39508.12
DP   1  21 13 1  F        39481.60
DP   1  21 14 0  F        39443.47
DP   1  21 14 1  F        39423.14
DP   1  21 15 0  F        39399.85
DP   1  21 15 1  F        39367.20
DP   1  21 16 0  F        39426.24
DP   1  21 16 1  F        39656.52
DP   1  21 17 0  F        39944.00
DP   1  21 17 1  F        40175.00
DP   1  21 18 0  F        40430.84
DP   1  21 18 1  F        40876.33
DP   1  21 19 0  F        41815.23
DP   1  21 19 1  F        43361.55
DP   1  21 20 0  F        44731.31
DP   1  21 20 1  F        45189.43
DP   1  21 21 0  F        45094.31
DP   1  21 21 1  F        44942.58
DP   1  21 22 0  F        44690.23
DP   1  21 22 1  F        44211.28
DP   1  21 23 0  F        43592.45
DP   1  21 23 1  F        42973.61
DP   2  21 00 0  F        13162.00
DP   2  21 00 1  F        12668.77
DP   2  21 01 0  F        12221.95
DP   2  21 01 1  F        11858.33
DP   2  21 02 0  F        11576.09
DP   2  21 02 1  F        11359.80
DP   2  21 03 0  F        11178.05
DP   2  21 03 1  F        11008.04
DP   2  21 04 0  F        10877.36
DP   2  21 04 1  F        10814.73
DP   2  21 05 0  F        10803.10
DP   2  21 05 1  F        10812.02
DP   2  21 06 0  F        10803.39
DP   2  21 06 1  F        10776.77
DP   2  21 07 0  F        10890.09
DP   2  21 07 1  F        11274.24
DP   2  21 08 0  F        11793.43
DP   2  21 08 1  F        12270.02
DP   2  21 09 0  F        12625.70
DP   2  21 09 1  F        12840.00
DP   2  21 10 0  F        13024.46
DP   2  21 10 1  F        13286.54
DP   2  21 11 0  F        13585.34
DP   2  21 11 1  F        13832.36
DP   2  21 12 0  F        13896.82
DP   2  21 12 1  F        13718.15
DP   2  21 13 0  F        13558.72
DP   2  21 13 1  F        13662.95
DP   2  21 14 0  F        13880.60
DP   2  21 14 1  F        14011.90
DP   2  21 15 0  F        14053.72
DP   2  21 15 1  F        14050.55
DP   2  21 16 0  F        14040.74
DP   2  21 16 1  F        14054.56
DP   2  21 17 0  F        14096.04
DP   2  21 17 1  F        14140.75
DP   2  21 18 0  F        14076.74
DP   2  21 18 1  F        13859.73
DP   2  21 19 0  F        13803.65
DP   2  21 19 1  F        14172.15
DP   2  21 20 0  F        14669.43
DP   2  21 20 1  F        14947.54
DP   2  21 21 0  F        15009.41
DP   2  21 21 1  F        14935.80
DP   2  21 22 0  F        14767.90
DP   2  21 22 1  F        14537.07
DP   2  21 23 0  F        14274.76
DP   2  21 23 1  F        14012.44
DP   3  21 00 0  F        13090.72
DP   3  21 00 1  F        12893.22
DP   3  21 01 0  F        12709.02
DP   3  21 01 1  F        12548.53
DP   3  21 02 0  F        12410.50
DP   3  21 02 1  F        12288.73
DP   3  21 03 0  F        12168.94
DP   3  21 03 1  F        12044.38
DP   3  21 04 0  F        11946.66
DP   3  21 04 1  F        11886.94
DP   3  21 05 0  F        11756.26
DP   3  21 05 1  F        11460.26
DP   3  21 06 0  F        11083.08
DP   3  21 06 1  F        10745.05
DP   3  21 07 0  F        10532.62
DP   3  21 07 1  F        10493.63
DP   3  21 08 0  F        10555.37
DP   3  21 08 1  F        10627.98
DP   3  21 09 0  F        10673.86
DP   3  21 09 1  F        10680.91
DP   3  21 10 0  F        10687.12
DP   3  21 10 1  F        10730.73
DP   3  21 11 0  F        10801.08
DP   3  21 11 1  F        10875.08
DP   3  21 12 0  F        10928.72
DP   3  21 12 1  F        10947.85
DP   3  21 13 0  F        10958.64
DP   3  21 13 1  F        10988.70
DP   3  21 14 0  F        11031.25
DP   3  21 14 1  F        11070.64
DP   3  21 15 0  F        11090.37
DP   3  21 15 1  F        11082.78
DP   3  21 16 0  F        11076.56
DP   3  21 16 1  F        11093.94
DP   3  21 17 0  F        11095.09
DP   3  21 17 1  F        11082.65
DP   3  21 18 0  F        11291.53
DP   3  21 18 1  F        11884.59
DP   3  21 19 0  F        12504.46
DP   3  21 19 1  F        12784.44
DP   3  21 20 0  F        12840.73
DP   3  21 20 1  F        12871.87
DP   3  21 21 0  F        12922.73
DP   3  21 21 1  F        12991.83
DP   3  21 22 0  F        13045.90
DP   3  21 22 1  F        13055.27
DP   3  21 23 0  F        13036.52
DP   3  21 23 1  F        13017.76
DP   4  21 00 0  F        7025.08
DP   4  21 00 1  F        6974.58
DP   4  21 01 0  F        6928.47
DP   4  21 01 1  F        6888.68
DP   4  21 02 0  F        6847.33
DP   4  21 02 1  F        6796.30
DP   4  21 03 0  F        6736.28
DP   4  21 03 1  F        6671.38
DP   4  21 04 0  F        6610.47
DP   4  21 04 1  F        6562.30
DP   4  21 05 0  F        6530.34
DP   4  21 05 1  F        6506.20
DP   4  21 06 0  F        6439.58
DP   4  21 06 1  F        6294.62
DP   4  21 07 0  F        6135.30
DP   4  21 07 1  F        6033.15
DP   4  21 08 0  F        5990.07
DP   4  21 08 1  F        5987.44
DP   4  21 09 0  F        5994.08
DP   4  21 09 1  F        5984.53
DP   4  21 10 0  F        5968.79
DP   4  21 10 1  F        5962.08
DP   4  21 11 0  F        5965.20
DP   4  21 11 1  F        5974.13
DP   4  21 12 0  F        5979.93
DP   4  21 12 1  F        5979.45
DP   4  21 13 0  F        5997.58
DP   4  21 13 1  F        6054.87
DP   4  21 14 0  F        6126.43
DP   4  21 14 1  F        6182.42
DP   4  21 15 0  F        6218.64
DP   4  21 15 1  F        6237.42
DP   4  21 16 0  F        6241.42
DP   4  21 16 1  F        6233.43
DP   4  21 17 0  F        6216.09
DP   4  21 17 1  F        6199.89
DP   4  21 18 0  F        6226.51
DP   4  21 18 1  F        6333.08
DP   4  21 19 0  F        6507.11
DP   4  21 19 1  F        6712.94
DP   4  21 20 0  F        6871.74
DP   4  21 20 1  F        6924.02
DP   4  21 21 0  F        6930.75
DP   4  21 21 1  F        6963.23
DP   4  21 22 0  F        7013.56
DP   4  21 22 1  F        7059.47
DP   4  21 23 0  F        7100.47
DP   4  21 23 1  F        7141.46
