&   CARGA
&
&   ss  di hi m df hf m Demanda
&X  XX  XX XX X XX XX X XXXXXXXXXX
DP   1  15 00 0  F        41903.86
DP   1  15 00 1  F        40799.83
DP   1  15 01 0  F        39782.13
DP   1  15 01 1  F        38916.63
DP   1  15 02 0  F        38187.24
DP   1  15 02 1  F        37568.26
DP   1  15 03 0  F        37077.41
DP   1  15 03 1  F        36738.28
DP   1  15 04 0  F        36554.49
DP   1  15 04 1  F        36520.29
DP   1  15 05 0  F        36612.57
DP   1  15 05 1  F        36818.49
DP   1  15 06 0  F        37183.59
DP   1  15 06 1  F        37790.42
DP   1  15 07 0  F        38810.91
DP   1  15 07 1  F        40352.99
DP   1  15 08 0  F        42179.07
DP   1  15 08 1  F        43987.73
DP   1  15 09 0  F        45567.59
DP   1  15 09 1  F        46790.82
DP   1  15 10 0  F        47773.68
DP   1  15 10 1  F        48641.14
DP   1  15 11 0  F        49309.07
DP   1  15 11 1  F        49670.34
DP   1  15 12 0  F        49734.94
DP   1  15 12 1  F        49615.52
DP   1  15 13 0  F        49718.27
DP   1  15 13 1  F        50352.32
DP   1  15 14 0  F        51144.97
DP   1  15 14 1  F        51662.86
DP   1  15 15 0  F        51911.89
DP   1  15 15 1  F        52005.56
DP   1  15 16 0  F        52048.75
DP   1  15 16 1  F        52036.73
DP   1  15 17 0  F        51535.04
DP   1  15 17 1  F        50223.33
DP   1  15 18 0  F        48667.66
DP   1  15 18 1  F        47595.80
DP   1  15 19 0  F        47496.27
DP   1  15 19 1  F        48524.43
DP   1  15 20 0  F        49742.33
DP   1  15 20 1  F        50232.48
DP   1  15 21 0  F        50252.60
DP   1  15 21 1  F        50206.39
DP   1  15 22 0  F        49906.36
DP   1  15 22 1  F        49122.17
DP   1  15 23 0  F        48043.42
DP   1  15 23 1  F        46964.67
DP   2  15 00 0  F        14452.80
DP   2  15 00 1  F        14039.22
DP   2  15 01 0  F        13667.62
DP   2  15 01 1  F        13365.69
DP   2  15 02 0  F        13103.97
DP   2  15 02 1  F        12853.35
DP   2  15 03 0  F        12643.41
DP   2  15 03 1  F        12503.64
DP   2  15 04 0  F        12404.63
DP   2  15 04 1  F        12320.32
DP   2  15 05 0  F        12297.00
DP   2  15 05 1  F        12374.17
DP   2  15 06 0  F        12491.80
DP   2  15 06 1  F        12621.24
DP   2  15 07 0  F        12958.86
DP   2  15 07 1  F        13667.35
DP   2  15 08 0  F        14549.56
DP   2  15 08 1  F        15354.94
DP   2  15 09 0  F        15979.06
DP   2  15 09 1  F        16389.54
DP   2  15 10 0  F        16695.96
DP   2  15 10 1  F        17018.76
DP   2  15 11 0  F        17380.00
DP   2  15 11 1  F        17722.16
DP   2  15 12 0  F        17767.73
DP   2  15 12 1  F        17373.68
DP   2  15 13 0  F        17154.87
DP   2  15 13 1  F        17660.78
DP   2  15 14 0  F        18421.40
DP   2  15 14 1  F        18860.44
DP   2  15 15 0  F        18995.86
DP   2  15 15 1  F        18978.97
DP   2  15 16 0  F        18900.27
DP   2  15 16 1  F        18806.56
DP   2  15 17 0  F        18630.84
DP   2  15 17 1  F        18273.90
DP   2  15 18 0  F        17621.85
DP   2  15 18 1  F        16694.43
DP   2  15 19 0  F        16060.66
DP   2  15 19 1  F        16197.43
DP   2  15 20 0  F        16663.76
DP   2  15 20 1  F        16930.43
DP   2  15 21 0  F        17033.11
DP   2  15 21 1  F        17105.60
DP   2  15 22 0  F        17109.18
DP   2  15 22 1  F        16988.20
DP   2  15 23 0  F        16791.85
DP   2  15 23 1  F        16595.49
DP   3  15 00 0  F        13724.11
DP   3  15 00 1  F        13502.13
DP   3  15 01 0  F        13287.91
DP   3  15 01 1  F        13089.90
DP   3  15 02 0  F        12919.39
DP   3  15 02 1  F        12782.40
DP   3  15 03 0  F        12661.07
DP   3  15 03 1  F        12542.75
DP   3  15 04 0  F        12459.41
DP   3  15 04 1  F        12422.23
DP   3  15 05 0  F        12314.58
DP   3  15 05 1  F        12043.31
DP   3  15 06 0  F        11736.81
DP   3  15 06 1  F        11558.66
DP   3  15 07 0  F        11591.68
DP   3  15 07 1  F        11871.39
DP   3  15 08 0  F        12324.84
DP   3  15 08 1  F        12843.96
DP   3  15 09 0  F        13288.50
DP   3  15 09 1  F        13556.14
DP   3  15 10 0  F        13728.20
DP   3  15 10 1  F        13902.26
DP   3  15 11 0  F        14057.23
DP   3  15 11 1  F        14142.77
DP   3  15 12 0  F        14110.27
DP   3  15 12 1  F        13959.09
DP   3  15 13 0  F        13878.84
DP   3  15 13 1  F        14033.55
DP   3  15 14 0  F        14294.67
DP   3  15 14 1  F        14495.88
DP   3  15 15 0  F        14612.19
DP   3  15 15 1  F        14653.44
DP   3  15 16 0  F        14627.60
DP   3  15 16 1  F        14521.41
DP   3  15 17 0  F        14238.80
DP   3  15 17 1  F        13752.43
DP   3  15 18 0  F        13392.88
DP   3  15 18 1  F        13445.59
DP   3  15 19 0  F        13657.65
DP   3  15 19 1  F        13722.65
DP   3  15 20 0  F        13658.52
DP   3  15 20 1  F        13578.45
DP   3  15 21 0  F        13652.45
DP   3  15 21 1  F        13981.04
DP   3  15 22 0  F        14329.97
DP   3  15 22 1  F        14459.10
DP   3  15 23 0  F        14439.42
DP   3  15 23 1  F        14419.74
DP   4  15 00 0  F        7440.79
DP   4  15 00 1  F        7402.36
DP   4  15 01 0  F        7358.37
DP   4  15 01 1  F        7306.05
DP   4  15 02 0  F        7253.67
DP   4  15 02 1  F        7208.62
DP   4  15 03 0  F        7163.57
DP   4  15 03 1  F        7108.95
DP   4  15 04 0  F        7040.81
DP   4  15 04 1  F        6963.57
DP   4  15 05 0  F        6909.50
DP   4  15 05 1  F        6897.20
DP   4  15 06 0  F        6862.65
DP   4  15 06 1  F        6749.48
DP   4  15 07 0  F        6614.47
DP   4  15 07 1  F        6534.51
DP   4  15 08 0  F        6553.60
DP   4  15 08 1  F        6686.72
DP   4  15 09 0  F        6865.68
DP   4  15 09 1  F        7016.08
DP   4  15 10 0  F        7122.05
DP   4  15 10 1  F        7186.91
DP   4  15 11 0  F        7232.29
DP   4  15 11 1  F        7275.40
DP   4  15 12 0  F        7297.66
DP   4  15 12 1  F        7286.40
DP   4  15 13 0  F        7288.53
DP   4  15 13 1  F        7351.10
DP   4  15 14 0  F        7462.21
DP   4  15 14 1  F        7591.39
DP   4  15 15 0  F        7692.95
DP   4  15 15 1  F        7731.56
DP   4  15 16 0  F        7728.48
DP   4  15 16 1  F        7707.08
DP   4  15 17 0  F        7642.34
DP   4  15 17 1  F        7511.23
DP   4  15 18 0  F        7346.98
DP   4  15 18 1  F        7202.80
DP   4  15 19 0  F        7155.57
DP   4  15 19 1  F        7250.83
DP   4  15 20 0  F        7385.18
DP   4  15 20 1  F        7452.55
DP   4  15 21 0  F        7484.99
DP   4  15 21 1  F        7534.82
DP   4  15 22 0  F        7597.11
DP   4  15 22 1  F        7656.41
DP   4  15 23 0  F        7712.33
DP   4  15 23 1  F        7768.26
