&   CARGA
&
&   ss  di hi m df hf m Demanda
&X  XX  XX XX X XX XX X XXXXXXXXXX
DP   1  12 00 0  F        47547.40
DP   1  12 00 1  F        46193.20
DP   1  12 01 0  F        44924.22
DP   1  12 01 1  F        43810.02
DP   1  12 02 0  F        42857.41
DP   1  12 02 1  F        42061.55
DP   1  12 03 0  F        41433.63
DP   1  12 03 1  F        40982.95
DP   1  12 04 0  F        40695.00
DP   1  12 04 1  F        40547.09
DP   1  12 05 0  F        40507.47
DP   1  12 05 1  F        40550.38
DP   1  12 06 0  F        40682.92
DP   1  12 06 1  F        40967.57
DP   1  12 07 0  F        41655.38
DP   1  12 07 1  F        42934.23
DP   1  12 08 0  F        44550.73
DP   1  12 08 1  F        46169.19
DP   1  12 09 0  F        47565.88
DP   1  12 09 1  F        48610.02
DP   1  12 10 0  F        49430.74
DP   1  12 10 1  F        50158.27
DP   1  12 11 0  F        50667.32
DP   1  12 11 1  F        50824.94
DP   1  12 12 0  F        50723.09
DP   1  12 12 1  F        50543.03
DP   1  12 13 0  F        50598.40
DP   1  12 13 1  F        51103.91
DP   1  12 14 0  F        51746.20
DP   1  12 14 1  F        52166.83
DP   1  12 15 0  F        52355.01
DP   1  12 15 1  F        52365.97
DP   1  12 16 0  F        52171.45
DP   1  12 16 1  F        51719.80
DP   1  12 17 0  F        50949.41
DP   1  12 17 1  F        49858.92
DP   1  12 18 0  F        48697.90
DP   1  12 18 1  F        47806.65
DP   1  12 19 0  F        47637.51
DP   1  12 19 1  F        48419.33
DP   1  12 20 0  F        49374.93
DP   1  12 20 1  F        49721.88
DP   1  12 21 0  F        49662.67
DP   1  12 21 1  F        49536.06
DP   1  12 22 0  F        49240.71
DP   1  12 22 1  F        48632.17
DP   1  12 23 0  F        47833.59
DP   1  12 23 1  F        47035.01
DP   2  12 00 0  F        14609.11
DP   2  12 00 1  F        14105.06
DP   2  12 01 0  F        13648.31
DP   2  12 01 1  F        13272.93
DP   2  12 02 0  F        12960.18
DP   2  12 02 1  F        12686.75
DP   2  12 03 0  F        12463.89
DP   2  12 03 1  F        12304.36
DP   2  12 04 0  F        12192.49
DP   2  12 04 1  F        12115.63
DP   2  12 05 0  F        12101.54
DP   2  12 05 1  F        12175.06
DP   2  12 06 0  F        12308.72
DP   2  12 06 1  F        12495.74
DP   2  12 07 0  F        12864.11
DP   2  12 07 1  F        13512.15
DP   2  12 08 0  F        14284.62
DP   2  12 08 1  F        14983.84
DP   2  12 09 0  F        15496.00
DP   2  12 09 1  F        15775.21
DP   2  12 10 0  F        15963.37
DP   2  12 10 1  F        16206.27
DP   2  12 11 0  F        16477.58
DP   2  12 11 1  F        16677.20
DP   2  12 12 0  F        16582.19
DP   2  12 12 1  F        16099.74
DP   2  12 13 0  F        15780.44
DP   2  12 13 1  F        16112.54
DP   2  12 14 0  F        16691.66
DP   2  12 14 1  F        17019.27
DP   2  12 15 0  F        17112.84
DP   2  12 15 1  F        17102.25
DP   2  12 16 0  F        17051.02
DP   2  12 16 1  F        16985.58
DP   2  12 17 0  F        16850.50
DP   2  12 17 1  F        16573.96
DP   2  12 18 0  F        16100.31
DP   2  12 18 1  F        15465.10
DP   2  12 19 0  F        15052.49
DP   2  12 19 1  F        15175.26
DP   2  12 20 0  F        15512.00
DP   2  12 20 1  F        15683.53
DP   2  12 21 0  F        15713.52
DP   2  12 21 1  F        15697.63
DP   2  12 22 0  F        15616.38
DP   2  12 22 1  F        15439.03
DP   2  12 23 0  F        15204.88
DP   2  12 23 1  F        14970.72
DP   3  12 00 0  F        14121.18
DP   3  12 00 1  F        13878.60
DP   3  12 01 0  F        13645.26
DP   3  12 01 1  F        13431.31
DP   3  12 02 0  F        13250.45
DP   3  12 02 1  F        13109.04
DP   3  12 03 0  F        12980.67
DP   3  12 03 1  F        12845.55
DP   3  12 04 0  F        12743.22
DP   3  12 04 1  F        12695.54
DP   3  12 05 0  F        12594.15
DP   3  12 05 1  F        12343.28
DP   3  12 06 0  F        12027.83
DP   3  12 06 1  F        11776.50
DP   3  12 07 0  F        11712.72
DP   3  12 07 1  F        11915.33
DP   3  12 08 0  F        12290.12
DP   3  12 08 1  F        12706.66
DP   3  12 09 0  F        13062.65
DP   3  12 09 1  F        13292.17
DP   3  12 10 0  F        13446.63
DP   3  12 10 1  F        13589.82
DP   3  12 11 0  F        13717.73
DP   3  12 11 1  F        13803.35
DP   3  12 12 0  F        13795.49
DP   3  12 12 1  F        13677.12
DP   3  12 13 0  F        13591.91
DP   3  12 13 1  F        13673.25
DP   3  12 14 0  F        13852.51
DP   3  12 14 1  F        14024.58
DP   3  12 15 0  F        14140.32
DP   3  12 15 1  F        14174.09
DP   3  12 16 0  F        14138.14
DP   3  12 16 1  F        14034.47
DP   3  12 17 0  F        13786.11
DP   3  12 17 1  F        13372.37
DP   3  12 18 0  F        13076.77
DP   3  12 18 1  F        13145.38
DP   3  12 19 0  F        13370.13
DP   3  12 19 1  F        13490.84
DP   3  12 20 0  F        13492.82
DP   3  12 20 1  F        13442.69
DP   3  12 21 0  F        13486.60
DP   3  12 21 1  F        13724.68
DP   3  12 22 0  F        13993.35
DP   3  12 22 1  F        14117.94
DP   3  12 23 0  F        14143.08
DP   3  12 23 1  F        14168.21
DP   4  12 00 0  F        7830.17
DP   4  12 00 1  F        7782.12
DP   4  12 01 0  F        7727.73
DP   4  12 01 1  F        7664.22
DP   4  12 02 0  F        7603.11
DP   4  12 02 1  F        7552.98
DP   4  12 03 0  F        7496.51
DP   4  12 03 1  F        7416.90
DP   4  12 04 0  F        7325.46
DP   4  12 04 1  F        7241.06
DP   4  12 05 0  F        7184.71
DP   4  12 05 1  F        7162.46
DP   4  12 06 0  F        7118.23
DP   4  12 06 1  F        7004.01
DP   4  12 07 0  F        6866.20
DP   4  12 07 1  F        6769.71
DP   4  12 08 0  F        6759.09
DP   4  12 08 1  F        6853.40
DP   4  12 09 0  F        6989.91
DP   4  12 09 1  F        7101.20
DP   4  12 10 0  F        7182.86
DP   4  12 10 1  F        7245.63
DP   4  12 11 0  F        7297.80
DP   4  12 11 1  F        7342.36
DP   4  12 12 0  F        7363.44
DP   4  12 12 1  F        7352.49
DP   4  12 13 0  F        7349.05
DP   4  12 13 1  F        7394.57
DP   4  12 14 0  F        7490.07
DP   4  12 14 1  F        7616.84
DP   4  12 15 0  F        7717.73
DP   4  12 15 1  F        7745.42
DP   4  12 16 0  F        7730.36
DP   4  12 16 1  F        7707.38
DP   4  12 17 0  F        7651.32
DP   4  12 17 1  F        7537.21
DP   4  12 18 0  F        7400.92
DP   4  12 18 1  F        7294.06
DP   4  12 19 0  F        7270.33
DP   4  12 19 1  F        7356.56
DP   4  12 20 0  F        7470.15
DP   4  12 20 1  F        7528.86
DP   4  12 21 0  F        7561.21
DP   4  12 21 1  F        7611.50
DP   4  12 22 0  F        7676.18
DP   4  12 22 1  F        7742.47
DP   4  12 23 0  F        7808.23
DP   4  12 23 1  F        7873.98
