&   CARGA
&
&   ss  di hi m df hf m Demanda
&X  XX  XX XX X XX XX X XXXXXXXXXX
DP   1  10 00 0  F        47210.14
DP   1  10 00 1  F        45866.66
DP   1  10 01 0  F        44580.27
DP   1  10 01 1  F        43410.00
DP   1  10 02 0  F        42422.60
DP   1  10 02 1  F        41660.38
DP   1  10 03 0  F        41059.98
DP   1  10 03 1  F        40560.86
DP   1  10 04 0  F        40219.45
DP   1  10 04 1  F        40088.24
DP   1  10 05 0  F        40086.98
DP   1  10 05 1  F        40130.64
DP   1  10 06 0  F        40247.75
DP   1  10 06 1  F        40535.94
DP   1  10 07 0  F        41255.55
DP   1  10 07 1  F        42598.21
DP   1  10 08 0  F        44317.93
DP   1  10 08 1  F        46076.70
DP   1  10 09 0  F        47605.97
DP   1  10 09 1  F        48736.56
DP   1  10 10 0  F        49627.43
DP   1  10 10 1  F        50444.99
DP   1  10 11 0  F        51057.23
DP   1  10 11 1  F        51321.56
DP   1  10 12 0  F        51351.29
DP   1  10 12 1  F        51346.48
DP   1  10 13 0  F        51598.17
DP   1  10 13 1  F        52300.14
DP   1  10 14 0  F        53166.23
DP   1  10 14 1  F        53851.52
DP   1  10 15 0  F        54255.80
DP   1  10 15 1  F        54374.31
DP   1  10 16 0  F        54339.08
DP   1  10 16 1  F        54204.54
DP   1  10 17 0  F        53577.68
DP   1  10 17 1  F        52168.28
DP   1  10 18 0  F        50544.46
DP   1  10 18 1  F        49412.67
DP   1  10 19 0  F        49174.08
DP   1  10 19 1  F        49933.81
DP   1  10 20 0  F        50918.08
DP   1  10 20 1  F        51366.82
DP   1  10 21 0  F        51453.74
DP   1  10 21 1  F        51470.85
DP   1  10 22 0  F        51249.66
DP   1  10 22 1  F        50597.30
DP   1  10 23 0  F        49683.97
DP   1  10 23 1  F        48770.64
DP   2  10 00 0  F        16305.71
DP   2  10 00 1  F        15730.22
DP   2  10 01 0  F        15213.99
DP   2  10 01 1  F        14797.98
DP   2  10 02 0  F        14449.87
DP   2  10 02 1  F        14132.12
DP   2  10 03 0  F        13859.60
DP   2  10 03 1  F        13653.39
DP   2  10 04 0  F        13507.04
DP   2  10 04 1  F        13412.55
DP   2  10 05 0  F        13383.44
DP   2  10 05 1  F        13426.01
DP   2  10 06 0  F        13496.45
DP   2  10 06 1  F        13587.63
DP   2  10 07 0  F        13889.50
DP   2  10 07 1  F        14560.64
DP   2  10 08 0  F        15436.92
DP   2  10 08 1  F        16289.38
DP   2  10 09 0  F        16952.22
DP   2  10 09 1  F        17335.48
DP   2  10 10 0  F        17589.20
DP   2  10 10 1  F        17882.06
DP   2  10 11 0  F        18217.22
DP   2  10 11 1  F        18512.30
DP   2  10 12 0  F        18507.97
DP   2  10 12 1  F        18084.21
DP   2  10 13 0  F        17854.91
DP   2  10 13 1  F        18359.93
DP   2  10 14 0  F        19108.97
DP   2  10 14 1  F        19508.34
DP   2  10 15 0  F        19580.79
DP   2  10 15 1  F        19489.73
DP   2  10 16 0  F        19344.73
DP   2  10 16 1  F        19205.70
DP   2  10 17 0  F        18987.73
DP   2  10 17 1  F        18576.59
DP   2  10 18 0  F        17885.25
DP   2  10 18 1  F        16951.34
DP   2  10 19 0  F        16283.81
DP   2  10 19 1  F        16314.54
DP   2  10 20 0  F        16696.04
DP   2  10 20 1  F        16988.90
DP   2  10 21 0  F        17165.62
DP   2  10 21 1  F        17280.70
DP   2  10 22 0  F        17304.78
DP   2  10 22 1  F        17207.71
DP   2  10 23 0  F        17039.99
DP   2  10 23 1  F        16872.27
DP   3  10 00 0  F        14218.79
DP   3  10 00 1  F        13983.17
DP   3  10 01 0  F        13751.65
DP   3  10 01 1  F        13531.23
DP   3  10 02 0  F        13340.54
DP   3  10 02 1  F        13191.60
DP   3  10 03 0  F        13058.30
DP   3  10 03 1  F        12921.28
DP   3  10 04 0  F        12826.27
DP   3  10 04 1  F        12796.28
DP   3  10 05 0  F        12698.17
DP   3  10 05 1  F        12418.92
DP   3  10 06 0  F        12082.05
DP   3  10 06 1  F        11854.43
DP   3  10 07 0  F        11839.85
DP   3  10 07 1  F        12091.09
DP   3  10 08 0  F        12519.96
DP   3  10 08 1  F        13004.48
DP   3  10 09 0  F        13428.62
DP   3  10 09 1  F        13710.02
DP   3  10 10 0  F        13895.04
DP   3  10 10 1  F        14048.44
DP   3  10 11 0  F        14179.67
DP   3  10 11 1  F        14271.72
DP   3  10 12 0  F        14257.17
DP   3  10 12 1  F        14109.22
DP   3  10 13 0  F        14014.09
DP   3  10 13 1  F        14141.43
DP   3  10 14 0  F        14381.39
DP   3  10 14 1  F        14582.59
DP   3  10 15 0  F        14706.74
DP   3  10 15 1  F        14747.68
DP   3  10 16 0  F        14714.52
DP   3  10 16 1  F        14597.98
DP   3  10 17 0  F        14300.00
DP   3  10 17 1  F        13789.70
DP   3  10 18 0  F        13393.77
DP   3  10 18 1  F        13402.80
DP   3  10 19 0  F        13605.53
DP   3  10 19 1  F        13726.87
DP   3  10 20 0  F        13738.03
DP   3  10 20 1  F        13696.81
DP   3  10 21 0  F        13760.86
DP   3  10 21 1  F        14038.83
DP   3  10 22 0  F        14343.38
DP   3  10 22 1  F        14476.31
DP   3  10 23 0  F        14491.87
DP   3  10 23 1  F        14507.43
DP   4  10 00 0  F        7894.25
DP   4  10 00 1  F        7855.95
DP   4  10 01 0  F        7807.25
DP   4  10 01 1  F        7741.98
DP   4  10 02 0  F        7670.89
DP   4  10 02 1  F        7604.31
DP   4  10 03 0  F        7534.08
DP   4  10 03 1  F        7451.61
DP   4  10 04 0  F        7365.06
DP   4  10 04 1  F        7287.43
DP   4  10 05 0  F        7234.34
DP   4  10 05 1  F        7207.38
DP   4  10 06 0  F        7149.38
DP   4  10 06 1  F        7014.71
DP   4  10 07 0  F        6862.55
DP   4  10 07 1  F        6771.75
DP   4  10 08 0  F        6795.00
DP   4  10 08 1  F        6951.06
DP   4  10 09 0  F        7149.06
DP   4  10 09 1  F        7295.37
DP   4  10 10 0  F        7394.79
DP   4  10 10 1  F        7472.01
DP   4  10 11 0  F        7532.49
DP   4  10 11 1  F        7575.02
DP   4  10 12 0  F        7590.70
DP   4  10 12 1  F        7580.42
DP   4  10 13 0  F        7591.91
DP   4  10 13 1  F        7669.39
DP   4  10 14 0  F        7796.39
DP   4  10 14 1  F        7938.65
DP   4  10 15 0  F        8051.41
DP   4  10 15 1  F        8099.84
DP   4  10 16 0  F        8099.40
DP   4  10 16 1  F        8068.41
DP   4  10 17 0  F        7986.64
DP   4  10 17 1  F        7837.89
DP   4  10 18 0  F        7660.92
DP   4  10 18 1  F        7512.65
DP   4  10 19 0  F        7467.56
DP   4  10 19 1  F        7567.28
DP   4  10 20 0  F        7704.20
DP   4  10 20 1  F        7769.30
DP   4  10 21 0  F        7797.11
DP   4  10 21 1  F        7843.32
DP   4  10 22 0  F        7904.94
DP   4  10 22 1  F        7967.44
DP   4  10 23 0  F        8028.80
DP   4  10 23 1  F        8090.16
