&   CARGA
&
&   ss  di hi m df hf m Demanda
&X  XX  XX XX X XX XX X XXXXXXXXXX
DP   1  13 00 0  F        46076.45
DP   1  13 00 1  F        44885.29
DP   1  13 01 0  F        43759.27
DP   1  13 01 1  F        42748.88
DP   1  13 02 0  F        41845.91
DP   1  13 02 1  F        41038.44
DP   1  13 03 0  F        40358.30
DP   1  13 03 1  F        39839.43
DP   1  13 04 0  F        39480.30
DP   1  13 04 1  F        39253.33
DP   1  13 05 0  F        39062.07
DP   1  13 05 1  F        38807.65
DP   1  13 06 0  F        38450.23
DP   1  13 06 1  F        38049.28
DP   1  13 07 0  F        38002.47
DP   1  13 07 1  F        38635.44
DP   1  13 08 0  F        39647.42
DP   1  13 08 1  F        40653.40
DP   1  13 09 0  F        41557.89
DP   1  13 09 1  F        42342.91
DP   1  13 10 0  F        43011.09
DP   1  13 10 1  F        43559.20
DP   1  13 11 0  F        43940.01
DP   1  13 11 1  F        44127.82
DP   1  13 12 0  F        44227.10
DP   1  13 12 1  F        44343.06
DP   1  13 13 0  F        44453.78
DP   1  13 13 1  F        44515.21
DP   1  13 14 0  F        44521.82
DP   1  13 14 1  F        44485.60
DP   1  13 15 0  F        44449.97
DP   1  13 15 1  F        44454.64
DP   1  13 16 0  F        44493.00
DP   1  13 16 1  F        44536.04
DP   1  13 17 0  F        44511.44
DP   1  13 17 1  F        44389.32
DP   1  13 18 0  F        44352.78
DP   1  13 18 1  F        44625.08
DP   1  13 19 0  F        45377.07
DP   1  13 19 1  F        46606.53
DP   1  13 20 0  F        47671.41
DP   1  13 20 1  F        47970.50
DP   1  13 21 0  F        47705.71
DP   1  13 21 1  F        47213.08
DP   1  13 22 0  F        46561.91
DP   1  13 22 1  F        45767.42
DP   1  13 23 0  F        44894.98
DP   1  13 23 1  F        44022.54
DP   2  13 00 0  F        14243.83
DP   2  13 00 1  F        13754.78
DP   2  13 01 0  F        13311.54
DP   2  13 01 1  F        12946.05
DP   2  13 02 0  F        12634.85
DP   2  13 02 1  F        12351.40
DP   2  13 03 0  F        12112.21
DP   2  13 03 1  F        11937.18
DP   2  13 04 0  F        11816.62
DP   2  13 04 1  F        11737.66
DP   2  13 05 0  F        11704.27
DP   2  13 05 1  F        11714.75
DP   2  13 06 0  F        11727.77
DP   2  13 06 1  F        11734.76
DP   2  13 07 0  F        11897.76
DP   2  13 07 1  F        12347.16
DP   2  13 08 0  F        12916.11
DP   2  13 08 1  F        13400.60
DP   2  13 09 0  F        13745.40
DP   2  13 09 1  F        13953.23
DP   2  13 10 0  F        14110.08
DP   2  13 10 1  F        14300.50
DP   2  13 11 0  F        14520.16
DP   2  13 11 1  F        14718.46
DP   2  13 12 0  F        14748.37
DP   2  13 12 1  F        14529.58
DP   2  13 13 0  F        14344.77
DP   2  13 13 1  F        14459.37
DP   2  13 14 0  F        14706.66
DP   2  13 14 1  F        14861.57
DP   2  13 15 0  F        14897.82
DP   2  13 15 1  F        14850.90
DP   2  13 16 0  F        14804.76
DP   2  13 16 1  F        14828.44
DP   2  13 17 0  F        14883.13
DP   2  13 17 1  F        14898.66
DP   2  13 18 0  F        14787.43
DP   2  13 18 1  F        14529.65
DP   2  13 19 0  F        14394.11
DP   2  13 19 1  F        14607.25
DP   2  13 20 0  F        14937.55
DP   2  13 20 1  F        15104.33
DP   2  13 21 0  F        15088.24
DP   2  13 21 1  F        14934.26
DP   2  13 22 0  F        14683.29
DP   2  13 22 1  F        14373.32
DP   2  13 23 0  F        14034.80
DP   2  13 23 1  F        13696.27
DP   3  13 00 0  F        13922.91
DP   3  13 00 1  F        13727.13
DP   3  13 01 0  F        13523.44
DP   3  13 01 1  F        13312.85
DP   3  13 02 0  F        13132.14
DP   3  13 02 1  F        13009.31
DP   3  13 03 0  F        12901.49
DP   3  13 03 1  F        12769.82
DP   3  13 04 0  F        12662.37
DP   3  13 04 1  F        12611.80
DP   3  13 05 0  F        12502.13
DP   3  13 05 1  F        12227.04
DP   3  13 06 0  F        11867.61
DP   3  13 06 1  F        11548.15
DP   3  13 07 0  F        11378.69
DP   3  13 07 1  F        11428.95
DP   3  13 08 0  F        11621.61
DP   3  13 08 1  F        11849.09
DP   3  13 09 0  F        12029.53
DP   3  13 09 1  F        12114.61
DP   3  13 10 0  F        12164.28
DP   3  13 10 1  F        12244.73
DP   3  13 11 0  F        12338.82
DP   3  13 11 1  F        12409.27
DP   3  13 12 0  F        12421.71
DP   3  13 12 1  F        12365.22
DP   3  13 13 0  F        12319.79
DP   3  13 13 1  F        12358.43
DP   3  13 14 0  F        12435.09
DP   3  13 14 1  F        12488.74
DP   3  13 15 0  F        12517.42
DP   3  13 15 1  F        12528.69
DP   3  13 16 0  F        12509.11
DP   3  13 16 1  F        12445.60
DP   3  13 17 0  F        12347.48
DP   3  13 17 1  F        12267.08
DP   3  13 18 0  F        12406.38
DP   3  13 18 1  F        12892.32
DP   3  13 19 0  F        13402.09
DP   3  13 19 1  F        13606.08
DP   3  13 20 0  F        13597.42
DP   3  13 20 1  F        13550.26
DP   3  13 21 0  F        13540.32
DP   3  13 21 1  F        13596.17
DP   3  13 22 0  F        13656.33
DP   3  13 22 1  F        13657.48
DP   3  13 23 0  F        13618.80
DP   3  13 23 1  F        13580.12
DP   4  13 00 0  F        7768.70
DP   4  13 00 1  F        7730.38
DP   4  13 01 0  F        7690.53
DP   4  13 01 1  F        7646.84
DP   4  13 02 0  F        7593.86
DP   4  13 02 1  F        7528.28
DP   4  13 03 0  F        7458.37
DP   4  13 03 1  F        7391.38
DP   4  13 04 0  F        7318.92
DP   4  13 04 1  F        7237.34
DP   4  13 05 0  F        7177.48
DP   4  13 05 1  F        7158.56
DP   4  13 06 0  F        7118.67
DP   4  13 06 1  F        7000.72
DP   4  13 07 0  F        6847.99
DP   4  13 07 1  F        6723.27
DP   4  13 08 0  F        6667.01
DP   4  13 08 1  F        6697.97
DP   4  13 09 0  F        6770.46
DP   4  13 09 1  F        6834.67
DP   4  13 10 0  F        6888.73
DP   4  13 10 1  F        6939.87
DP   4  13 11 0  F        6983.59
DP   4  13 11 1  F        7012.73
DP   4  13 12 0  F        7021.06
DP   4  13 12 1  F        7008.95
DP   4  13 13 0  F        7002.30
DP   4  13 13 1  F        7026.39
DP   4  13 14 0  F        7078.67
DP   4  13 14 1  F        7145.89
DP   4  13 15 0  F        7200.11
DP   4  13 15 1  F        7218.55
DP   4  13 16 0  F        7213.84
DP   4  13 16 1  F        7200.18
DP   4  13 17 0  F        7162.38
DP   4  13 17 1  F        7091.07
DP   4  13 18 0  F        7029.42
DP   4  13 18 1  F        7026.51
DP   4  13 19 0  F        7102.59
DP   4  13 19 1  F        7252.11
DP   4  13 20 0  F        7395.14
DP   4  13 20 1  F        7458.25
DP   4  13 21 0  F        7468.41
DP   4  13 21 1  F        7470.90
DP   4  13 22 0  F        7483.91
DP   4  13 22 1  F        7515.13
DP   4  13 23 0  F        7557.32
DP   4  13 23 1  F        7599.51
