&   CARGA
&
&   ss  di hi m df hf m Demanda
&X  XX  XX XX X XX XX X XXXXXXXXXX
DP   1  14 00 0  F        42844.52
DP   1  14 00 1  F        41791.09
DP   1  14 01 0  F        40787.91
DP   1  14 01 1  F        39874.45
DP   1  14 02 0  F        39047.29
DP   1  14 02 1  F        38299.19
DP   1  14 03 0  F        37650.66
DP   1  14 03 1  F        37125.11
DP   1  14 04 0  F        36729.91
DP   1  14 04 1  F        36445.29
DP   1  14 05 0  F        36158.91
DP   1  14 05 1  F        35760.81
DP   1  14 06 0  F        35243.06
DP   1  14 06 1  F        34682.00
DP   1  14 07 0  F        34389.12
DP   1  14 07 1  F        34622.63
DP   1  14 08 0  F        35192.59
DP   1  14 08 1  F        35837.13
DP   1  14 09 0  F        36454.85
DP   1  14 09 1  F        37002.60
DP   1  14 10 0  F        37509.79
DP   1  14 10 1  F        38007.50
DP   1  14 11 0  F        38460.82
DP   1  14 11 1  F        38828.87
DP   1  14 12 0  F        39112.89
DP   1  14 12 1  F        39321.14
DP   1  14 13 0  F        39448.08
DP   1  14 13 1  F        39489.95
DP   1  14 14 0  F        39464.00
DP   1  14 14 1  F        39400.62
DP   1  14 15 0  F        39361.57
DP   1  14 15 1  F        39411.15
DP   1  14 16 0  F        39592.27
DP   1  14 16 1  F        39919.08
DP   1  14 17 0  F        40311.97
DP   1  14 17 1  F        40684.51
DP   1  14 18 0  F        41016.77
DP   1  14 18 1  F        41372.01
DP   1  14 19 0  F        42079.79
DP   1  14 19 1  F        43334.70
DP   1  14 20 0  F        44525.27
DP   1  14 20 1  F        45038.70
DP   1  14 21 0  F        45062.96
DP   1  14 21 1  F        44912.10
DP   1  14 22 0  F        44603.42
DP   1  14 22 1  F        44107.43
DP   1  14 23 0  F        43504.11
DP   1  14 23 1  F        42900.78
DP   2  14 00 0  F        13657.27
DP   2  14 00 1  F        13214.20
DP   2  14 01 0  F        12811.05
DP   2  14 01 1  F        12474.80
DP   2  14 02 0  F        12180.70
DP   2  14 02 1  F        11902.40
DP   2  14 03 0  F        11658.92
DP   2  14 03 1  F        11473.23
DP   2  14 04 0  F        11338.97
DP   2  14 04 1  F        11242.42
DP   2  14 05 0  F        11169.93
DP   2  14 05 1  F        11103.52
DP   2  14 06 0  F        11007.71
DP   2  14 06 1  F        10886.54
DP   2  14 07 0  F        10919.35
DP   2  14 07 1  F        11253.21
DP   2  14 08 0  F        11730.49
DP   2  14 08 1  F        12156.48
DP   2  14 09 0  F        12492.69
DP   2  14 09 1  F        12750.63
DP   2  14 10 0  F        12985.73
DP   2  14 10 1  F        13252.07
DP   2  14 11 0  F        13554.68
DP   2  14 11 1  F        13858.57
DP   2  14 12 0  F        14017.83
DP   2  14 12 1  F        13947.36
DP   2  14 13 0  F        13916.30
DP   2  14 13 1  F        14172.70
DP   2  14 14 0  F        14526.01
DP   2  14 14 1  F        14737.84
DP   2  14 15 0  F        14816.94
DP   2  14 15 1  F        14830.51
DP   2  14 16 0  F        14832.28
DP   2  14 16 1  F        14861.25
DP   2  14 17 0  F        14911.02
DP   2  14 17 1  F        14940.21
DP   2  14 18 0  F        14813.01
DP   2  14 18 1  F        14478.09
DP   2  14 19 0  F        14316.66
DP   2  14 19 1  F        14653.48
DP   2  14 20 0  F        15155.12
DP   2  14 20 1  F        15429.62
DP   2  14 21 0  F        15509.02
DP   2  14 21 1  F        15506.35
DP   2  14 22 0  F        15434.41
DP   2  14 22 1  F        15289.76
DP   2  14 23 0  F        15104.33
DP   2  14 23 1  F        14918.91
DP   3  14 00 0  F        13662.00
DP   3  14 00 1  F        13469.18
DP   3  14 01 0  F        13281.74
DP   3  14 01 1  F        13105.18
DP   3  14 02 0  F        12945.38
DP   3  14 02 1  F        12805.14
DP   3  14 03 0  F        12674.51
DP   3  14 03 1  F        12548.13
DP   3  14 04 0  F        12451.80
DP   3  14 04 1  F        12390.32
DP   3  14 05 0  F        12253.20
DP   3  14 05 1  F        11946.01
DP   3  14 06 0  F        11553.62
DP   3  14 06 1  F        11198.50
DP   3  14 07 0  F        10974.25
DP   3  14 07 1  F        10934.44
DP   3  14 08 0  F        11001.46
DP   3  14 08 1  F        11079.71
DP   3  14 09 0  F        11132.90
DP   3  14 09 1  F        11150.60
DP   3  14 10 0  F        11166.74
DP   3  14 10 1  F        11215.77
DP   3  14 11 0  F        11290.07
DP   3  14 11 1  F        11369.56
DP   3  14 12 0  F        11426.40
DP   3  14 12 1  F        11444.15
DP   3  14 13 0  F        11459.79
DP   3  14 13 1  F        11509.51
DP   3  14 14 0  F        11572.70
DP   3  14 14 1  F        11621.43
DP   3  14 15 0  F        11654.97
DP   3  14 15 1  F        11678.78
DP   3  14 16 0  F        11695.61
DP   3  14 16 1  F        11703.39
DP   3  14 17 0  F        11683.31
DP   3  14 17 1  F        11660.34
DP   3  14 18 0  F        11851.39
DP   3  14 18 1  F        12399.42
DP   3  14 19 0  F        12959.70
DP   3  14 19 1  F        13183.65
DP   3  14 20 0  F        13195.06
DP   3  14 20 1  F        13198.18
DP   3  14 21 0  F        13246.69
DP   3  14 21 1  F        13342.79
DP   3  14 22 0  F        13433.14
DP   3  14 22 1  F        13467.82
DP   3  14 23 0  F        13466.03
DP   3  14 23 1  F        13464.23
DP   4  14 00 0  F        7491.40
DP   4  14 00 1  F        7455.17
DP   4  14 01 0  F        7417.78
DP   4  14 01 1  F        7377.23
DP   4  14 02 0  F        7328.21
DP   4  14 02 1  F        7268.02
DP   4  14 03 0  F        7207.81
DP   4  14 03 1  F        7156.23
DP   4  14 04 0  F        7097.98
DP   4  14 04 1  F        7021.95
DP   4  14 05 0  F        6957.58
DP   4  14 05 1  F        6926.50
DP   4  14 06 0  F        6878.50
DP   4  14 06 1  F        6764.57
DP   4  14 07 0  F        6612.37
DP   4  14 07 1  F        6467.64
DP   4  14 08 0  F        6371.81
DP   4  14 08 1  F        6350.39
DP   4  14 09 0  F        6369.61
DP   4  14 09 1  F        6389.43
DP   4  14 10 0  F        6404.09
DP   4  14 10 1  F        6417.29
DP   4  14 11 0  F        6436.33
DP   4  14 11 1  F        6466.24
DP   4  14 12 0  F        6499.22
DP   4  14 12 1  F        6527.70
DP   4  14 13 0  F        6557.70
DP   4  14 13 1  F        6598.04
DP   4  14 14 0  F        6655.07
DP   4  14 14 1  F        6728.52
DP   4  14 15 0  F        6793.99
DP   4  14 15 1  F        6830.78
DP   4  14 16 0  F        6857.08
DP   4  14 16 1  F        6889.03
DP   4  14 17 0  F        6895.80
DP   4  14 17 1  F        6854.82
DP   4  14 18 0  F        6823.62
DP   4  14 18 1  F        6865.12
DP   4  14 19 0  F        6983.73
DP   4  14 19 1  F        7154.74
DP   4  14 20 0  F        7295.19
DP   4  14 20 1  F        7338.40
DP   4  14 21 0  F        7340.77
DP   4  14 21 1  F        7370.74
DP   4  14 22 0  F        7421.59
DP   4  14 22 1  F        7472.44
DP   4  14 23 0  F        7520.98
DP   4  14 23 1  F        7569.51
