&   CARGA
&
&   ss  di hi m df hf m Demanda
&X  XX  XX XX X XX XX X XXXXXXXXXX
DP   1  11 00 0  F        47459.05
DP   1  11 00 1  F        46076.86
DP   1  11 01 0  F        44783.20
DP   1  11 01 1  F        43649.73
DP   1  11 02 0  F        42680.55
DP   1  11 02 1  F        41868.12
DP   1  11 03 0  F        41225.76
DP   1  11 03 1  F        40765.72
DP   1  11 04 0  F        40474.92
DP   1  11 04 1  F        40329.56
DP   1  11 05 0  F        40288.18
DP   1  11 05 1  F        40315.93
DP   1  11 06 0  F        40421.92
DP   1  11 06 1  F        40676.93
DP   1  11 07 0  F        41354.48
DP   1  11 07 1  F        42663.84
DP   1  11 08 0  F        44354.53
DP   1  11 08 1  F        46079.32
DP   1  11 09 0  F        47563.61
DP   1  11 09 1  F        48640.73
DP   1  11 10 0  F        49503.23
DP   1  11 10 1  F        50343.20
DP   1  11 11 0  F        50991.80
DP   1  11 11 1  F        51263.03
DP   1  11 12 0  F        51263.11
DP   1  11 12 1  F        51198.64
DP   1  11 13 0  F        51385.36
DP   1  11 13 1  F        52039.97
DP   1  11 14 0  F        52873.80
DP   1  11 14 1  F        53533.97
DP   1  11 15 0  F        53916.06
DP   1  11 15 1  F        54010.78
DP   1  11 16 0  F        53940.78
DP   1  11 16 1  F        53762.41
DP   1  11 17 0  F        53134.80
DP   1  11 17 1  F        51803.94
DP   1  11 18 0  F        50260.30
DP   1  11 18 1  F        49141.00
DP   1  11 19 0  F        48925.30
DP   1  11 19 1  F        49789.58
DP   1  11 20 0  F        50856.82
DP   1  11 20 1  F        51267.95
DP   1  11 21 0  F        51289.23
DP   1  11 21 1  F        51319.19
DP   1  11 22 0  F        51160.22
DP   1  11 22 1  F        50568.06
DP   1  11 23 0  F        49708.09
DP   1  11 23 1  F        48848.12
DP   2  11 00 0  F        15639.67
DP   2  11 00 1  F        15118.09
DP   2  11 01 0  F        14633.62
DP   2  11 01 1  F        14217.57
DP   2  11 02 0  F        13878.04
DP   2  11 02 1  F        13611.58
DP   2  11 03 0  F        13391.82
DP   2  11 03 1  F        13195.43
DP   2  11 04 0  F        13034.14
DP   2  11 04 1  F        12929.02
DP   2  11 05 0  F        12903.57
DP   2  11 05 1  F        12965.50
DP   2  11 06 0  F        13056.98
DP   2  11 06 1  F        13156.39
DP   2  11 07 0  F        13452.32
DP   2  11 07 1  F        14101.70
DP   2  11 08 0  F        14924.35
DP   2  11 08 1  F        15684.11
DP   2  11 09 0  F        16257.83
DP   2  11 09 1  F        16593.27
DP   2  11 10 0  F        16808.91
DP   2  11 10 1  F        17038.53
DP   2  11 11 0  F        17306.50
DP   2  11 11 1  F        17557.61
DP   2  11 12 0  F        17527.63
DP   2  11 12 1  F        17076.46
DP   2  11 13 0  F        16769.52
DP   2  11 13 1  F        17119.47
DP   2  11 14 0  F        17722.49
DP   2  11 14 1  F        18068.95
DP   2  11 15 0  F        18142.69
DP   2  11 15 1  F        18054.99
DP   2  11 16 0  F        17933.48
DP   2  11 16 1  F        17861.33
DP   2  11 17 0  F        17727.43
DP   2  11 17 1  F        17395.41
DP   2  11 18 0  F        16822.17
DP   2  11 18 1  F        16074.39
DP   2  11 19 0  F        15564.68
DP   2  11 19 1  F        15628.84
DP   2  11 20 0  F        15949.46
DP   2  11 20 1  F        16144.96
DP   2  11 21 0  F        16230.12
DP   2  11 21 1  F        16285.86
DP   2  11 22 0  F        16261.14
DP   2  11 22 1  F        16099.65
DP   2  11 23 0  F        15855.91
DP   2  11 23 1  F        15612.18
DP   3  11 00 0  F        14182.25
DP   3  11 00 1  F        13941.62
DP   3  11 01 0  F        13708.75
DP   3  11 01 1  F        13491.98
DP   3  11 02 0  F        13302.04
DP   3  11 02 1  F        13145.09
DP   3  11 03 0  F        13006.79
DP   3  11 03 1  F        12877.68
DP   3  11 04 0  F        12788.55
DP   3  11 04 1  F        12749.02
DP   3  11 05 0  F        12643.73
DP   3  11 05 1  F        12375.24
DP   3  11 06 0  F        12042.69
DP   3  11 06 1  F        11789.55
DP   3  11 07 0  F        11740.00
DP   3  11 07 1  F        11968.40
DP   3  11 08 0  F        12369.15
DP   3  11 08 1  F        12803.43
DP   3  11 09 0  F        13179.35
DP   3  11 09 1  F        13439.51
DP   3  11 10 0  F        13617.45
DP   3  11 10 1  F        13760.74
DP   3  11 11 0  F        13882.18
DP   3  11 11 1  F        13972.02
DP   3  11 12 0  F        13965.12
DP   3  11 12 1  F        13832.63
DP   3  11 13 0  F        13746.32
DP   3  11 13 1  F        13863.38
DP   3  11 14 0  F        14082.09
DP   3  11 14 1  F        14263.39
DP   3  11 15 0  F        14377.80
DP   3  11 15 1  F        14424.61
DP   3  11 16 0  F        14408.32
DP   3  11 16 1  F        14314.54
DP   3  11 17 0  F        14047.96
DP   3  11 17 1  F        13579.14
DP   3  11 18 0  F        13223.08
DP   3  11 18 1  F        13258.30
DP   3  11 19 0  F        13473.09
DP   3  11 19 1  F        13595.08
DP   3  11 20 0  F        13599.81
DP   3  11 20 1  F        13549.34
DP   3  11 21 0  F        13604.06
DP   3  11 21 1  F        13874.33
DP   3  11 22 0  F        14172.04
DP   3  11 22 1  F        14297.88
DP   3  11 23 0  F        14306.09
DP   3  11 23 1  F        14314.29
DP   4  11 00 0  F        7971.58
DP   4  11 00 1  F        7917.95
DP   4  11 01 0  F        7862.75
DP   4  11 01 1  F        7805.04
DP   4  11 02 0  F        7746.35
DP   4  11 02 1  F        7686.52
DP   4  11 03 0  F        7616.24
DP   4  11 03 1  F        7528.32
DP   4  11 04 0  F        7433.47
DP   4  11 04 1  F        7348.07
DP   4  11 05 0  F        7293.27
DP   4  11 05 1  F        7273.97
DP   4  11 06 0  F        7225.21
DP   4  11 06 1  F        7092.97
DP   4  11 07 0  F        6936.81
DP   4  11 07 1  F        6835.53
DP   4  11 08 0  F        6831.37
DP   4  11 08 1  F        6937.31
DP   4  11 09 0  F        7085.70
DP   4  11 09 1  F        7205.29
DP   4  11 10 0  F        7290.89
DP   4  11 10 1  F        7353.03
DP   4  11 11 0  F        7399.05
DP   4  11 11 1  F        7432.30
DP   4  11 12 0  F        7443.56
DP   4  11 12 1  F        7431.10
DP   4  11 13 0  F        7435.97
DP   4  11 13 1  F        7497.89
DP   4  11 14 0  F        7608.42
DP   4  11 14 1  F        7741.02
DP   4  11 15 0  F        7844.69
DP   4  11 15 1  F        7879.43
DP   4  11 16 0  F        7873.35
DP   4  11 16 1  F        7856.56
DP   4  11 17 0  F        7798.67
DP   4  11 17 1  F        7672.08
DP   4  11 18 0  F        7520.64
DP   4  11 18 1  F        7404.46
DP   4  11 19 0  F        7377.45
DP   4  11 19 1  F        7464.80
DP   4  11 20 0  F        7583.18
DP   4  11 20 1  F        7649.82
DP   4  11 21 0  F        7692.77
DP   4  11 21 1  F        7754.72
DP   4  11 22 0  F        7826.29
DP   4  11 22 1  F        7889.84
DP   4  11 23 0  F        7946.99
DP   4  11 23 1  F        8004.13
