&   CARGA
&
&   ss  di hi m df hf m Demanda
&X  XX  XX XX X XX XX X XXXXXXXXXX
DP   1  16 00 0  F        45892.21
DP   1  16 00 1  F        44469.90
DP   1  16 01 0  F        43168.12
DP   1  16 01 1  F        42082.51
DP   1  16 02 0  F        41209.12
DP   1  16 02 1  F        40514.89
DP   1  16 03 0  F        39949.91
DP   1  16 03 1  F        39481.83
DP   1  16 04 0  F        39165.43
DP   1  16 04 1  F        39052.46
DP   1  16 05 0  F        39095.48
DP   1  16 05 1  F        39237.30
DP   1  16 06 0  F        39481.02
DP   1  16 06 1  F        39893.38
DP   1  16 07 0  F        40735.25
DP   1  16 07 1  F        42198.42
DP   1  16 08 0  F        44004.24
DP   1  16 08 1  F        45790.28
DP   1  16 09 0  F        47329.69
DP   1  16 09 1  F        48496.80
DP   1  16 10 0  F        49435.29
DP   1  16 10 1  F        50285.45
DP   1  16 11 0  F        50904.65
DP   1  16 11 1  F        51143.85
DP   1  16 12 0  F        51111.23
DP   1  16 12 1  F        51011.87
DP   1  16 13 0  F        51181.05
DP   1  16 13 1  F        51842.94
DP   1  16 14 0  F        52647.07
DP   1  16 14 1  F        53195.15
DP   1  16 15 0  F        53472.47
DP   1  16 15 1  F        53565.79
DP   1  16 16 0  F        53584.27
DP   1  16 16 1  F        53528.89
DP   1  16 17 0  F        52945.48
DP   1  16 17 1  F        51503.28
DP   1  16 18 0  F        49820.02
DP   1  16 18 1  F        48667.87
DP   1  16 19 0  F        48488.18
DP   1  16 19 1  F        49391.55
DP   1  16 20 0  F        50496.62
DP   1  16 20 1  F        50948.62
DP   1  16 21 0  F        50991.01
DP   1  16 21 1  F        50995.95
DP   1  16 22 0  F        50752.09
DP   1  16 22 1  F        50012.26
DP   1  16 23 0  F        48969.41
DP   1  16 23 1  F        47926.57
DP   2  16 00 0  F        16172.96
DP   2  16 00 1  F        15615.68
DP   2  16 01 0  F        15107.95
DP   2  16 01 1  F        14685.07
DP   2  16 02 0  F        14325.36
DP   2  16 02 1  F        14003.03
DP   2  16 03 0  F        13733.10
DP   2  16 03 1  F        13532.33
DP   2  16 04 0  F        13383.85
DP   2  16 04 1  F        13274.20
DP   2  16 05 0  F        13237.37
DP   2  16 05 1  F        13298.11
DP   2  16 06 0  F        13396.75
DP   2  16 06 1  F        13507.39
DP   2  16 07 0  F        13823.70
DP   2  16 07 1  F        14510.33
DP   2  16 08 0  F        15396.33
DP   2  16 08 1  F        16247.28
DP   2  16 09 0  F        16910.64
DP   2  16 09 1  F        17311.44
DP   2  16 10 0  F        17603.26
DP   2  16 10 1  F        17950.29
DP   2  16 11 0  F        18330.52
DP   2  16 11 1  F        18640.41
DP   2  16 12 0  F        18636.19
DP   2  16 12 1  F        18218.20
DP   2  16 13 0  F        18003.35
DP   2  16 13 1  F        18529.24
DP   2  16 14 0  F        19299.69
DP   2  16 14 1  F        19717.49
DP   2  16 15 0  F        19814.96
DP   2  16 15 1  F        19762.04
DP   2  16 16 0  F        19649.57
DP   2  16 16 1  F        19519.72
DP   2  16 17 0  F        19299.05
DP   2  16 17 1  F        18886.44
DP   2  16 18 0  F        18185.49
DP   2  16 18 1  F        17226.82
DP   2  16 19 0  F        16544.29
DP   2  16 19 1  F        16588.15
DP   2  16 20 0  F        16970.90
DP   2  16 20 1  F        17217.84
DP   2  16 21 0  F        17343.04
DP   2  16 21 1  F        17444.99
DP   2  16 22 0  F        17471.27
DP   2  16 22 1  F        17360.54
DP   2  16 23 0  F        17166.88
DP   2  16 23 1  F        16973.22
DP   3  16 00 0  F        14268.95
DP   3  16 00 1  F        14025.95
DP   3  16 01 0  F        13789.21
DP   3  16 01 1  F        13566.50
DP   3  16 02 0  F        13371.47
DP   3  16 02 1  F        13213.15
DP   3  16 03 0  F        13076.14
DP   3  16 03 1  F        12950.64
DP   3  16 04 0  F        12873.67
DP   3  16 04 1  F        12855.76
DP   3  16 05 0  F        12754.83
DP   3  16 05 1  F        12455.56
DP   3  16 06 0  F        12102.37
DP   3  16 06 1  F        11881.23
DP   3  16 07 0  F        11884.66
DP   3  16 07 1  F        12151.07
DP   3  16 08 0  F        12595.90
DP   3  16 08 1  F        13100.41
DP   3  16 09 0  F        13532.08
DP   3  16 09 1  F        13795.98
DP   3  16 10 0  F        13961.12
DP   3  16 10 1  F        14115.36
DP   3  16 11 0  F        14257.68
DP   3  16 11 1  F        14355.51
DP   3  16 12 0  F        14338.75
DP   3  16 12 1  F        14182.59
DP   3  16 13 0  F        14080.87
DP   3  16 13 1  F        14209.46
DP   3  16 14 0  F        14453.68
DP   3  16 14 1  F        14656.33
DP   3  16 15 0  F        14780.74
DP   3  16 15 1  F        14823.38
DP   3  16 16 0  F        14792.82
DP   3  16 16 1  F        14678.96
DP   3  16 17 0  F        14384.84
DP   3  16 17 1  F        13881.99
DP   3  16 18 0  F        13502.78
DP   3  16 18 1  F        13536.97
DP   3  16 19 0  F        13743.08
DP   3  16 19 1  F        13822.70
DP   3  16 20 0  F        13780.71
DP   3  16 20 1  F        13712.68
DP   3  16 21 0  F        13773.51
DP   3  16 21 1  F        14058.75
DP   3  16 22 0  F        14367.31
DP   3  16 22 1  F        14490.82
DP   3  16 23 0  F        14488.38
DP   3  16 23 1  F        14485.93
DP   4  16 00 0  F        7811.00
DP   4  16 00 1  F        7758.25
DP   4  16 01 0  F        7700.33
DP   4  16 01 1  F        7634.75
DP   4  16 02 0  F        7569.73
DP   4  16 02 1  F        7511.80
DP   4  16 03 0  F        7450.29
DP   4  16 03 1  F        7374.27
DP   4  16 04 0  F        7288.94
DP   4  16 04 1  F        7206.82
DP   4  16 05 0  F        7153.34
DP   4  16 05 1  F        7137.97
DP   4  16 06 0  F        7093.36
DP   4  16 06 1  F        6963.14
DP   4  16 07 0  F        6811.77
DP   4  16 07 1  F        6723.94
DP   4  16 08 0  F        6744.43
DP   4  16 08 1  F        6885.00
DP   4  16 09 0  F        7065.24
DP   4  16 09 1  F        7202.86
DP   4  16 10 0  F        7300.42
DP   4  16 10 1  F        7377.77
DP   4  16 11 0  F        7439.22
DP   4  16 11 1  F        7482.02
DP   4  16 12 0  F        7490.61
DP   4  16 12 1  F        7461.79
DP   4  16 13 0  F        7454.35
DP   4  16 13 1  F        7524.44
DP   4  16 14 0  F        7655.48
DP   4  16 14 1  F        7808.80
DP   4  16 15 0  F        7930.20
DP   4  16 15 1  F        7978.23
DP   4  16 16 0  F        7978.15
DP   4  16 16 1  F        7957.46
DP   4  16 17 0  F        7885.96
DP   4  16 17 1  F        7737.42
DP   4  16 18 0  F        7559.24
DP   4  16 18 1  F        7417.20
DP   4  16 19 0  F        7376.88
DP   4  16 19 1  F        7471.03
DP   4  16 20 0  F        7601.12
DP   4  16 20 1  F        7667.81
DP   4  16 21 0  F        7699.56
DP   4  16 21 1  F        7744.02
DP   4  16 22 0  F        7797.64
DP   4  16 22 1  F        7847.41
DP   4  16 23 0  F        7893.60
DP   4  16 23 1  F        7939.78
