&   CARGA
&
&   ss  di hi m df hf m Demanda
&X  XX  XX XX X XX XX X XXXXXXXXXX
DP   1  10 00 0  F        48538.78
DP   1  10 00 1  F        47169.01
DP   1  10 01 0  F        45880.12
DP   1  10 01 1  F        44747.34
DP   1  10 02 0  F        43823.32
DP   1  10 02 1  F        43128.91
DP   1  10 03 0  F        42580.22
DP   1  10 03 1  F        42100.53
DP   1  10 04 0  F        41746.38
DP   1  10 04 1  F        41570.91
DP   1  10 05 0  F        41480.30
DP   1  10 05 1  F        41393.19
DP   1  10 06 0  F        41425.00
DP   1  10 06 1  F        41758.24
DP   1  10 07 0  F        42647.06
DP   1  10 07 1  F        44231.54
DP   1  10 08 0  F        46123.94
DP   1  10 08 1  F        47878.24
DP   1  10 09 0  F        49343.21
DP   1  10 09 1  F        50482.93
DP   1  10 10 0  F        51427.82
DP   1  10 10 1  F        52296.83
DP   1  10 11 0  F        52996.61
DP   1  10 11 1  F        53421.37
DP   1  10 12 0  F        53628.04
DP   1  10 12 1  F        53735.50
DP   1  10 13 0  F        53947.62
DP   1  10 13 1  F        54410.24
DP   1  10 14 0  F        54952.03
DP   1  10 14 1  F        55363.12
DP   1  10 15 0  F        55596.56
DP   1  10 15 1  F        55669.84
DP   1  10 16 0  F        55695.22
DP   1  10 16 1  F        55682.59
DP   1  10 17 0  F        55137.52
DP   1  10 17 1  F        53684.46
DP   1  10 18 0  F        51927.53
DP   1  10 18 1  F        50648.05
DP   1  10 19 0  F        50356.23
DP   1  10 19 1  F        51228.88
DP   1  10 20 0  F        52380.25
DP   1  10 20 1  F        52920.67
DP   1  10 21 0  F        53007.26
DP   1  10 21 1  F        52952.02
DP   1  10 22 0  F        52639.68
DP   1  10 22 1  F        51925.07
DP   1  10 23 0  F        50970.85
DP   1  10 23 1  F        50016.63
DP   2  10 00 0  F        15234.50
DP   2  10 00 1  F        14779.22
DP   2  10 01 0  F        14350.94
DP   2  10 01 1  F        13969.72
DP   2  10 02 0  F        13627.70
DP   2  10 02 1  F        13317.23
DP   2  10 03 0  F        13059.55
DP   2  10 03 1  F        12875.53
DP   2  10 04 0  F        12755.97
DP   2  10 04 1  F        12685.08
DP   2  10 05 0  F        12650.87
DP   2  10 05 1  F        12648.39
DP   2  10 06 0  F        12697.08
DP   2  10 06 1  F        12853.69
DP   2  10 07 0  F        13299.96
DP   2  10 07 1  F        14158.20
DP   2  10 08 0  F        15188.03
DP   2  10 08 1  F        16108.45
DP   2  10 09 0  F        16838.87
DP   2  10 09 1  F        17372.97
DP   2  10 10 0  F        17801.08
DP   2  10 10 1  F        18219.68
DP   2  10 11 0  F        18653.15
DP   2  10 11 1  F        19053.72
DP   2  10 12 0  F        19157.02
DP   2  10 12 1  F        18819.85
DP   2  10 13 0  F        18600.29
DP   2  10 13 1  F        19004.52
DP   2  10 14 0  F        19630.00
DP   2  10 14 1  F        19966.00
DP   2  10 15 0  F        19977.75
DP   2  10 15 1  F        19771.70
DP   2  10 16 0  F        19543.03
DP   2  10 16 1  F        19433.56
DP   2  10 17 0  F        19282.61
DP   2  10 17 1  F        18896.50
DP   2  10 18 0  F        18251.84
DP   2  10 18 1  F        17445.89
DP   2  10 19 0  F        16888.22
DP   2  10 19 1  F        16924.06
DP   2  10 20 0  F        17329.15
DP   2  10 20 1  F        17777.53
DP   2  10 21 0  F        18106.06
DP   2  10 21 1  F        18224.92
DP   2  10 22 0  F        18175.07
DP   2  10 22 1  F        18025.78
DP   2  10 23 0  F        17828.93
DP   2  10 23 1  F        17632.09
DP   3  10 00 0  F        14362.87
DP   3  10 00 1  F        14159.06
DP   3  10 01 0  F        13956.69
DP   3  10 01 1  F        13760.08
DP   3  10 02 0  F        13585.00
DP   3  10 02 1  F        13442.37
DP   3  10 03 0  F        13312.10
DP   3  10 03 1  F        13179.15
DP   3  10 04 0  F        13079.54
DP   3  10 04 1  F        13027.77
DP   3  10 05 0  F        12901.13
DP   3  10 05 1  F        12599.02
DP   3  10 06 0  F        12246.28
DP   3  10 06 1  F        12010.05
DP   3  10 07 0  F        12000.96
DP   3  10 07 1  F        12271.89
DP   3  10 08 0  F        12700.96
DP   3  10 08 1  F        13139.24
DP   3  10 09 0  F        13504.35
DP   3  10 09 1  F        13757.07
DP   3  10 10 0  F        13964.27
DP   3  10 10 1  F        14188.69
DP   3  10 11 0  F        14370.42
DP   3  10 11 1  F        14433.88
DP   3  10 12 0  F        14363.38
DP   3  10 12 1  F        14193.83
DP   3  10 13 0  F        14102.56
DP   3  10 13 1  F        14236.08
DP   3  10 14 0  F        14475.08
DP   3  10 14 1  F        14658.45
DP   3  10 15 0  F        14723.50
DP   3  10 15 1  F        14657.80
DP   3  10 16 0  F        14551.33
DP   3  10 16 1  F        14462.02
DP   3  10 17 0  F        14217.32
DP   3  10 17 1  F        13708.92
DP   3  10 18 0  F        13315.98
DP   3  10 18 1  F        13387.42
DP   3  10 19 0  F        13663.68
DP   3  10 19 1  F        13818.06
DP   3  10 20 0  F        13863.72
DP   3  10 20 1  F        13900.33
DP   3  10 21 0  F        14033.63
DP   3  10 21 1  F        14316.99
DP   3  10 22 0  F        14588.11
DP   3  10 22 1  F        14685.86
DP   3  10 23 0  F        14669.40
DP   3  10 23 1  F        14652.94
DP   4  10 00 0  F        7893.73
DP   4  10 00 1  F        7852.87
DP   4  10 01 0  F        7794.50
DP   4  10 01 1  F        7708.78
DP   4  10 02 0  F        7616.57
DP   4  10 02 1  F        7539.42
DP   4  10 03 0  F        7470.92
DP   4  10 03 1  F        7399.80
DP   4  10 04 0  F        7323.39
DP   4  10 04 1  F        7245.45
DP   4  10 05 0  F        7186.83
DP   4  10 05 1  F        7153.81
DP   4  10 06 0  F        7077.12
DP   4  10 06 1  F        6905.35
DP   4  10 07 0  F        6733.93
DP   4  10 07 1  F        6674.41
DP   4  10 08 0  F        6755.92
DP   4  10 08 1  F        6965.21
DP   4  10 09 0  F        7201.85
DP   4  10 09 1  F        7368.81
DP   4  10 10 0  F        7469.87
DP   4  10 10 1  F        7533.83
DP   4  10 11 0  F        7588.56
DP   4  10 11 1  F        7649.18
DP   4  10 12 0  F        7680.57
DP   4  10 12 1  F        7653.95
DP   4  10 13 0  F        7616.23
DP   4  10 13 1  F        7620.11
DP   4  10 14 0  F        7665.84
DP   4  10 14 1  F        7744.55
DP   4  10 15 0  F        7863.23
DP   4  10 15 1  F        8015.78
DP   4  10 16 0  F        8127.69
DP   4  10 16 1  F        8127.61
DP   4  10 17 0  F        8025.15
DP   4  10 17 1  F        7848.80
DP   4  10 18 0  F        7621.79
DP   4  10 18 1  F        7388.08
DP   4  10 19 0  F        7280.15
DP   4  10 19 1  F        7391.66
DP   4  10 20 0  F        7572.67
DP   4  10 20 1  F        7663.82
DP   4  10 21 0  F        7711.60
DP   4  10 21 1  F        7789.15
DP   4  10 22 0  F        7870.20
DP   4  10 22 1  F        7916.16
DP   4  10 23 0  F        7938.34
DP   4  10 23 1  F        7960.51
