&   CARGA
&
&   ss  di hi m df hf m Demanda
&X  XX  XX XX X XX XX X XXXXXXXXXX
DP   1  09 00 0  F        46927.34
DP   1  09 00 1  F        45552.01
DP   1  09 01 0  F        44256.30
DP   1  09 01 1  F        43110.92
DP   1  09 02 0  F        42151.10
DP   1  09 02 1  F        41390.76
DP   1  09 03 0  F        40794.16
DP   1  09 03 1  F        40326.95
DP   1  09 04 0  F        40010.16
DP   1  09 04 1  F        39860.98
DP   1  09 05 0  F        39826.14
DP   1  09 05 1  F        39853.20
DP   1  09 06 0  F        39963.50
DP   1  09 06 1  F        40238.61
DP   1  09 07 0  F        40927.16
DP   1  09 07 1  F        42216.90
DP   1  09 08 0  F        43884.88
DP   1  09 08 1  F        45616.98
DP   1  09 09 0  F        47144.98
DP   1  09 09 1  F        48289.82
DP   1  09 10 0  F        49183.18
DP   1  09 10 1  F        49974.39
DP   1  09 11 0  F        50572.61
DP   1  09 11 1  F        50867.98
DP   1  09 12 0  F        50914.87
DP   1  09 12 1  F        50859.02
DP   1  09 13 0  F        51047.66
DP   1  09 13 1  F        51732.03
DP   1  09 14 0  F        52578.04
DP   1  09 14 1  F        53191.38
DP   1  09 15 0  F        53522.06
DP   1  09 15 1  F        53626.30
DP   1  09 16 0  F        53640.71
DP   1  09 16 1  F        53603.85
DP   1  09 17 0  F        53081.84
DP   1  09 17 1  F        51739.49
DP   1  09 18 0  F        50108.93
DP   1  09 18 1  F        48889.35
DP   1  09 19 0  F        48580.97
DP   1  09 19 1  F        49376.87
DP   1  09 20 0  F        50440.56
DP   1  09 20 1  F        50935.12
DP   1  09 21 0  F        51051.46
DP   1  09 21 1  F        51111.59
DP   1  09 22 0  F        50934.04
DP   1  09 22 1  F        50308.12
DP   1  09 23 0  F        49409.70
DP   1  09 23 1  F        48511.28
DP   2  09 00 0  F        16170.14
DP   2  09 00 1  F        15623.79
DP   2  09 01 0  F        15124.99
DP   2  09 01 1  F        14707.39
DP   2  09 02 0  F        14349.16
DP   2  09 02 1  F        14024.13
DP   2  09 03 0  F        13744.27
DP   2  09 03 1  F        13526.16
DP   2  09 04 0  F        13366.48
DP   2  09 04 1  F        13260.48
DP   2  09 05 0  F        13217.52
DP   2  09 05 1  F        13238.24
DP   2  09 06 0  F        13274.35
DP   2  09 06 1  F        13319.26
DP   2  09 07 0  F        13582.08
DP   2  09 07 1  F        14237.58
DP   2  09 08 0  F        15107.43
DP   2  09 08 1  F        15946.69
DP   2  09 09 0  F        16597.02
DP   2  09 09 1  F        16978.38
DP   2  09 10 0  F        17237.57
DP   2  09 10 1  F        17536.03
DP   2  09 11 0  F        17867.01
DP   2  09 11 1  F        18144.44
DP   2  09 12 0  F        18133.25
DP   2  09 12 1  F        17731.12
DP   2  09 13 0  F        17515.86
DP   2  09 13 1  F        17996.10
DP   2  09 14 0  F        18723.75
DP   2  09 14 1  F        19147.65
DP   2  09 15 0  F        19261.10
DP   2  09 15 1  F        19191.59
DP   2  09 16 0  F        19059.07
DP   2  09 16 1  F        18938.56
DP   2  09 17 0  F        18732.98
DP   2  09 17 1  F        18314.80
DP   2  09 18 0  F        17606.74
DP   2  09 18 1  F        16665.83
DP   2  09 19 0  F        16035.83
DP   2  09 19 1  F        16161.73
DP   2  09 20 0  F        16606.61
DP   2  09 20 1  F        16855.64
DP   2  09 21 0  F        16964.40
DP   2  09 21 1  F        17077.49
DP   2  09 22 0  F        17125.36
DP   2  09 22 1  F        17021.10
DP   2  09 23 0  F        16822.67
DP   2  09 23 1  F        16624.24
DP   3  09 00 0  F        14026.90
DP   3  09 00 1  F        13802.10
DP   3  09 01 0  F        13578.39
DP   3  09 01 1  F        13360.82
DP   3  09 02 0  F        13170.37
DP   3  09 02 1  F        13022.48
DP   3  09 03 0  F        12894.46
DP   3  09 03 1  F        12767.99
DP   3  09 04 0  F        12680.31
DP   3  09 04 1  F        12647.35
DP   3  09 05 0  F        12544.27
DP   3  09 05 1  F        12266.48
DP   3  09 06 0  F        11931.02
DP   3  09 06 1  F        11698.97
DP   3  09 07 0  F        11685.78
DP   3  09 07 1  F        11954.10
DP   3  09 08 0  F        12400.98
DP   3  09 08 1  F        12887.82
DP   3  09 09 0  F        13299.17
DP   3  09 09 1  F        13558.50
DP   3  09 10 0  F        13721.85
DP   3  09 10 1  F        13861.81
DP   3  09 11 0  F        13984.34
DP   3  09 11 1  F        14068.51
DP   3  09 12 0  F        14052.22
DP   3  09 12 1  F        13911.59
DP   3  09 13 0  F        13816.53
DP   3  09 13 1  F        13924.48
DP   3  09 14 0  F        14149.31
DP   3  09 14 1  F        14361.43
DP   3  09 15 0  F        14501.21
DP   3  09 15 1  F        14538.76
DP   3  09 16 0  F        14493.44
DP   3  09 16 1  F        14371.91
DP   3  09 17 0  F        14080.74
DP   3  09 17 1  F        13588.77
DP   3  09 18 0  F        13213.86
DP   3  09 18 1  F        13238.13
DP   3  09 19 0  F        13451.59
DP   3  09 19 1  F        13581.23
DP   3  09 20 0  F        13593.99
DP   3  09 20 1  F        13544.76
DP   3  09 21 0  F        13600.37
DP   3  09 21 1  F        13877.96
DP   3  09 22 0  F        14183.91
DP   3  09 22 1  F        14312.40
DP   3  09 23 0  F        14319.44
DP   3  09 23 1  F        14326.47
DP   4  09 00 0  F        7942.94
DP   4  09 00 1  F        7885.77
DP   4  09 01 0  F        7816.65
DP   4  09 01 1  F        7729.76
DP   4  09 02 0  F        7643.81
DP   4  09 02 1  F        7574.67
DP   4  09 03 0  F        7502.28
DP   4  09 03 1  F        7408.44
DP   4  09 04 0  F        7318.30
DP   4  09 04 1  F        7259.87
DP   4  09 05 0  F        7229.18
DP   4  09 05 1  F        7205.44
DP   4  09 06 0  F        7132.68
DP   4  09 06 1  F        6975.14
DP   4  09 07 0  F        6813.26
DP   4  09 07 1  F        6740.99
DP   4  09 08 0  F        6790.27
DP   4  09 08 1  F        6955.37
DP   4  09 09 0  F        7142.19
DP   4  09 09 1  F        7261.87
DP   4  09 10 0  F        7335.10
DP   4  09 10 1  F        7399.18
DP   4  09 11 0  F        7448.38
DP   4  09 11 1  F        7467.98
DP   4  09 12 0  F        7450.45
DP   4  09 12 1  F        7406.02
DP   4  09 13 0  F        7408.85
DP   4  09 13 1  F        7520.53
DP   4  09 14 0  F        7688.70
DP   4  09 14 1  F        7842.86
DP   4  09 15 0  F        7953.92
DP   4  09 15 1  F        8008.04
DP   4  09 16 0  F        8011.04
DP   4  09 16 1  F        7969.71
DP   4  09 17 0  F        7875.08
DP   4  09 17 1  F        7723.57
DP   4  09 18 0  F        7548.94
DP   4  09 18 1  F        7404.07
DP   4  09 19 0  F        7380.90
DP   4  09 19 1  F        7532.14
DP   4  09 20 0  F        7714.51
DP   4  09 20 1  F        7786.48
DP   4  09 21 0  F        7809.63
DP   4  09 21 1  F        7869.90
DP   4  09 22 0  F        7947.38
DP   4  09 22 1  F        8005.86
DP   4  09 23 0  F        8049.76
DP   4  09 23 1  F        8093.66
DP   1  10 00 0  F        47209.66
DP   1  10 00 1  F        45860.66
DP   1  10 01 0  F        44579.62
DP   1  10 01 1  F        43429.52
DP   1  10 02 0  F        42453.35
DP   1  10 02 1  F        41673.89
DP   1  10 03 0  F        41052.92
DP   1  10 03 1  F        40556.20
DP   1  10 04 0  F        40226.36
DP   1  10 04 1  F        40093.92
DP   1  10 05 0  F        40063.98
DP   1  10 05 1  F        40045.37
DP   1  10 06 0  F        40087.23
DP   1  10 06 1  F        40311.23
DP   1  10 07 0  F        40988.81
DP   1  10 07 1  F        42314.08
DP   1  10 08 0  F        44022.13
DP   1  10 08 1  F        45759.37
DP   1  10 09 0  F        47276.30
DP   1  10 09 1  F        48420.39
DP   1  10 10 0  F        49323.02
DP   1  10 10 1  F        50123.93
DP   1  10 11 0  F        50712.53
DP   1  10 11 1  F        50971.96
DP   1  10 12 0  F        51010.40
DP   1  10 12 1  F        51017.71
DP   1  10 13 0  F        51285.37
DP   1  10 13 1  F        52007.75
DP   1  10 14 0  F        52889.08
DP   1  10 14 1  F        53576.37
DP   1  10 15 0  F        53977.86
DP   1  10 15 1  F        54099.84
DP   1  10 16 0  F        54079.50
DP   1  10 16 1  F        53971.94
DP   1  10 17 0  F        53372.95
DP   1  10 17 1  F        51981.32
DP   1  10 18 0  F        50367.25
DP   1  10 18 1  F        49243.58
DP   1  10 19 0  F        49022.46
DP   1  10 19 1  F        49813.71
DP   1  10 20 0  F        50818.42
DP   1  10 20 1  F        51256.01
DP   1  10 21 0  F        51327.98
DP   1  10 21 1  F        51356.52
DP   1  10 22 0  F        51164.35
DP   1  10 22 1  F        50543.31
DP   1  10 23 0  F        49660.86
DP   1  10 23 1  F        48778.41
DP   2  10 00 0  F        15367.54
DP   2  10 00 1  F        14836.34
DP   2  10 01 0  F        14351.90
DP   2  10 01 1  F        13948.57
DP   2  10 02 0  F        13611.09
DP   2  10 02 1  F        13318.20
DP   2  10 03 0  F        13074.20
DP   2  10 03 1  F        12887.39
DP   2  10 04 0  F        12756.56
DP   2  10 04 1  F        12678.43
DP   2  10 05 0  F        12651.01
DP   2  10 05 1  F        12667.36
DP   2  10 06 0  F        12699.34
DP   2  10 06 1  F        12757.06
DP   2  10 07 0  F        13024.69
DP   2  10 07 1  F        13650.71
DP   2  10 08 0  F        14466.93
DP   2  10 08 1  F        15246.46
DP   2  10 09 0  F        15844.30
DP   2  10 09 1  F        16187.49
DP   2  10 10 0  F        16409.25
DP   2  10 10 1  F        16658.24
DP   2  10 11 0  F        16938.67
DP   2  10 11 1  F        17177.55
DP   2  10 12 0  F        17137.61
DP   2  10 12 1  F        16709.10
DP   2  10 13 0  F        16456.69
DP   2  10 13 1  F        16879.59
DP   2  10 14 0  F        17540.76
DP   2  10 14 1  F        17904.55
DP   2  10 15 0  F        17977.01
DP   2  10 15 1  F        17894.31
DP   2  10 16 0  F        17771.41
DP   2  10 16 1  F        17678.51
DP   2  10 17 0  F        17528.09
DP   2  10 17 1  F        17202.01
DP   2  10 18 0  F        16617.38
DP   2  10 18 1  F        15812.49
DP   2  10 19 0  F        15274.84
DP   2  10 19 1  F        15405.60
DP   2  10 20 0  F        15811.24
DP   2  10 20 1  F        16027.69
DP   2  10 21 0  F        16103.56
DP   2  10 21 1  F        16170.20
DP   2  10 22 0  F        16177.35
DP   2  10 22 1  F        16058.25
DP   2  10 23 0  F        15861.58
DP   2  10 23 1  F        15664.92
DP   3  10 00 0  F        13615.68
DP   3  10 00 1  F        13382.92
DP   3  10 01 0  F        13163.70
DP   3  10 01 1  F        12969.37
DP   3  10 02 0  F        12802.64
DP   3  10 02 1  F        12660.23
DP   3  10 03 0  F        12523.81
DP   3  10 03 1  F        12384.66
DP   3  10 04 0  F        12287.55
DP   3  10 04 1  F        12255.57
DP   3  10 05 0  F        12171.53
DP   3  10 05 1  F        11931.63
DP   3  10 06 0  F        11626.01
DP   3  10 06 1  F        11390.72
DP   3  10 07 0  F        11351.66
DP   3  10 07 1  F        11585.83
DP   3  10 08 0  F        11984.89
DP   3  10 08 1  F        12408.81
DP   3  10 09 0  F        12776.34
DP   3  10 09 1  F        13037.86
DP   3  10 10 0  F        13211.73
DP   3  10 10 1  F        13332.31
DP   3  10 11 0  F        13429.94
DP   3  10 11 1  F        13513.91
DP   3  10 12 0  F        13513.16
DP   3  10 12 1  F        13386.27
DP   3  10 13 0  F        13290.63
DP   3  10 13 1  F        13377.89
DP   3  10 14 0  F        13577.65
DP   3  10 14 1  F        13775.12
DP   3  10 15 0  F        13899.99
DP   3  10 15 1  F        13913.03
DP   3  10 16 0  F        13854.93
DP   3  10 16 1  F        13754.95
DP   3  10 17 0  F        13516.77
DP   3  10 17 1  F        13095.19
DP   3  10 18 0  F        12774.90
DP   3  10 18 1  F        12812.86
DP   3  10 19 0  F        13025.12
DP   3  10 19 1  F        13170.11
DP   3  10 20 0  F        13216.62
DP   3  10 20 1  F        13208.42
DP   3  10 21 0  F        13278.97
DP   3  10 21 1  F        13520.99
DP   3  10 22 0  F        13774.55
DP   3  10 22 1  F        13871.40
DP   3  10 23 0  F        13862.50
DP   3  10 23 1  F        13853.59
DP   4  10 00 0  F        7943.50
DP   4  10 00 1  F        7897.03
DP   4  10 01 0  F        7844.41
DP   4  10 01 1  F        7780.81
DP   4  10 02 0  F        7706.65
DP   4  10 02 1  F        7624.41
DP   4  10 03 0  F        7539.70
DP   4  10 03 1  F        7458.25
DP   4  10 04 0  F        7383.39
DP   4  10 04 1  F        7319.63
DP   4  10 05 0  F        7278.59
DP   4  10 05 1  F        7258.24
DP   4  10 06 0  F        7194.88
DP   4  10 06 1  F        7041.70
DP   4  10 07 0  F        6881.21
DP   4  10 07 1  F        6810.92
DP   4  10 08 0  F        6858.88
DP   4  10 08 1  F        7016.47
DP   4  10 09 0  F        7198.01
DP   4  10 09 1  F        7320.87
DP   4  10 10 0  F        7391.88
DP   4  10 10 1  F        7437.58
DP   4  10 11 0  F        7473.88
DP   4  10 11 1  F        7505.97
DP   4  10 12 0  F        7506.88
DP   4  10 12 1  F        7463.09
DP   4  10 13 0  F        7447.19
DP   4  10 13 1  F        7528.58
DP   4  10 14 0  F        7677.76
DP   4  10 14 1  F        7840.89
DP   4  10 15 0  F        7965.49
DP   4  10 15 1  F        8012.69
DP   4  10 16 0  F        7996.45
DP   4  10 16 1  F        7937.52
DP   4  10 17 0  F        7830.74
DP   4  10 17 1  F        7675.67
DP   4  10 18 0  F        7516.62
DP   4  10 18 1  F        7409.16
DP   4  10 19 0  F        7409.07
DP   4  10 19 1  F        7538.44
DP   4  10 20 0  F        7684.44
DP   4  10 20 1  F        7740.48
DP   4  10 21 0  F        7759.66
DP   4  10 21 1  F        7813.51
DP   4  10 22 0  F        7887.42
DP   4  10 22 1  F        7952.62
DP   4  10 23 0  F        8009.77
DP   4  10 23 1  F        8066.93
DP   1  11 00 0  F        47740.39
DP   1  11 00 1  F        46385.55
DP   1  11 01 0  F        45115.32
DP   1  11 01 1  F        43996.77
DP   1  11 02 0  F        43026.75
DP   1  11 02 1  F        42194.79
DP   1  11 03 0  F        41531.34
DP   1  11 03 1  F        41064.87
DP   1  11 04 0  F        40774.78
DP   1  11 04 1  F        40624.53
DP   1  11 05 0  F        40562.85
DP   1  11 05 1  F        40549.32
DP   1  11 06 0  F        40601.50
DP   1  11 06 1  F        40802.70
DP   1  11 07 0  F        41441.21
DP   1  11 07 1  F        42737.11
DP   1  11 08 0  F        44432.66
DP   1  11 08 1  F        46169.56
DP   1  11 09 0  F        47665.14
DP   1  11 09 1  F        48746.83
DP   1  11 10 0  F        49606.98
DP   1  11 10 1  F        50438.34
DP   1  11 11 0  F        51070.30
DP   1  11 11 1  F        51318.75
DP   1  11 12 0  F        51308.68
DP   1  11 12 1  F        51262.54
DP   1  11 13 0  F        51483.46
DP   1  11 13 1  F        52169.60
DP   1  11 14 0  F        53018.71
DP   1  11 14 1  F        53672.08
DP   1  11 15 0  F        54045.61
DP   1  11 15 1  F        54148.83
DP   1  11 16 0  F        54091.00
DP   1  11 16 1  F        53911.06
DP   1  11 17 0  F        53266.83
DP   1  11 17 1  F        51908.74
DP   1  11 18 0  F        50338.77
DP   1  11 18 1  F        49204.59
DP   1  11 19 0  F        48984.90
DP   1  11 19 1  F        49853.04
DP   1  11 20 0  F        50929.80
DP   1  11 20 1  F        51353.87
DP   1  11 21 0  F        51388.09
DP   1  11 21 1  F        51428.65
DP   1  11 22 0  F        51281.02
DP   1  11 22 1  F        50704.23
DP   1  11 23 0  F        49862.24
DP   1  11 23 1  F        49020.26
DP   2  11 00 0  F        14789.27
DP   2  11 00 1  F        14305.74
DP   2  11 01 0  F        13844.12
DP   2  11 01 1  F        13428.32
DP   2  11 02 0  F        13090.24
DP   2  11 02 1  F        12848.56
DP   2  11 03 0  F        12660.98
DP   2  11 03 1  F        12485.39
DP   2  11 04 0  F        12341.25
DP   2  11 04 1  F        12257.30
DP   2  11 05 0  F        12237.72
DP   2  11 05 1  F        12272.13
DP   2  11 06 0  F        12316.26
DP   2  11 06 1  F        12366.41
DP   2  11 07 0  F        12614.89
DP   2  11 07 1  F        13217.64
DP   2  11 08 0  F        13989.18
DP   2  11 08 1  F        14691.72
DP   2  11 09 0  F        15219.78
DP   2  11 09 1  F        15535.62
DP   2  11 10 0  F        15740.19
DP   2  11 10 1  F        15948.21
DP   2  11 11 0  F        16190.88
DP   2  11 11 1  F        16426.55
DP   2  11 12 0  F        16405.90
DP   2  11 12 1  F        15992.85
DP   2  11 13 0  F        15712.03
DP   2  11 13 1  F        16042.30
DP   2  11 14 0  F        16618.72
DP   2  11 14 1  F        16973.91
DP   2  11 15 0  F        17074.61
DP   2  11 15 1  F        17008.49
DP   2  11 16 0  F        16912.70
DP   2  11 16 1  F        16883.61
DP   2  11 17 0  F        16804.89
DP   2  11 17 1  F        16531.24
DP   2  11 18 0  F        16014.22
DP   2  11 18 1  F        15319.87
DP   2  11 19 0  F        14875.33
DP   2  11 19 1  F        15020.54
DP   2  11 20 0  F        15385.49
DP   2  11 20 1  F        15546.47
DP   2  11 21 0  F        15575.16
DP   2  11 21 1  F        15614.54
DP   2  11 22 0  F        15597.59
DP   2  11 22 1  F        15439.34
DP   2  11 23 0  F        15193.15
DP   2  11 23 1  F        14946.96
DP   3  11 00 0  F        13584.55
DP   3  11 00 1  F        13356.13
DP   3  11 01 0  F        13138.88
DP   3  11 01 1  F        12942.30
DP   3  11 02 0  F        12769.22
DP   3  11 02 1  F        12619.28
DP   3  11 03 0  F        12485.87
DP   3  11 03 1  F        12366.63
DP   3  11 04 0  F        12282.28
DP   3  11 04 1  F        12236.20
DP   3  11 05 0  F        12139.29
DP   3  11 05 1  F        11914.16
DP   3  11 06 0  F        11622.59
DP   3  11 06 1  F        11371.14
DP   3  11 07 0  F        11306.09
DP   3  11 07 1  F        11528.04
DP   3  11 08 0  F        11915.03
DP   3  11 08 1  F        12311.78
DP   3  11 09 0  F        12652.19
DP   3  11 09 1  F        12904.04
DP   3  11 10 0  F        13081.62
DP   3  11 10 1  F        13209.90
DP   3  11 11 0  F        13310.39
DP   3  11 11 1  F        13387.49
DP   3  11 12 0  F        13380.78
DP   3  11 12 1  F        13258.91
DP   3  11 13 0  F        13171.59
DP   3  11 13 1  F        13261.02
DP   3  11 14 0  F        13458.53
DP   3  11 14 1  F        13654.26
DP   3  11 15 0  F        13784.49
DP   3  11 15 1  F        13813.46
DP   3  11 16 0  F        13770.90
DP   3  11 16 1  F        13676.96
DP   3  11 17 0  F        13447.74
DP   3  11 17 1  F        13049.21
DP   3  11 18 0  F        12750.61
DP   3  11 18 1  F        12792.55
DP   3  11 19 0  F        12997.70
DP   3  11 19 1  F        13133.64
DP   3  11 20 0  F        13165.57
DP   3  11 20 1  F        13134.85
DP   3  11 21 0  F        13189.88
DP   3  11 21 1  F        13436.72
DP   3  11 22 0  F        13704.88
DP   3  11 22 1  F        13812.85
DP   3  11 23 0  F        13811.66
DP   3  11 23 1  F        13810.48
DP   4  11 00 0  F        7849.67
DP   4  11 00 1  F        7790.22
DP   4  11 01 0  F        7733.83
DP   4  11 01 1  F        7681.40
DP   4  11 02 0  F        7625.18
DP   4  11 02 1  F        7557.07
DP   4  11 03 0  F        7476.05
DP   4  11 03 1  F        7385.45
DP   4  11 04 0  F        7298.87
DP   4  11 04 1  F        7231.49
DP   4  11 05 0  F        7194.61
DP   4  11 05 1  F        7183.20
DP   4  11 06 0  F        7130.81
DP   4  11 06 1  F        6988.11
DP   4  11 07 0  F        6835.59
DP   4  11 07 1  F        6768.11
DP   4  11 08 0  F        6807.96
DP   4  11 08 1  F        6943.85
DP   4  11 09 0  F        7102.58
DP   4  11 09 1  F        7214.34
DP   4  11 10 0  F        7284.63
DP   4  11 10 1  F        7334.76
DP   4  11 11 0  F        7374.00
DP   4  11 11 1  F        7402.74
DP   4  11 12 0  F        7398.06
DP   4  11 12 1  F        7351.54
DP   4  11 13 0  F        7336.16
DP   4  11 13 1  F        7420.09
DP   4  11 14 0  F        7570.88
DP   4  11 14 1  F        7732.51
DP   4  11 15 0  F        7855.27
DP   4  11 15 1  F        7904.39
DP   4  11 16 0  F        7898.48
DP   4  11 16 1  F        7860.85
DP   4  11 17 0  F        7780.19
DP   4  11 17 1  F        7647.75
DP   4  11 18 0  F        7499.68
DP   4  11 18 1  F        7387.35
DP   4  11 19 0  F        7378.10
DP   4  11 19 1  F        7505.43
DP   4  11 20 0  F        7651.62
DP   4  11 20 1  F        7704.02
DP   4  11 21 0  F        7721.47
DP   4  11 21 1  F        7781.17
DP   4  11 22 0  F        7862.26
DP   4  11 22 1  F        7928.91
DP   4  11 23 0  F        7983.56
DP   4  11 23 1  F        8038.22
DP   1  12 00 0  F        47636.96
DP   1  12 00 1  F        46309.52
DP   1  12 01 0  F        45058.75
DP   1  12 01 1  F        43948.79
DP   1  12 02 0  F        42993.61
DP   1  12 02 1  F        42195.54
DP   1  12 03 0  F        41560.57
DP   1  12 03 1  F        41094.35
DP   1  12 04 0  F        40797.58
DP   1  12 04 1  F        40658.93
DP   1  12 05 0  F        40623.92
DP   1  12 05 1  F        40642.53
DP   1  12 06 0  F        40725.69
DP   1  12 06 1  F        40951.33
DP   1  12 07 0  F        41604.58
DP   1  12 07 1  F        42897.51
DP   1  12 08 0  F        44542.96
DP   1  12 08 1  F        46168.50
DP   1  12 09 0  F        47559.96
DP   1  12 09 1  F        48603.50
DP   1  12 10 0  F        49428.30
DP   1  12 10 1  F        50161.31
DP   1  12 11 0  F        50677.67
DP   1  12 11 1  F        50844.88
DP   1  12 12 0  F        50751.80
DP   1  12 12 1  F        50578.94
DP   1  12 13 0  F        50651.85
DP   1  12 13 1  F        51192.73
DP   1  12 14 0  F        51865.16
DP   1  12 14 1  F        52289.54
DP   1  12 15 0  F        52472.18
DP   1  12 15 1  F        52489.52
DP   1  12 16 0  F        52312.47
DP   1  12 16 1  F        51879.83
DP   1  12 17 0  F        51107.39
DP   1  12 17 1  F        49980.30
DP   1  12 18 0  F        48784.20
DP   1  12 18 1  F        47898.04
DP   1  12 19 0  F        47773.40
DP   1  12 19 1  F        48621.49
DP   1  12 20 0  F        49619.48
DP   1  12 20 1  F        49951.77
DP   1  12 21 0  F        49865.79
DP   1  12 21 1  F        49747.41
DP   1  12 22 0  F        49473.25
DP   1  12 22 1  F        48868.26
DP   1  12 23 0  F        48060.04
DP   1  12 23 1  F        47251.81
DP   2  12 00 0  F        13966.56
DP   2  12 00 1  F        13509.12
DP   2  12 01 0  F        13081.36
DP   2  12 01 1  F        12707.59
DP   2  12 02 0  F        12390.65
DP   2  12 02 1  F        12128.78
DP   2  12 03 0  F        11923.40
DP   2  12 03 1  F        11774.01
DP   2  12 04 0  F        11669.31
DP   2  12 04 1  F        11601.10
DP   2  12 05 0  F        11584.55
DP   2  12 05 1  F        11630.45
DP   2  12 06 0  F        11708.95
DP   2  12 06 1  F        11819.07
DP   2  12 07 0  F        12116.17
DP   2  12 07 1  F        12720.69
DP   2  12 08 0  F        13457.23
DP   2  12 08 1  F        14107.52
DP   2  12 09 0  F        14577.68
DP   2  12 09 1  F        14840.75
DP   2  12 10 0  F        15013.07
DP   2  12 10 1  F        15214.26
DP   2  12 11 0  F        15433.76
DP   2  12 11 1  F        15594.55
DP   2  12 12 0  F        15484.02
DP   2  12 12 1  F        15008.43
DP   2  12 13 0  F        14685.15
DP   2  12 13 1  F        14974.88
DP   2  12 14 0  F        15500.49
DP   2  12 14 1  F        15795.89
DP   2  12 15 0  F        15876.88
DP   2  12 15 1  F        15865.60
DP   2  12 16 0  F        15827.50
DP   2  12 16 1  F        15791.89
DP   2  12 17 0  F        15700.03
DP   2  12 17 1  F        15476.59
DP   2  12 18 0  F        15067.89
DP   2  12 18 1  F        14511.93
DP   2  12 19 0  F        14191.82
DP   2  12 19 1  F        14407.50
DP   2  12 20 0  F        14781.02
DP   2  12 20 1  F        14894.00
DP   2  12 21 0  F        14844.05
DP   2  12 21 1  F        14803.67
DP   2  12 22 0  F        14728.86
DP   2  12 22 1  F        14548.87
DP   2  12 23 0  F        14302.59
DP   2  12 23 1  F        14056.32
DP   3  12 00 0  F        13599.95
DP   3  12 00 1  F        13360.64
DP   3  12 01 0  F        13134.88
DP   3  12 01 1  F        12935.19
DP   3  12 02 0  F        12769.89
DP   3  12 02 1  F        12639.86
DP   3  12 03 0  F        12520.30
DP   3  12 03 1  F        12393.38
DP   3  12 04 0  F        12294.82
DP   3  12 04 1  F        12244.89
DP   3  12 05 0  F        12148.61
DP   3  12 05 1  F        11920.10
DP   3  12 06 0  F        11625.26
DP   3  12 06 1  F        11374.21
DP   3  12 07 0  F        11302.27
DP   3  12 07 1  F        11501.25
DP   3  12 08 0  F        11863.88
DP   3  12 08 1  F        12248.05
DP   3  12 09 0  F        12571.42
DP   3  12 09 1  F        12786.75
DP   3  12 10 0  F        12927.27
DP   3  12 10 1  F        13039.17
DP   3  12 11 0  F        13139.96
DP   3  12 11 1  F        13224.88
DP   3  12 12 0  F        13228.68
DP   3  12 12 1  F        13114.80
DP   3  12 13 0  F        13021.78
DP   3  12 13 1  F        13085.03
DP   3  12 14 0  F        13252.19
DP   3  12 14 1  F        13429.42
DP   3  12 15 0  F        13544.72
DP   3  12 15 1  F        13552.38
DP   3  12 16 0  F        13490.16
DP   3  12 16 1  F        13389.74
DP   3  12 17 0  F        13175.34
DP   3  12 17 1  F        12817.27
DP   3  12 18 0  F        12577.87
DP   3  12 18 1  F        12685.46
DP   3  12 19 0  F        12940.19
DP   3  12 19 1  F        13091.91
DP   3  12 20 0  F        13117.42
DP   3  12 20 1  F        13073.23
DP   3  12 21 0  F        13107.72
DP   3  12 21 1  F        13326.69
DP   3  12 22 0  F        13573.78
DP   3  12 22 1  F        13680.26
DP   3  12 23 0  F        13689.87
DP   3  12 23 1  F        13699.47
DP   4  12 00 0  F        7832.78
DP   4  12 00 1  F        7775.88
DP   4  12 01 0  F        7718.11
DP   4  12 01 1  F        7658.71
DP   4  12 02 0  F        7597.42
DP   4  12 02 1  F        7533.11
DP   4  12 03 0  F        7460.77
DP   4  12 03 1  F        7378.18
DP   4  12 04 0  F        7298.11
DP   4  12 04 1  F        7235.33
DP   4  12 05 0  F        7197.66
DP   4  12 05 1  F        7178.35
DP   4  12 06 0  F        7119.43
DP   4  12 06 1  F        6979.41
DP   4  12 07 0  F        6833.88
DP   4  12 07 1  F        6770.34
DP   4  12 08 0  F        6806.70
DP   4  12 08 1  F        6929.75
DP   4  12 09 0  F        7071.38
DP   4  12 09 1  F        7167.33
DP   4  12 10 0  F        7223.80
DP   4  12 10 1  F        7262.85
DP   4  12 11 0  F        7299.47
DP   4  12 11 1  F        7337.42
DP   4  12 12 0  F        7342.41
DP   4  12 12 1  F        7293.88
DP   4  12 13 0  F        7264.15
DP   4  12 13 1  F        7325.18
DP   4  12 14 0  F        7454.67
DP   4  12 14 1  F        7605.07
DP   4  12 15 0  F        7722.14
DP   4  12 15 1  F        7765.38
DP   4  12 16 0  F        7755.67
DP   4  12 16 1  F        7718.80
DP   4  12 17 0  F        7638.55
DP   4  12 17 1  F        7503.28
DP   4  12 18 0  F        7361.61
DP   4  12 18 1  F        7273.54
DP   4  12 19 0  F        7284.31
DP   4  12 19 1  F        7406.66
DP   4  12 20 0  F        7538.23
DP   4  12 20 1  F        7584.01
DP   4  12 21 0  F        7593.70
DP   4  12 21 1  F        7634.52
DP   4  12 22 0  F        7699.21
DP   4  12 22 1  F        7766.36
DP   4  12 23 0  F        7832.50
DP   4  12 23 1  F        7898.63
DP   1  13 00 0  F        46091.35
DP   1  13 00 1  F        44903.18
DP   1  13 01 0  F        43777.57
DP   1  13 01 1  F        42764.44
DP   1  13 02 0  F        41863.05
DP   1  13 02 1  F        41067.07
DP   1  13 03 0  F        40398.25
DP   1  13 03 1  F        39880.69
DP   1  13 04 0  F        39519.43
DP   1  13 04 1  F        39292.78
DP   1  13 05 0  F        39090.96
DP   1  13 05 1  F        38804.50
DP   1  13 06 0  F        38413.32
DP   1  13 06 1  F        37998.81
DP   1  13 07 0  F        37959.12
DP   1  13 07 1  F        38611.33
DP   1  13 08 0  F        39631.67
DP   1  13 08 1  F        40617.32
DP   1  13 09 0  F        41490.09
DP   1  13 09 1  F        42250.58
DP   1  13 10 0  F        42889.84
DP   1  13 10 1  F        43392.63
DP   1  13 11 0  F        43728.07
DP   1  13 11 1  F        43888.48
DP   1  13 12 0  F        43974.61
DP   1  13 12 1  F        44084.31
DP   1  13 13 0  F        44195.49
DP   1  13 13 1  F        44262.84
DP   1  13 14 0  F        44267.97
DP   1  13 14 1  F        44214.06
DP   1  13 15 0  F        44163.63
DP   1  13 15 1  F        44174.38
DP   1  13 16 0  F        44225.33
DP   1  13 16 1  F        44269.40
DP   1  13 17 0  F        44233.62
DP   1  13 17 1  F        44095.59
DP   1  13 18 0  F        44061.04
DP   1  13 18 1  F        44373.28
DP   1  13 19 0  F        45197.85
DP   1  13 19 1  F        46511.94
DP   1  13 20 0  F        47617.09
DP   1  13 20 1  F        47870.96
DP   1  13 21 0  F        47531.14
DP   1  13 21 1  F        46995.46
DP   1  13 22 0  F        46322.62
DP   1  13 22 1  F        45504.50
DP   1  13 23 0  F        44604.76
DP   1  13 23 1  F        43705.02
DP   2  13 00 0  F        13744.67
DP   2  13 00 1  F        13276.41
DP   2  13 01 0  F        12840.12
DP   2  13 01 1  F        12461.39
DP   2  13 02 0  F        12140.29
DP   2  13 02 1  F        11871.44
DP   2  13 03 0  F        11653.34
DP   2  13 03 1  F        11485.85
DP   2  13 04 0  F        11370.43
DP   2  13 04 1  F        11304.03
DP   2  13 05 0  F        11263.77
DP   2  13 05 1  F        11222.35
DP   2  13 06 0  F        11154.51
DP   2  13 06 1  F        11076.98
DP   2  13 07 0  F        11172.47
DP   2  13 07 1  F        11585.50
DP   2  13 08 0  F        12141.88
DP   2  13 08 1  F        12626.56
DP   2  13 09 0  F        12979.95
DP   2  13 09 1  F        13201.69
DP   2  13 10 0  F        13373.15
DP   2  13 10 1  F        13575.22
DP   2  13 11 0  F        13805.38
DP   2  13 11 1  F        14017.96
DP   2  13 12 0  F        14078.01
DP   2  13 12 1  F        13913.66
DP   2  13 13 0  F        13794.75
DP   2  13 13 1  F        13970.31
DP   2  13 14 0  F        14264.44
DP   2  13 14 1  F        14446.93
DP   2  13 15 0  F        14495.28
DP   2  13 15 1  F        14451.66
DP   2  13 16 0  F        14409.27
DP   2  13 16 1  F        14443.57
DP   2  13 17 0  F        14508.05
DP   2  13 17 1  F        14521.73
DP   2  13 18 0  F        14387.67
DP   2  13 18 1  F        14093.98
DP   2  13 19 0  F        13984.93
DP   2  13 19 1  F        14334.24
DP   2  13 20 0  F        14777.44
DP   2  13 20 1  F        14913.12
DP   2  13 21 0  F        14830.34
DP   2  13 21 1  F        14697.06
DP   2  13 22 0  F        14506.21
DP   2  13 22 1  F        14224.47
DP   2  13 23 0  F        13888.55
DP   2  13 23 1  F        13552.62
DP   3  13 00 0  F        13437.03
DP   3  13 00 1  F        13251.26
DP   3  13 01 0  F        13064.28
DP   3  13 01 1  F        12879.39
DP   3  13 02 0  F        12718.02
DP   3  13 02 1  F        12594.72
DP   3  13 03 0  F        12478.42
DP   3  13 03 1  F        12344.31
DP   3  13 04 0  F        12238.04
DP   3  13 04 1  F        12188.12
DP   3  13 05 0  F        12083.92
DP   3  13 05 1  F        11823.25
DP   3  13 06 0  F        11476.80
DP   3  13 06 1  F        11158.04
DP   3  13 07 0  F        10978.71
DP   3  13 07 1  F        11011.78
DP   3  13 08 0  F        11176.74
DP   3  13 08 1  F        11365.20
DP   3  13 09 0  F        11510.68
DP   3  13 09 1  F        11578.05
DP   3  13 10 0  F        11615.62
DP   3  13 10 1  F        11676.93
DP   3  13 11 0  F        11753.08
DP   3  13 11 1  F        11817.46
DP   3  13 12 0  F        11835.16
DP   3  13 12 1  F        11789.86
DP   3  13 13 0  F        11747.79
DP   3  13 13 1  F        11771.47
DP   3  13 14 0  F        11825.92
DP   3  13 14 1  F        11862.51
DP   3  13 15 0  F        11875.38
DP   3  13 15 1  F        11868.51
DP   3  13 16 0  F        11842.40
DP   3  13 16 1  F        11798.60
DP   3  13 17 0  F        11746.44
DP   3  13 17 1  F        11730.76
DP   3  13 18 0  F        11930.73
DP   3  13 18 1  F        12454.38
DP   3  13 19 0  F        12991.05
DP   3  13 19 1  F        13225.20
DP   3  13 20 0  F        13240.53
DP   3  13 20 1  F        13199.23
DP   3  13 21 0  F        13178.26
DP   3  13 21 1  F        13211.27
DP   3  13 22 0  F        13243.95
DP   3  13 22 1  F        13219.10
DP   3  13 23 0  F        13155.94
DP   3  13 23 1  F        13092.78
DP   4  13 00 0  F        7611.33
DP   4  13 00 1  F        7587.15
DP   4  13 01 0  F        7556.94
DP   4  13 01 1  F        7515.46
DP   4  13 02 0  F        7460.56
DP   4  13 02 1  F        7392.92
DP   4  13 03 0  F        7321.56
DP   4  13 03 1  F        7254.60
DP   4  13 04 0  F        7188.39
DP   4  13 04 1  F        7121.78
DP   4  13 05 0  F        7075.61
DP   4  13 05 1  F        7058.28
DP   4  13 06 0  F        7006.63
DP   4  13 06 1  F        6868.86
DP   4  13 07 0  F        6710.15
DP   4  13 07 1  F        6608.64
DP   4  13 08 0  F        6577.20
DP   4  13 08 1  F        6604.72
DP   4  13 09 0  F        6649.42
DP   4  13 09 1  F        6674.14
DP   4  13 10 0  F        6690.67
DP   4  13 10 1  F        6716.50
DP   4  13 11 0  F        6742.97
DP   4  13 11 1  F        6756.82
DP   4  13 12 0  F        6752.67
DP   4  13 12 1  F        6733.48
DP   4  13 13 0  F        6727.70
DP   4  13 13 1  F        6762.65
DP   4  13 14 0  F        6835.57
DP   4  13 14 1  F        6930.60
DP   4  13 15 0  F        7009.53
DP   4  13 15 1  F        7040.46
DP   4  13 16 0  F        7039.11
DP   4  13 16 1  F        7025.33
DP   4  13 17 0  F        6988.00
DP   4  13 17 1  F        6923.30
DP   4  13 18 0  F        6887.75
DP   4  13 18 1  F        6937.97
DP   4  13 19 0  F        7070.92
DP   4  13 19 1  F        7254.56
DP   4  13 20 0  F        7400.86
DP   4  13 20 1  F        7439.77
DP   4  13 21 0  F        7429.22
DP   4  13 21 1  F        7440.21
DP   4  13 22 0  F        7467.93
DP   4  13 22 1  F        7493.19
DP   4  13 23 0  F        7514.94
DP   4  13 23 1  F        7536.69
DP   1  14 00 0  F        43132.00
DP   1  14 00 1  F        42135.17
DP   1  14 01 0  F        41166.23
DP   1  14 01 1  F        40252.57
DP   1  14 02 0  F        39419.52
DP   1  14 02 1  F        38687.31
DP   1  14 03 0  F        38057.76
DP   1  14 03 1  F        37531.46
DP   1  14 04 0  F        37122.64
DP   1  14 04 1  F        36821.69
DP   1  14 05 0  F        36509.96
DP   1  14 05 1  F        36070.26
DP   1  14 06 0  F        35500.04
DP   1  14 06 1  F        34890.45
DP   1  14 07 0  F        34592.70
DP   1  14 07 1  F        34893.03
DP   1  14 08 0  F        35557.64
DP   1  14 08 1  F        36276.64
DP   1  14 09 0  F        36955.74
DP   1  14 09 1  F        37566.62
DP   1  14 10 0  F        38129.33
DP   1  14 10 1  F        38664.65
DP   1  14 11 0  F        39147.96
DP   1  14 11 1  F        39551.79
DP   1  14 12 0  F        39882.64
DP   1  14 12 1  F        40153.06
DP   1  14 13 0  F        40365.86
DP   1  14 13 1  F        40518.69
DP   1  14 14 0  F        40598.24
DP   1  14 14 1  F        40607.01
DP   1  14 15 0  F        40621.56
DP   1  14 15 1  F        40723.13
DP   1  14 16 0  F        40937.54
DP   1  14 16 1  F        41252.83
DP   1  14 17 0  F        41561.20
DP   1  14 17 1  F        41769.09
DP   1  14 18 0  F        41935.72
DP   1  14 18 1  F        42209.17
DP   1  14 19 0  F        42940.27
DP   1  14 19 1  F        44309.24
DP   1  14 20 0  F        45611.37
DP   1  14 20 1  F        46153.86
DP   1  14 21 0  F        46176.76
DP   1  14 21 1  F        46058.27
DP   1  14 22 0  F        45796.60
DP   1  14 22 1  F        45331.04
DP   1  14 23 0  F        44745.47
DP   1  14 23 1  F        44159.91
DP   2  14 00 0  F        13330.08
DP   2  14 00 1  F        12920.96
DP   2  14 01 0  F        12536.67
DP   2  14 01 1  F        12196.29
DP   2  14 02 0  F        11895.85
DP   2  14 02 1  F        11628.54
DP   2  14 03 0  F        11399.18
DP   2  14 03 1  F        11214.07
DP   2  14 04 0  F        11073.68
DP   2  14 04 1  F        10972.02
DP   2  14 05 0  F        10883.03
DP   2  14 05 1  F        10775.41
DP   2  14 06 0  F        10616.80
DP   2  14 06 1  F        10418.95
DP   2  14 07 0  F        10370.83
DP   2  14 07 1  F        10628.16
DP   2  14 08 0  F        11036.46
DP   2  14 08 1  F        11402.96
DP   2  14 09 0  F        11692.11
DP   2  14 09 1  F        11917.07
DP   2  14 10 0  F        12128.61
DP   2  14 10 1  F        12371.88
DP   2  14 11 0  F        12632.05
DP   2  14 11 1  F        12865.94
DP   2  14 12 0  F        12976.98
DP   2  14 12 1  F        12917.54
DP   2  14 13 0  F        12888.96
DP   2  14 13 1  F        13074.19
DP   2  14 14 0  F        13333.40
DP   2  14 14 1  F        13491.00
DP   2  14 15 0  F        13550.88
DP   2  14 15 1  F        13561.47
DP   2  14 16 0  F        13569.70
DP   2  14 16 1  F        13612.98
DP   2  14 17 0  F        13692.04
DP   2  14 17 1  F        13774.24
DP   2  14 18 0  F        13730.13
DP   2  14 18 1  F        13508.50
DP   2  14 19 0  F        13467.98
DP   2  14 19 1  F        13901.97
DP   2  14 20 0  F        14432.98
DP   2  14 20 1  F        14644.58
DP   2  14 21 0  F        14635.20
DP   2  14 21 1  F        14586.42
DP   2  14 22 0  F        14497.41
DP   2  14 22 1  F        14336.72
DP   2  14 23 0  F        14132.70
DP   2  14 23 1  F        13928.68
DP   3  14 00 0  F        13103.50
DP   3  14 00 1  F        12931.02
DP   3  14 01 0  F        12766.36
DP   3  14 01 1  F        12614.43
DP   3  14 02 0  F        12468.63
DP   3  14 02 1  F        12322.86
DP   3  14 03 0  F        12184.75
DP   3  14 03 1  F        12065.63
DP   3  14 04 0  F        11978.11
DP   3  14 04 1  F        11914.05
DP   3  14 05 0  F        11781.21
DP   3  14 05 1  F        11500.87
DP   3  14 06 0  F        11132.58
DP   3  14 06 1  F        10773.16
DP   3  14 07 0  F        10530.05
DP   3  14 07 1  F        10474.39
DP   3  14 08 0  F        10521.42
DP   3  14 08 1  F        10568.71
DP   3  14 09 0  F        10599.19
DP   3  14 09 1  F        10618.59
DP   3  14 10 0  F        10638.74
DP   3  14 10 1  F        10672.44
DP   3  14 11 0  F        10730.41
DP   3  14 11 1  F        10813.02
DP   3  14 12 0  F        10881.09
DP   3  14 12 1  F        10901.48
DP   3  14 13 0  F        10904.44
DP   3  14 13 1  F        10926.72
DP   3  14 14 0  F        10967.42
DP   3  14 14 1  F        11014.70
DP   3  14 15 0  F        11050.52
DP   3  14 15 1  F        11062.91
DP   3  14 16 0  F        11070.49
DP   3  14 16 1  F        11090.42
DP   3  14 17 0  F        11103.63
DP   3  14 17 1  F        11126.61
DP   3  14 18 0  F        11354.22
DP   3  14 18 1  F        11913.90
DP   3  14 19 0  F        12484.90
DP   3  14 19 1  F        12741.76
DP   3  14 20 0  F        12788.31
DP   3  14 20 1  F        12804.17
DP   3  14 21 0  F        12842.87
DP   3  14 21 1  F        12914.22
DP   3  14 22 0  F        12979.08
DP   3  14 22 1  F        12999.46
DP   3  14 23 0  F        12990.92
DP   3  14 23 1  F        12982.38
DP   4  14 00 0  F        7290.24
DP   4  14 00 1  F        7246.04
DP   4  14 01 0  F        7203.51
DP   4  14 01 1  F        7163.14
DP   4  14 02 0  F        7120.84
DP   4  14 02 1  F        7072.33
DP   4  14 03 0  F        7017.38
DP   4  14 03 1  F        6957.16
DP   4  14 04 0  F        6894.51
DP   4  14 04 1  F        6834.72
DP   4  14 05 0  F        6791.18
DP   4  14 05 1  F        6765.46
DP   4  14 06 0  F        6703.83
DP   4  14 06 1  F        6563.54
DP   4  14 07 0  F        6400.94
DP   4  14 07 1  F        6281.08
DP   4  14 08 0  F        6204.63
DP   4  14 08 1  F        6156.95
DP   4  14 09 0  F        6126.55
DP   4  14 09 1  F        6103.48
DP   4  14 10 0  F        6080.89
DP   4  14 10 1  F        6057.11
DP   4  14 11 0  F        6048.02
DP   4  14 11 1  F        6065.33
DP   4  14 12 0  F        6086.63
DP   4  14 12 1  F        6091.67
DP   4  14 13 0  F        6103.17
DP   4  14 13 1  F        6146.38
DP   4  14 14 0  F        6213.80
DP   4  14 14 1  F        6289.44
DP   4  14 15 0  F        6355.97
DP   4  14 15 1  F        6400.10
DP   4  14 16 0  F        6425.90
DP   4  14 16 1  F        6440.18
DP   4  14 17 0  F        6443.52
DP   4  14 17 1  F        6442.82
DP   4  14 18 0  F        6476.66
DP   4  14 18 1  F        6581.16
DP   4  14 19 0  F        6751.02
DP   4  14 19 1  F        6956.78
DP   4  14 20 0  F        7113.80
DP   4  14 20 1  F        7156.98
DP   4  14 21 0  F        7154.55
DP   4  14 21 1  F        7185.51
DP   4  14 22 0  F        7238.51
DP   4  14 22 1  F        7286.26
DP   4  14 23 0  F        7328.06
DP   4  14 23 1  F        7369.87
DP   1  15 00 0  F        43256.35
DP   1  15 00 1  F        42194.66
DP   1  15 01 0  F        41199.64
DP   1  15 01 1  F        40325.32
DP   1  15 02 0  F        39575.01
DP   1  15 02 1  F        38941.72
DP   1  15 03 0  F        38427.75
DP   1  15 03 1  F        38041.49
DP   1  15 04 0  F        37806.33
DP   1  15 04 1  F        37731.68
DP   1  15 05 0  F        37755.93
DP   1  15 05 1  F        37833.98
DP   1  15 06 0  F        38057.69
DP   1  15 06 1  F        38562.52
DP   1  15 07 0  F        39521.41
DP   1  15 07 1  F        41036.13
DP   1  15 08 0  F        42886.23
DP   1  15 08 1  F        44779.19
DP   1  15 09 0  F        46456.34
DP   1  15 09 1  F        47742.93
DP   1  15 10 0  F        48766.33
DP   1  15 10 1  F        49667.77
DP   1  15 11 0  F        50342.13
DP   1  15 11 1  F        50667.75
DP   1  15 12 0  F        50703.41
DP   1  15 12 1  F        50609.86
DP   1  15 13 0  F        50775.42
DP   1  15 13 1  F        51477.02
DP   1  15 14 0  F        52318.59
DP   1  15 14 1  F        52853.22
DP   1  15 15 0  F        53103.77
DP   1  15 15 1  F        53200.84
DP   1  15 16 0  F        53236.40
DP   1  15 16 1  F        53186.52
DP   1  15 17 0  F        52602.33
DP   1  15 17 1  F        51157.58
DP   1  15 18 0  F        49441.35
DP   1  15 18 1  F        48216.86
DP   1  15 19 0  F        48028.54
DP   1  15 19 1  F        49069.86
DP   1  15 20 0  F        50349.39
DP   1  15 20 1  F        50894.71
DP   1  15 21 0  F        50994.43
DP   1  15 21 1  F        51086.52
DP   1  15 22 0  F        50945.38
DP   1  15 22 1  F        50296.80
DP   1  15 23 0  F        49335.84
DP   1  15 23 1  F        48374.88
DP   2  15 00 0  F        13834.15
DP   2  15 00 1  F        13469.46
DP   2  15 01 0  F        13130.47
DP   2  15 01 1  F        12837.31
DP   2  15 02 0  F        12587.65
DP   2  15 02 1  F        12374.99
DP   2  15 03 0  F        12198.74
DP   2  15 03 1  F        12059.58
DP   2  15 04 0  F        11957.59
DP   2  15 04 1  F        11895.39
DP   2  15 05 0  F        11886.40
DP   2  15 05 1  F        11935.24
DP   2  15 06 0  F        12000.55
DP   2  15 06 1  F        12080.64
DP   2  15 07 0  F        12378.51
DP   2  15 07 1  F        13057.01
DP   2  15 08 0  F        13913.74
DP   2  15 08 1  F        14694.59
DP   2  15 09 0  F        15303.94
DP   2  15 09 1  F        15715.20
DP   2  15 10 0  F        16019.57
DP   2  15 10 1  F        16320.49
DP   2  15 11 0  F        16652.67
DP   2  15 11 1  F        16976.32
DP   2  15 12 0  F        17022.49
DP   2  15 12 1  F        16649.75
DP   2  15 13 0  F        16455.80
DP   2  15 13 1  F        16973.87
DP   2  15 14 0  F        17740.04
DP   2  15 14 1  F        18185.80
DP   2  15 15 0  F        18321.48
DP   2  15 15 1  F        18293.25
DP   2  15 16 0  F        18212.01
DP   2  15 16 1  F        18142.96
DP   2  15 17 0  F        18004.03
DP   2  15 17 1  F        17676.53
DP   2  15 18 0  F        17042.65
DP   2  15 18 1  F        16129.77
DP   2  15 19 0  F        15545.16
DP   2  15 19 1  F        15783.58
DP   2  15 20 0  F        16309.85
DP   2  15 20 1  F        16516.13
DP   2  15 21 0  F        16533.86
DP   2  15 21 1  F        16600.10
DP   2  15 22 0  F        16634.94
DP   2  15 22 1  F        16521.67
DP   2  15 23 0  F        16313.13
DP   2  15 23 1  F        16104.59
DP   3  15 00 0  F        13000.58
DP   3  15 00 1  F        12793.72
DP   3  15 01 0  F        12591.45
DP   3  15 01 1  F        12401.14
DP   3  15 02 0  F        12241.18
DP   3  15 02 1  F        12123.62
DP   3  15 03 0  F        12024.14
DP   3  15 03 1  F        11921.71
DP   3  15 04 0  F        11844.90
DP   3  15 04 1  F        11806.96
DP   3  15 05 0  F        11710.19
DP   3  15 05 1  F        11474.18
DP   3  15 06 0  F        11198.58
DP   3  15 06 1  F        11019.14
DP   3  15 07 0  F        11036.00
DP   3  15 07 1  F        11305.20
DP   3  15 08 0  F        11741.95
DP   3  15 08 1  F        12224.81
DP   3  15 09 0  F        12626.42
DP   3  15 09 1  F        12859.29
DP   3  15 10 0  F        13001.09
DP   3  15 10 1  F        13144.57
DP   3  15 11 0  F        13277.54
DP   3  15 11 1  F        13359.00
DP   3  15 12 0  F        13337.69
DP   3  15 12 1  F        13203.99
DP   3  15 13 0  F        13125.18
DP   3  15 13 1  F        13250.38
DP   3  15 14 0  F        13479.21
DP   3  15 14 1  F        13671.89
DP   3  15 15 0  F        13780.54
DP   3  15 15 1  F        13792.24
DP   3  15 16 0  F        13742.18
DP   3  15 16 1  F        13650.31
DP   3  15 17 0  F        13427.77
DP   3  15 17 1  F        13038.83
DP   3  15 18 0  F        12769.06
DP   3  15 18 1  F        12864.85
DP   3  15 19 0  F        13094.40
DP   3  15 19 1  F        13180.00
DP   3  15 20 0  F        13138.54
DP   3  15 20 1  F        13073.69
DP   3  15 21 0  F        13141.70
DP   3  15 21 1  F        13435.08
DP   3  15 22 0  F        13738.66
DP   3  15 22 1  F        13832.50
DP   3  15 23 0  F        13785.39
DP   3  15 23 1  F        13738.29
DP   4  15 00 0  F        7384.01
DP   4  15 00 1  F        7329.64
DP   4  15 01 0  F        7279.91
DP   4  15 01 1  F        7237.16
DP   4  15 02 0  F        7194.75
DP   4  15 02 1  F        7144.90
DP   4  15 03 0  F        7084.52
DP   4  15 03 1  F        7014.05
DP   4  15 04 0  F        6943.60
DP   4  15 04 1  F        6885.95
DP   4  15 05 0  F        6855.15
DP   4  15 05 1  F        6849.75
DP   4  15 06 0  F        6805.12
DP   4  15 06 1  F        6673.65
DP   4  15 07 0  F        6538.82
DP   4  15 07 1  F        6496.61
DP   4  15 08 0  F        6561.61
DP   4  15 08 1  F        6714.69
DP   4  15 09 0  F        6882.98
DP   4  15 09 1  F        6998.92
DP   4  15 10 0  F        7069.87
DP   4  15 10 1  F        7118.80
DP   4  15 11 0  F        7156.27
DP   4  15 11 1  F        7184.08
DP   4  15 12 0  F        7181.50
DP   4  15 12 1  F        7140.83
DP   4  15 13 0  F        7129.02
DP   4  15 13 1  F        7209.39
DP   4  15 14 0  F        7356.09
DP   4  15 14 1  F        7519.79
DP   4  15 15 0  F        7646.40
DP   4  15 15 1  F        7696.09
DP   4  15 16 0  F        7690.81
DP   4  15 16 1  F        7657.74
DP   4  15 17 0  F        7583.05
DP   4  15 17 1  F        7453.87
DP   4  15 18 0  F        7302.07
DP   4  15 18 1  F        7178.45
DP   4  15 19 0  F        7164.67
DP   4  15 19 1  F        7305.25
DP   4  15 20 0  F        7465.42
DP   4  15 20 1  F        7514.92
DP   4  15 21 0  F        7521.03
DP   4  15 21 1  F        7572.89
DP   4  15 22 0  F        7649.75
DP   4  15 22 1  F        7713.33
DP   4  15 23 0  F        7765.30
DP   4  15 23 1  F        7817.26
