&   CARGA
&
&   ss  di hi m df hf m Demanda
&X  XX  XX XX X XX XX X XXXXXXXXXX
DP   1  12 00 0  F        46550.77
DP   1  12 00 1  F        45231.05
DP   1  12 01 0  F        43973.53
DP   1  12 01 1  F        42837.36
DP   1  12 02 0  F        41869.54
DP   1  12 02 1  F        41099.82
DP   1  12 03 0  F        40501.22
DP   1  12 03 1  F        40044.17
DP   1  12 04 0  F        39745.59
DP   1  12 04 1  F        39619.33
DP   1  12 05 0  F        39620.52
DP   1  12 05 1  F        39700.00
DP   1  12 06 0  F        39850.24
DP   1  12 06 1  F        40124.04
DP   1  12 07 0  F        40773.73
DP   1  12 07 1  F        41987.18
DP   1  12 08 0  F        43494.75
DP   1  12 08 1  F        44954.72
DP   1  12 09 0  F        46194.59
DP   1  12 09 1  F        47129.31
DP   1  12 10 0  F        47854.62
DP   1  12 10 1  F        48466.70
DP   1  12 11 0  F        48882.89
DP   1  12 11 1  F        49011.11
DP   1  12 12 0  F        48900.30
DP   1  12 12 1  F        48681.77
DP   1  12 13 0  F        48675.27
DP   1  12 13 1  F        49111.22
DP   1  12 14 0  F        49674.37
DP   1  12 14 1  F        50008.10
DP   1  12 15 0  F        50136.12
DP   1  12 15 1  F        50144.98
DP   1  12 16 0  F        49992.52
DP   1  12 16 1  F        49611.06
DP   1  12 17 0  F        48959.82
DP   1  12 17 1  F        48052.55
DP   1  12 18 0  F        47094.31
DP   1  12 18 1  F        46370.86
DP   1  12 19 0  F        46299.30
DP   1  12 19 1  F        47093.06
DP   1  12 20 0  F        48019.51
DP   1  12 20 1  F        48340.33
DP   1  12 21 0  F        48240.48
DP   1  12 21 1  F        48036.33
DP   1  12 22 0  F        47646.54
DP   1  12 22 1  F        46950.99
DP   1  12 23 0  F        46072.25
DP   1  12 23 1  F        45193.51
DP   2  12 00 0  F        13635.68
DP   2  12 00 1  F        13162.40
DP   2  12 01 0  F        12735.12
DP   2  12 01 1  F        12387.37
DP   2  12 02 0  F        12102.69
DP   2  12 02 1  F        11857.70
DP   2  12 03 0  F        11651.46
DP   2  12 03 1  F        11488.28
DP   2  12 04 0  F        11371.14
DP   2  12 04 1  F        11302.80
DP   2  12 05 0  F        11286.38
DP   2  12 05 1  F        11318.23
DP   2  12 06 0  F        11367.44
DP   2  12 06 1  F        11435.06
DP   2  12 07 0  F        11677.54
DP   2  12 07 1  F        12217.60
DP   2  12 08 0  F        12887.63
DP   2  12 08 1  F        13479.91
DP   2  12 09 0  F        13916.54
DP   2  12 09 1  F        14179.21
DP   2  12 10 0  F        14358.23
DP   2  12 10 1  F        14550.72
DP   2  12 11 0  F        14772.65
DP   2  12 11 1  F        14973.86
DP   2  12 12 0  F        14920.96
DP   2  12 12 1  F        14487.00
DP   2  12 13 0  F        14154.05
DP   2  12 13 1  F        14365.72
DP   2  12 14 0  F        14802.62
DP   2  12 14 1  F        15057.66
DP   2  12 15 0  F        15135.80
DP   2  12 15 1  F        15131.30
DP   2  12 16 0  F        15083.66
DP   2  12 16 1  F        15011.90
DP   2  12 17 0  F        14908.08
DP   2  12 17 1  F        14745.03
DP   2  12 18 0  F        14445.77
DP   2  12 18 1  F        14006.42
DP   2  12 19 0  F        13765.55
DP   2  12 19 1  F        14000.47
DP   2  12 20 0  F        14400.99
DP   2  12 20 1  F        14609.31
DP   2  12 21 0  F        14664.52
DP   2  12 21 1  F        14672.23
DP   2  12 22 0  F        14607.07
DP   2  12 22 1  F        14431.54
DP   2  12 23 0  F        14190.52
DP   2  12 23 1  F        13949.51
DP   3  12 00 0  F        13907.37
DP   3  12 00 1  F        13662.61
DP   3  12 01 0  F        13431.16
DP   3  12 01 1  F        13225.26
DP   3  12 02 0  F        13052.92
DP   3  12 02 1  F        12914.99
DP   3  12 03 0  F        12788.02
DP   3  12 03 1  F        12655.99
DP   3  12 04 0  F        12556.92
DP   3  12 04 1  F        12510.61
DP   3  12 05 0  F        12409.91
DP   3  12 05 1  F        12161.59
DP   3  12 06 0  F        11855.07
DP   3  12 06 1  F        11621.44
DP   3  12 07 0  F        11575.76
DP   3  12 07 1  F        11789.08
DP   3  12 08 0  F        12172.37
DP   3  12 08 1  F        12601.52
DP   3  12 09 0  F        12972.03
DP   3  12 09 1  F        13212.82
DP   3  12 10 0  F        13366.91
DP   3  12 10 1  F        13494.58
DP   3  12 11 0  F        13611.06
DP   3  12 11 1  F        13705.59
DP   3  12 12 0  F        13708.52
DP   3  12 12 1  F        13583.14
DP   3  12 13 0  F        13483.15
DP   3  12 13 1  F        13556.58
DP   3  12 14 0  F        13738.26
DP   3  12 14 1  F        13920.69
DP   3  12 15 0  F        14040.45
DP   3  12 15 1  F        14060.95
DP   3  12 16 0  F        14009.15
DP   3  12 16 1  F        13902.68
DP   3  12 17 0  F        13658.30
DP   3  12 17 1  F        13245.88
DP   3  12 18 0  F        12948.69
DP   3  12 18 1  F        13015.40
DP   3  12 19 0  F        13243.17
DP   3  12 19 1  F        13374.74
DP   3  12 20 0  F        13386.89
DP   3  12 20 1  F        13337.82
DP   3  12 21 0  F        13377.39
DP   3  12 21 1  F        13610.96
DP   3  12 22 0  F        13874.17
DP   3  12 22 1  F        13990.71
DP   3  12 23 0  F        14006.17
DP   3  12 23 1  F        14021.63
DP   4  12 00 0  F        7577.40
DP   4  12 00 1  F        7534.11
DP   4  12 01 0  F        7479.39
DP   4  12 01 1  F        7407.78
DP   4  12 02 0  F        7337.78
DP   4  12 02 1  F        7284.52
DP   4  12 03 0  F        7225.62
DP   4  12 03 1  F        7140.27
DP   4  12 04 0  F        7051.38
DP   4  12 04 1  F        6986.73
DP   4  12 05 0  F        6949.90
DP   4  12 05 1  F        6928.48
DP   4  12 06 0  F        6870.15
DP   4  12 06 1  F        6739.65
DP   4  12 07 0  F        6609.58
DP   4  12 07 1  F        6563.55
DP   4  12 08 0  F        6621.24
DP   4  12 08 1  F        6771.71
DP   4  12 09 0  F        6945.46
DP   4  12 09 1  F        7075.94
DP   4  12 10 0  F        7167.01
DP   4  12 10 1  F        7237.02
DP   4  12 11 0  F        7291.98
DP   4  12 11 1  F        7329.61
DP   4  12 12 0  F        7326.70
DP   4  12 12 1  F        7275.84
DP   4  12 13 0  F        7253.69
DP   4  12 13 1  F        7332.02
DP   4  12 14 0  F        7478.92
DP   4  12 14 1  F        7637.18
DP   4  12 15 0  F        7751.97
DP   4  12 15 1  F        7785.40
DP   4  12 16 0  F        7764.94
DP   4  12 16 1  F        7721.28
DP   4  12 17 0  F        7632.62
DP   4  12 17 1  F        7479.91
DP   4  12 18 0  F        7307.50
DP   4  12 18 1  F        7175.55
DP   4  12 19 0  F        7143.87
DP   4  12 19 1  F        7240.51
DP   4  12 20 0  F        7366.84
DP   4  12 20 1  F        7425.71
DP   4  12 21 0  F        7452.70
DP   4  12 21 1  F        7501.05
DP   4  12 22 0  F        7562.12
DP   4  12 22 1  F        7616.74
DP   4  12 23 0  F        7665.66
DP   4  12 23 1  F        7714.57
