&   CARGA
&
&   ss  di hi m df hf m Demanda
&X  XX  XX XX X XX XX X XXXXXXXXXX
DP   1  08 00 0  F        42241.52
DP   1  08 00 1  F        41249.80
DP   1  08 01 0  F        40276.44
DP   1  08 01 1  F        39351.30
DP   1  08 02 0  F        38550.45
DP   1  08 02 1  F        37936.78
DP   1  08 03 0  F        37474.58
DP   1  08 03 1  F        37119.67
DP   1  08 04 0  F        36892.72
DP   1  08 04 1  F        36814.72
DP   1  08 05 0  F        36843.08
DP   1  08 05 1  F        36943.74
DP   1  08 06 0  F        37180.59
DP   1  08 06 1  F        37651.41
DP   1  08 07 0  F        38491.81
DP   1  08 07 1  F        39787.49
DP   1  08 08 0  F        41386.66
DP   1  08 08 1  F        43070.21
DP   1  08 09 0  F        44587.12
DP   1  08 09 1  F        45754.32
DP   1  08 10 0  F        46692.37
DP   1  08 10 1  F        47536.69
DP   1  08 11 0  F        48178.30
DP   1  08 11 1  F        48496.70
DP   1  08 12 0  F        48569.49
DP   1  08 12 1  F        48559.53
DP   1  08 13 0  F        48772.35
DP   1  08 13 1  F        49420.61
DP   1  08 14 0  F        50202.77
DP   1  08 14 1  F        50771.77
DP   1  08 15 0  F        51112.50
DP   1  08 15 1  F        51295.03
DP   1  08 16 0  F        51397.99
DP   1  08 16 1  F        51412.44
DP   1  08 17 0  F        50970.60
DP   1  08 17 1  F        49795.66
DP   1  08 18 0  F        48333.48
DP   1  08 18 1  F        47188.41
DP   1  08 19 0  F        46875.99
DP   1  08 19 1  F        47640.73
DP   1  08 20 0  F        48731.79
DP   1  08 20 1  F        49369.61
DP   1  08 21 0  F        49654.98
DP   1  08 21 1  F        49812.27
DP   1  08 22 0  F        49679.64
DP   1  08 22 1  F        49087.49
DP   1  08 23 0  F        48221.21
DP   1  08 23 1  F        47354.94
DP   2  08 00 0  F        14333.19
DP   2  08 00 1  F        13934.43
DP   2  08 01 0  F        13562.31
DP   2  08 01 1  F        13238.30
DP   2  08 02 0  F        12963.29
DP   2  08 02 1  F        12732.71
DP   2  08 03 0  F        12540.93
DP   2  08 03 1  F        12383.56
DP   2  08 04 0  F        12262.35
DP   2  08 04 1  F        12182.34
DP   2  08 05 0  F        12155.57
DP   2  08 05 1  F        12185.44
DP   2  08 06 0  F        12233.65
DP   2  08 06 1  F        12299.74
DP   2  08 07 0  F        12576.39
DP   2  08 07 1  F        13221.59
DP   2  08 08 0  F        14061.48
DP   2  08 08 1  F        14866.42
DP   2  08 09 0  F        15515.60
DP   2  08 09 1  F        15952.25
DP   2  08 10 0  F        16267.02
DP   2  08 10 1  F        16572.45
DP   2  08 11 0  F        16921.00
DP   2  08 11 1  F        17285.63
DP   2  08 12 0  F        17381.20
DP   2  08 12 1  F        17045.37
DP   2  08 13 0  F        16864.92
DP   2  08 13 1  F        17372.04
DP   2  08 14 0  F        18131.47
DP   2  08 14 1  F        18597.43
DP   2  08 15 0  F        18749.56
DP   2  08 15 1  F        18702.00
DP   2  08 16 0  F        18581.46
DP   2  08 16 1  F        18474.21
DP   2  08 17 0  F        18292.28
DP   2  08 17 1  F        17912.21
DP   2  08 18 0  F        17243.12
DP   2  08 18 1  F        16326.60
DP   2  08 19 0  F        15701.76
DP   2  08 19 1  F        15820.24
DP   2  08 20 0  F        16286.35
DP   2  08 20 1  F        16617.74
DP   2  08 21 0  F        16832.52
DP   2  08 21 1  F        17030.94
DP   2  08 22 0  F        17141.17
DP   2  08 22 1  F        17084.44
DP   2  08 23 0  F        16926.19
DP   2  08 23 1  F        16767.95
DP   3  08 00 0  F        13675.30
DP   3  08 00 1  F        13460.97
DP   3  08 01 0  F        13254.09
DP   3  08 01 1  F        13062.96
DP   3  08 02 0  F        12899.34
DP   3  08 02 1  F        12768.73
DP   3  08 03 0  F        12648.25
DP   3  08 03 1  F        12522.20
DP   3  08 04 0  F        12431.97
DP   3  08 04 1  F        12397.71
DP   3  08 05 0  F        12297.51
DP   3  08 05 1  F        12030.42
DP   3  08 06 0  F        11721.24
DP   3  08 06 1  F        11533.55
DP   3  08 07 0  F        11560.17
DP   3  08 07 1  F        11845.82
DP   3  08 08 0  F        12313.44
DP   3  08 08 1  F        12848.29
DP   3  08 09 0  F        13306.48
DP   3  08 09 1  F        13582.60
DP   3  08 10 0  F        13754.25
DP   3  08 10 1  F        13918.48
DP   3  08 11 0  F        14067.30
DP   3  08 11 1  F        14160.61
DP   3  08 12 0  F        14135.14
DP   3  08 12 1  F        13974.52
DP   3  08 13 0  F        13873.22
DP   3  08 13 1  F        14006.48
DP   3  08 14 0  F        14261.86
DP   3  08 14 1  F        14481.45
DP   3  08 15 0  F        14613.24
DP   3  08 15 1  F        14642.74
DP   3  08 16 0  F        14599.63
DP   3  08 16 1  F        14493.22
DP   3  08 17 0  F        14206.98
DP   3  08 17 1  F        13692.24
DP   3  08 18 0  F        13297.48
DP   3  08 18 1  F        13332.45
DP   3  08 19 0  F        13554.82
DP   3  08 19 1  F        13658.32
DP   3  08 20 0  F        13633.12
DP   3  08 20 1  F        13566.24
DP   3  08 21 0  F        13635.81
DP   3  08 21 1  F        13957.12
DP   3  08 22 0  F        14303.17
DP   3  08 22 1  F        14437.46
DP   3  08 23 0  F        14427.84
DP   3  08 23 1  F        14418.22
DP   4  08 00 0  F        7629.55
DP   4  08 00 1  F        7592.39
DP   4  08 01 0  F        7543.65
DP   4  08 01 1  F        7477.73
DP   4  08 02 0  F        7412.90
DP   4  08 02 1  F        7363.44
DP   4  08 03 0  F        7303.70
DP   4  08 03 1  F        7211.78
DP   4  08 04 0  F        7120.62
DP   4  08 04 1  F        7066.84
DP   4  08 05 0  F        7047.07
DP   4  08 05 1  F        7037.74
DP   4  08 06 0  F        6974.52
DP   4  08 06 1  F        6817.34
DP   4  08 07 0  F        6663.93
DP   4  08 07 1  F        6623.87
DP   4  08 08 0  F        6716.53
DP   4  08 08 1  F        6920.82
DP   4  08 09 0  F        7143.98
DP   4  08 09 1  F        7299.79
DP   4  08 10 0  F        7399.73
DP   4  08 10 1  F        7473.59
DP   4  08 11 0  F        7526.71
DP   4  08 11 1  F        7557.14
DP   4  08 12 0  F        7558.21
DP   4  08 12 1  F        7534.77
DP   4  08 13 0  F        7542.65
DP   4  08 13 1  F        7631.14
DP   4  08 14 0  F        7772.37
DP   4  08 14 1  F        7919.95
DP   4  08 15 0  F        8030.32
DP   4  08 15 1  F        8072.57
DP   4  08 16 0  F        8063.41
DP   4  08 16 1  F        8021.36
DP   4  08 17 0  F        7924.47
DP   4  08 17 1  F        7756.21
DP   4  08 18 0  F        7562.10
DP   4  08 18 1  F        7405.32
DP   4  08 19 0  F        7357.80
DP   4  08 19 1  F        7457.12
DP   4  08 20 0  F        7594.95
DP   4  08 20 1  F        7664.80
DP   4  08 21 0  F        7713.52
DP   4  08 21 1  F        7802.50
DP   4  08 22 0  F        7897.81
DP   4  08 22 1  F        7955.63
DP   4  08 23 0  F        7987.76
DP   4  08 23 1  F        8019.89
