&   CARGA
&
&   ss  di hi m df hf m Demanda
&X  XX  XX XX X XX XX X XXXXXXXXXX
DP   1  11 00 0  F        47482.87
DP   1  11 00 1  F        46128.87
DP   1  11 01 0  F        44851.98
DP   1  11 01 1  F        43716.19
DP   1  11 02 0  F        42733.12
DP   1  11 02 1  F        41905.01
DP   1  11 03 0  F        41248.84
DP   1  11 03 1  F        40779.36
DP   1  11 04 0  F        40487.62
DP   1  11 04 1  F        40349.65
DP   1  11 05 0  F        40305.00
DP   1  11 05 1  F        40301.23
DP   1  11 06 0  F        40354.32
DP   1  11 06 1  F        40547.01
DP   1  11 07 0  F        41160.50
DP   1  11 07 1  F        42409.93
DP   1  11 08 0  F        44047.70
DP   1  11 08 1  F        45727.79
DP   1  11 09 0  F        47173.22
DP   1  11 09 1  F        48213.76
DP   1  11 10 0  F        49037.20
DP   1  11 10 1  F        49832.57
DP   1  11 11 0  F        50435.92
DP   1  11 11 1  F        50668.29
DP   1  11 12 0  F        50643.83
DP   1  11 12 1  F        50574.19
DP   1  11 13 0  F        50768.02
DP   1  11 13 1  F        51429.75
DP   1  11 14 0  F        52250.09
DP   1  11 14 1  F        52865.82
DP   1  11 15 0  F        53211.79
DP   1  11 15 1  F        53314.42
DP   1  11 16 0  F        53268.59
DP   1  11 16 1  F        53100.38
DP   1  11 17 0  F        52492.43
DP   1  11 17 1  F        51214.67
DP   1  11 18 0  F        49729.62
DP   1  11 18 1  F        48640.16
DP   1  11 19 0  F        48417.84
DP   1  11 19 1  F        49247.89
DP   1  11 20 0  F        50301.53
DP   1  11 20 1  F        50754.06
DP   1  11 21 0  F        50811.25
DP   1  11 21 1  F        50813.99
DP   1  11 22 0  F        50613.14
DP   1  11 22 1  F        50021.92
DP   1  11 23 0  F        49193.07
DP   1  11 23 1  F        48364.22
DP   2  11 00 0  F        14312.84
DP   2  11 00 1  F        13860.53
DP   2  11 01 0  F        13429.13
DP   2  11 01 1  F        13040.39
DP   2  11 02 0  F        12719.49
DP   2  11 02 1  F        12480.67
DP   2  11 03 0  F        12291.06
DP   2  11 03 1  F        12117.64
DP   2  11 04 0  F        11974.00
DP   2  11 04 1  F        11881.10
DP   2  11 05 0  F        11842.75
DP   2  11 05 1  F        11850.68
DP   2  11 06 0  F        11865.50
DP   2  11 06 1  F        11883.68
DP   2  11 07 0  F        12076.26
DP   2  11 07 1  F        12583.94
DP   2  11 08 0  F        13251.45
DP   2  11 08 1  F        13876.38
DP   2  11 09 0  F        14363.96
DP   2  11 09 1  F        14675.02
DP   2  11 10 0  F        14885.32
DP   2  11 10 1  F        15088.27
DP   2  11 11 0  F        15333.06
DP   2  11 11 1  F        15599.16
DP   2  11 12 0  F        15631.51
DP   2  11 12 1  F        15272.33
DP   2  11 13 0  F        14987.60
DP   2  11 13 1  F        15217.05
DP   2  11 14 0  F        15671.84
DP   2  11 14 1  F        15966.38
DP   2  11 15 0  F        16056.91
DP   2  11 15 1  F        15999.45
DP   2  11 16 0  F        15907.42
DP   2  11 16 1  F        15865.20
DP   2  11 17 0  F        15783.63
DP   2  11 17 1  F        15551.08
DP   2  11 18 0  F        15139.70
DP   2  11 18 1  F        14611.34
DP   2  11 19 0  F        14303.00
DP   2  11 19 1  F        14483.49
DP   2  11 20 0  F        14873.92
DP   2  11 20 1  F        15143.16
DP   2  11 21 0  F        15298.90
DP   2  11 21 1  F        15405.30
DP   2  11 22 0  F        15413.66
DP   2  11 22 1  F        15274.50
DP   2  11 23 0  F        15047.86
DP   2  11 23 1  F        14821.23
DP   3  11 00 0  F        13855.00
DP   3  11 00 1  F        13608.93
DP   3  11 01 0  F        13378.30
DP   3  11 01 1  F        13175.58
DP   3  11 02 0  F        13001.21
DP   3  11 02 1  F        12851.19
DP   3  11 03 0  F        12715.70
DP   3  11 03 1  F        12591.45
DP   3  11 04 0  F        12507.17
DP   3  11 04 1  F        12470.59
DP   3  11 05 0  F        12373.45
DP   3  11 05 1  F        12124.08
DP   3  11 06 0  F        11813.02
DP   3  11 06 1  F        11575.17
DP   3  11 07 0  F        11540.52
DP   3  11 07 1  F        11788.76
DP   3  11 08 0  F        12203.43
DP   3  11 08 1  F        12636.05
DP   3  11 09 0  F        13006.40
DP   3  11 09 1  F        13268.27
DP   3  11 10 0  F        13443.39
DP   3  11 10 1  F        13568.58
DP   3  11 11 0  F        13673.28
DP   3  11 11 1  F        13764.22
DP   3  11 12 0  F        13764.64
DP   3  11 12 1  F        13630.17
DP   3  11 13 0  F        13529.37
DP   3  11 13 1  F        13623.31
DP   3  11 14 0  F        13830.15
DP   3  11 14 1  F        14024.45
DP   3  11 15 0  F        14149.06
DP   3  11 15 1  F        14177.42
DP   3  11 16 0  F        14136.81
DP   3  11 16 1  F        14040.98
DP   3  11 17 0  F        13795.44
DP   3  11 17 1  F        13361.65
DP   3  11 18 0  F        13032.98
DP   3  11 18 1  F        13070.90
DP   3  11 19 0  F        13277.42
DP   3  11 19 1  F        13397.26
DP   3  11 20 0  F        13405.57
DP   3  11 20 1  F        13359.10
DP   3  11 21 0  F        13410.70
DP   3  11 21 1  F        13665.42
DP   3  11 22 0  F        13940.94
DP   3  11 22 1  F        14044.95
DP   3  11 23 0  F        14032.31
DP   3  11 23 1  F        14019.66
DP   4  11 00 0  F        7597.02
DP   4  11 00 1  F        7545.93
DP   4  11 01 0  F        7489.54
DP   4  11 01 1  F        7425.54
DP   4  11 02 0  F        7363.63
DP   4  11 02 1  F        7310.03
DP   4  11 03 0  F        7245.27
DP   4  11 03 1  F        7153.62
DP   4  11 04 0  F        7060.00
DP   4  11 04 1  F        6993.99
DP   4  11 05 0  F        6963.06
DP   4  11 05 1  F        6955.77
DP   4  11 06 0  F        6907.26
DP   4  11 06 1  F        6771.38
DP   4  11 07 0  F        6630.31
DP   4  11 07 1  F        6578.26
DP   4  11 08 0  F        6629.39
DP   4  11 08 1  F        6766.06
DP   4  11 09 0  F        6923.50
DP   4  11 09 1  F        7040.23
DP   4  11 10 0  F        7115.08
DP   4  11 10 1  F        7161.38
DP   4  11 11 0  F        7190.12
DP   4  11 11 1  F        7205.55
DP   4  11 12 0  F        7187.36
DP   4  11 12 1  F        7128.24
DP   4  11 13 0  F        7097.56
DP   4  11 13 1  F        7159.64
DP   4  11 14 0  F        7281.89
DP   4  11 14 1  F        7410.70
DP   4  11 15 0  F        7505.17
DP   4  11 15 1  F        7538.65
DP   4  11 16 0  F        7528.70
DP   4  11 16 1  F        7495.06
DP   4  11 17 0  F        7421.90
DP   4  11 17 1  F        7295.71
DP   4  11 18 0  F        7147.57
DP   4  11 18 1  F        7024.97
DP   4  11 19 0  F        6996.14
DP   4  11 19 1  F        7099.82
DP   4  11 20 0  F        7235.82
DP   4  11 20 1  F        7302.95
DP   4  11 21 0  F        7334.76
DP   4  11 21 1  F        7384.10
DP   4  11 22 0  F        7446.05
DP   4  11 22 1  F        7505.02
DP   4  11 23 0  F        7560.62
DP   4  11 23 1  F        7616.22
