&   CARGA
&
&   ss  di hi m df hf m Demanda
&X  XX  XX XX X XX XX X XXXXXXXXXX
DP   1  10 00 0  F        47209.88
DP   1  10 00 1  F        45846.85
DP   1  10 01 0  F        44555.27
DP   1  10 01 1  F        43399.34
DP   1  10 02 0  F        42414.47
DP   1  10 02 1  F        41618.13
DP   1  10 03 0  F        40985.00
DP   1  10 03 1  F        40492.37
DP   1  10 04 0  F        40170.78
DP   1  10 04 1  F        40038.32
DP   1  10 05 0  F        40009.84
DP   1  10 05 1  F        40005.33
DP   1  10 06 0  F        40068.36
DP   1  10 06 1  F        40310.12
DP   1  10 07 0  F        40988.81
DP   1  10 07 1  F        42292.02
DP   1  10 08 0  F        43978.03
DP   1  10 08 1  F        45716.27
DP   1  10 09 0  F        47249.99
DP   1  10 09 1  F        48413.04
DP   1  10 10 0  F        49327.91
DP   1  10 10 1  F        50129.87
DP   1  10 11 0  F        50716.60
DP   1  10 11 1  F        50978.39
DP   1  10 12 0  F        51013.35
DP   1  10 12 1  F        51003.74
DP   1  10 13 0  F        51260.60
DP   1  10 13 1  F        51995.42
DP   1  10 14 0  F        52892.75
DP   1  10 14 1  F        53578.91
DP   1  10 15 0  F        53974.16
DP   1  10 15 1  F        54099.63
DP   1  10 16 0  F        54085.93
DP   1  10 16 1  F        53978.76
DP   1  10 17 0  F        53374.74
DP   1  10 17 1  F        51974.59
DP   1  10 18 0  F        50344.36
DP   1  10 18 1  F        49190.52
DP   1  10 19 0  F        48915.98
DP   1  10 19 1  F        49635.00
DP   1  10 20 0  F        50610.88
DP   1  10 20 1  F        51108.95
DP   1  10 21 0  F        51253.77
DP   1  10 21 1  F        51289.32
DP   1  10 22 0  F        51078.24
DP   1  10 22 1  F        50466.55
DP   1  10 23 0  F        49615.20
DP   1  10 23 1  F        48763.84
DP   2  10 00 0  F        14570.03
DP   2  10 00 1  F        14079.85
DP   2  10 01 0  F        13635.40
DP   2  10 01 1  F        13269.62
DP   2  10 02 0  F        12964.06
DP   2  10 02 1  F        12695.42
DP   2  10 03 0  F        12472.26
DP   2  10 03 1  F        12305.64
DP   2  10 04 0  F        12184.78
DP   2  10 04 1  F        12098.41
DP   2  10 05 0  F        12055.32
DP   2  10 05 1  F        12060.49
DP   2  10 06 0  F        12083.78
DP   2  10 06 1  F        12127.34
DP   2  10 07 0  F        12357.62
DP   2  10 07 1  F        12907.53
DP   2  10 08 0  F        13611.67
DP   2  10 08 1  F        14260.16
DP   2  10 09 0  F        14763.61
DP   2  10 09 1  F        15090.89
DP   2  10 10 0  F        15323.27
DP   2  10 10 1  F        15554.39
DP   2  10 11 0  F        15814.96
DP   2  10 11 1  F        16069.93
DP   2  10 12 0  F        16084.28
DP   2  10 12 1  F        15727.51
DP   2  10 13 0  F        15487.26
DP   2  10 13 1  F        15807.36
DP   2  10 14 0  F        16338.19
DP   2  10 14 1  F        16640.68
DP   2  10 15 0  F        16711.22
DP   2  10 15 1  F        16652.98
DP   2  10 16 0  F        16560.74
DP   2  10 16 1  F        16494.38
DP   2  10 17 0  F        16382.44
DP   2  10 17 1  F        16128.49
DP   2  10 18 0  F        15667.30
DP   2  10 18 1  F        15036.94
DP   2  10 19 0  F        14657.51
DP   2  10 19 1  F        14872.76
DP   2  10 20 0  F        15338.92
DP   2  10 20 1  F        15647.22
DP   2  10 21 0  F        15816.16
DP   2  10 21 1  F        15937.82
DP   2  10 22 0  F        15971.01
DP   2  10 22 1  F        15867.29
DP   2  10 23 0  F        15682.11
DP   2  10 23 1  F        15496.92
DP   3  10 00 0  F        13827.38
DP   3  10 00 1  F        13591.02
DP   3  10 01 0  F        13363.43
DP   3  10 01 1  F        13154.19
DP   3  10 02 0  F        12976.21
DP   3  10 02 1  F        12835.11
DP   3  10 03 0  F        12704.23
DP   3  10 03 1  F        12565.84
DP   3  10 04 0  F        12470.58
DP   3  10 04 1  F        12446.61
DP   3  10 05 0  F        12364.01
DP   3  10 05 1  F        12109.67
DP   3  10 06 0  F        11795.52
DP   3  10 06 1  F        11578.32
DP   3  10 07 0  F        11568.86
DP   3  10 07 1  F        11827.30
DP   3  10 08 0  F        12257.23
DP   3  10 08 1  F        12729.63
DP   3  10 09 0  F        13141.54
DP   3  10 09 1  F        13422.04
DP   3  10 10 0  F        13602.50
DP   3  10 10 1  F        13734.04
DP   3  10 11 0  F        13844.77
DP   3  10 11 1  F        13936.87
DP   3  10 12 0  F        13931.77
DP   3  10 12 1  F        13785.86
DP   3  10 13 0  F        13676.16
DP   3  10 13 1  F        13770.93
DP   3  10 14 0  F        13983.06
DP   3  10 14 1  F        14179.90
DP   3  10 15 0  F        14302.15
DP   3  10 15 1  F        14322.75
DP   3  10 16 0  F        14270.15
DP   3  10 16 1  F        14159.25
DP   3  10 17 0  F        13895.34
DP   3  10 17 1  F        13439.80
DP   3  10 18 0  F        13087.90
DP   3  10 18 1  F        13104.28
DP   3  10 19 0  F        13297.28
DP   3  10 19 1  F        13417.10
DP   3  10 20 0  F        13437.88
DP   3  10 20 1  F        13411.37
DP   3  10 21 0  F        13475.64
DP   3  10 21 1  F        13724.45
DP   3  10 22 0  F        13987.65
DP   3  10 22 1  F        14086.95
DP   3  10 23 0  F        14075.40
DP   3  10 23 1  F        14063.85
DP   4  10 00 0  F        7648.89
DP   4  10 00 1  F        7603.65
DP   4  10 01 0  F        7549.92
DP   4  10 01 1  F        7482.93
DP   4  10 02 0  F        7412.81
DP   4  10 02 1  F        7348.73
DP   4  10 03 0  F        7280.88
DP   4  10 03 1  F        7200.00
DP   4  10 04 0  F        7117.84
DP   4  10 04 1  F        7050.37
DP   4  10 05 0  F        7009.30
DP   4  10 05 1  F        6991.63
DP   4  10 06 0  F        6939.57
DP   4  10 06 1  F        6810.57
DP   4  10 07 0  F        6677.73
DP   4  10 07 1  F        6627.18
DP   4  10 08 0  F        6681.46
DP   4  10 08 1  F        6832.50
DP   4  10 09 0  F        7013.20
DP   4  10 09 1  F        7156.48
DP   4  10 10 0  F        7254.33
DP   4  10 10 1  F        7314.93
DP   4  10 11 0  F        7352.20
DP   4  10 11 1  F        7374.81
DP   4  10 12 0  F        7364.70
DP   4  10 12 1  F        7314.60
DP   4  10 13 0  F        7287.20
DP   4  10 13 1  F        7342.77
DP   4  10 14 0  F        7462.10
DP   4  10 14 1  F        7603.98
DP   4  10 15 0  F        7718.60
DP   4  10 15 1  F        7765.96
DP   4  10 16 0  F        7753.81
DP   4  10 16 1  F        7697.36
DP   4  10 17 0  F        7594.11
DP   4  10 17 1  F        7445.57
DP   4  10 18 0  F        7287.02
DP   4  10 18 1  F        7164.30
DP   4  10 19 0  F        7131.51
DP   4  10 19 1  F        7216.73
DP   4  10 20 0  F        7335.74
DP   4  10 20 1  F        7403.43
DP   4  10 21 0  F        7443.48
DP   4  10 21 1  F        7496.20
DP   4  10 22 0  F        7559.45
DP   4  10 22 1  F        7622.84
DP   4  10 23 0  F        7685.14
DP   4  10 23 1  F        7747.43
