&   CARGA
&
&   ss  di hi m df hf m Demanda
&X  XX  XX XX X XX XX X XXXXXXXXXX
DP   1  13 00 0  F        43819.17
DP   1  13 00 1  F        42557.73
DP   1  13 01 0  F        41388.91
DP   1  13 01 1  F        40382.63
DP   1  13 02 0  F        39518.05
DP   1  13 02 1  F        38763.32
DP   1  13 03 0  F        38133.60
DP   1  13 03 1  F        37651.50
DP   1  13 04 0  F        37322.63
DP   1  13 04 1  F        37131.14
DP   1  13 05 0  F        36992.36
DP   1  13 05 1  F        36817.52
DP   1  13 06 0  F        36570.29
DP   1  13 06 1  F        36296.84
DP   1  13 07 0  F        36320.97
DP   1  13 07 1  F        36905.49
DP   1  13 08 0  F        37791.76
DP   1  13 08 1  F        38656.10
DP   1  13 09 0  F        39436.08
DP   1  13 09 1  F        40128.02
DP   1  13 10 0  F        40702.08
DP   1  13 10 1  F        41126.24
DP   1  13 11 0  F        41385.93
DP   1  13 11 1  F        41490.31
DP   1  13 12 0  F        41525.95
DP   1  13 12 1  F        41572.38
DP   1  13 13 0  F        41603.83
DP   1  13 13 1  F        41577.72
DP   1  13 14 0  F        41489.82
DP   1  13 14 1  F        41357.74
DP   1  13 15 0  F        41248.21
DP   1  13 15 1  F        41223.31
DP   1  13 16 0  F        41277.49
DP   1  13 16 1  F        41384.78
DP   1  13 17 0  F        41505.14
DP   1  13 17 1  F        41624.11
DP   1  13 18 0  F        41843.55
DP   1  13 18 1  F        42298.17
DP   1  13 19 0  F        43137.69
DP   1  13 19 1  F        44363.58
DP   1  13 20 0  F        45369.22
DP   1  13 20 1  F        45582.00
DP   1  13 21 0  F        45173.43
DP   1  13 21 1  F        44456.38
DP   1  13 22 0  F        43565.16
DP   1  13 22 1  F        42581.54
DP   1  13 23 0  F        41555.67
DP   1  13 23 1  F        40529.81
DP   2  13 00 0  F        13125.79
DP   2  13 00 1  F        12655.23
DP   2  13 01 0  F        12233.71
DP   2  13 01 1  F        11895.30
DP   2  13 02 0  F        11614.22
DP   2  13 02 1  F        11358.81
DP   2  13 03 0  F        11133.67
DP   2  13 03 1  F        10952.15
DP   2  13 04 0  F        10826.24
DP   2  13 04 1  F        10758.62
DP   2  13 05 0  F        10715.85
DP   2  13 05 1  F        10659.29
DP   2  13 06 0  F        10565.33
DP   2  13 06 1  F        10451.07
DP   2  13 07 0  F        10481.37
DP   2  13 07 1  F        10785.76
DP   2  13 08 0  F        11204.80
DP   2  13 08 1  F        11549.59
DP   2  13 09 0  F        11802.54
DP   2  13 09 1  F        11991.05
DP   2  13 10 0  F        12151.14
DP   2  13 10 1  F        12318.17
DP   2  13 11 0  F        12516.24
DP   2  13 11 1  F        12734.22
DP   2  13 12 0  F        12831.23
DP   2  13 12 1  F        12708.54
DP   2  13 13 0  F        12565.64
DP   2  13 13 1  F        12603.61
DP   2  13 14 0  F        12731.68
DP   2  13 14 1  F        12815.91
DP   2  13 15 0  F        12841.42
DP   2  13 15 1  F        12829.65
DP   2  13 16 0  F        12828.06
DP   2  13 16 1  F        12878.73
DP   2  13 17 0  F        12975.98
DP   2  13 17 1  F        13089.25
DP   2  13 18 0  F        13136.09
DP   2  13 18 1  F        13087.13
DP   2  13 19 0  F        13177.15
DP   2  13 19 1  F        13592.51
DP   2  13 20 0  F        14061.82
DP   2  13 20 1  F        14281.33
DP   2  13 21 0  F        14275.58
DP   2  13 21 1  F        14137.74
DP   2  13 22 0  F        13907.27
DP   2  13 22 1  F        13611.39
DP   2  13 23 0  F        13282.19
DP   2  13 23 1  F        12953.00
DP   3  13 00 0  F        13782.42
DP   3  13 00 1  F        13594.57
DP   3  13 01 0  F        13402.44
DP   3  13 01 1  F        13207.88
DP   3  13 02 0  F        13037.22
DP   3  13 02 1  F        12909.43
DP   3  13 03 0  F        12789.62
DP   3  13 03 1  F        12649.53
DP   3  13 04 0  F        12541.34
DP   3  13 04 1  F        12497.32
DP   3  13 05 0  F        12389.62
DP   3  13 05 1  F        12103.06
DP   3  13 06 0  F        11733.39
DP   3  13 06 1  F        11419.18
DP   3  13 07 0  F        11259.59
DP   3  13 07 1  F        11311.06
DP   3  13 08 0  F        11498.62
DP   3  13 08 1  F        11720.32
DP   3  13 09 0  F        11897.47
DP   3  13 09 1  F        11982.87
DP   3  13 10 0  F        12031.83
DP   3  13 10 1  F        12106.72
DP   3  13 11 0  F        12195.76
DP   3  13 11 1  F        12267.44
DP   3  13 12 0  F        12285.60
DP   3  13 12 1  F        12235.06
DP   3  13 13 0  F        12188.96
DP   3  13 13 1  F        12215.65
DP   3  13 14 0  F        12275.93
DP   3  13 14 1  F        12316.55
DP   3  13 15 0  F        12335.71
DP   3  13 15 1  F        12340.04
DP   3  13 16 0  F        12318.36
DP   3  13 16 1  F        12260.55
DP   3  13 17 0  F        12178.66
DP   3  13 17 1  F        12124.29
DP   3  13 18 0  F        12285.19
DP   3  13 18 1  F        12777.54
DP   3  13 19 0  F        13295.11
DP   3  13 19 1  F        13523.51
DP   3  13 20 0  F        13538.15
DP   3  13 20 1  F        13493.33
DP   3  13 21 0  F        13469.10
DP   3  13 21 1  F        13504.05
DP   3  13 22 0  F        13545.26
DP   3  13 22 1  F        13535.35
DP   3  13 23 0  F        13490.66
DP   3  13 23 1  F        13445.97
DP   4  13 00 0  F        7578.53
DP   4  13 00 1  F        7547.21
DP   4  13 01 0  F        7509.58
DP   4  13 01 1  F        7461.16
DP   4  13 02 0  F        7404.58
DP   4  13 02 1  F        7343.05
DP   4  13 03 0  F        7274.67
DP   4  13 03 1  F        7198.34
DP   4  13 04 0  F        7121.03
DP   4  13 04 1  F        7052.76
DP   4  13 05 0  F        7007.65
DP   4  13 05 1  F        6985.74
DP   4  13 06 0  F        6926.73
DP   4  13 06 1  F        6784.19
DP   4  13 07 0  F        6627.65
DP   4  13 07 1  F        6536.65
DP   4  13 08 0  F        6515.09
DP   4  13 08 1  F        6543.95
DP   4  13 09 0  F        6588.14
DP   4  13 09 1  F        6617.78
DP   4  13 10 0  F        6639.72
DP   4  13 10 1  F        6665.50
DP   4  13 11 0  F        6688.83
DP   4  13 11 1  F        6699.37
DP   4  13 12 0  F        6688.62
DP   4  13 12 1  F        6657.30
DP   4  13 13 0  F        6641.02
DP   4  13 13 1  F        6672.20
DP   4  13 14 0  F        6735.62
DP   4  13 14 1  F        6805.03
DP   4  13 15 0  F        6858.00
DP   4  13 15 1  F        6878.23
DP   4  13 16 0  F        6870.20
DP   4  13 16 1  F        6841.50
DP   4  13 17 0  F        6791.29
DP   4  13 17 1  F        6726.76
DP   4  13 18 0  F        6695.48
DP   4  13 18 1  F        6743.11
DP   4  13 19 0  F        6867.25
DP   4  13 19 1  F        7041.55
DP   4  13 20 0  F        7191.83
DP   4  13 20 1  F        7255.86
DP   4  13 21 0  F        7267.08
DP   4  13 21 1  F        7273.60
DP   4  13 22 0  F        7286.66
DP   4  13 22 1  F        7307.24
DP   4  13 23 0  F        7332.10
DP   4  13 23 1  F        7356.95
