&   CARGA
&
&   ss  di hi m df hf m Demanda
&X  XX  XX XX X XX XX X XXXXXXXXXX
DP   1  09 00 0  F        46161.92
DP   1  09 00 1  F        44775.63
DP   1  09 01 0  F        43473.64
DP   1  09 01 1  F        42329.13
DP   1  09 02 0  F        41370.74
DP   1  09 02 1  F        40607.71
DP   1  09 03 0  F        40016.03
DP   1  09 03 1  F        39571.34
DP   1  09 04 0  F        39281.18
DP   1  09 04 1  F        39147.91
DP   1  09 05 0  F        39121.50
DP   1  09 05 1  F        39157.55
DP   1  09 06 0  F        39286.77
DP   1  09 06 1  F        39594.34
DP   1  09 07 0  F        40308.45
DP   1  09 07 1  F        41597.06
DP   1  09 08 0  F        43244.46
DP   1  09 08 1  F        44950.72
DP   1  09 09 0  F        46462.89
DP   1  09 09 1  F        47612.15
DP   1  09 10 0  F        48519.07
DP   1  09 10 1  F        49320.66
DP   1  09 11 0  F        49930.07
DP   1  09 11 1  F        50243.29
DP   1  09 12 0  F        50311.40
DP   1  09 12 1  F        50274.42
DP   1  09 13 0  F        50473.12
DP   1  09 13 1  F        51156.12
DP   1  09 14 0  F        52002.82
DP   1  09 14 1  F        52632.26
DP   1  09 15 0  F        52991.27
DP   1  09 15 1  F        53129.39
DP   1  09 16 0  F        53179.29
DP   1  09 16 1  F        53176.61
DP   1  09 17 0  F        52685.91
DP   1  09 17 1  F        51369.85
DP   1  09 18 0  F        49754.78
DP   1  09 18 1  F        48534.95
DP   1  09 19 0  F        48212.67
DP   1  09 19 1  F        48989.56
DP   1  09 20 0  F        50056.32
DP   1  09 20 1  F        50594.05
DP   1  09 21 0  F        50756.24
DP   1  09 21 1  F        50827.65
DP   1  09 22 0  F        50645.80
DP   1  09 22 1  F        50026.09
DP   1  09 23 0  F        49142.61
DP   1  09 23 1  F        48259.13
DP   2  09 00 0  F        15667.45
DP   2  09 00 1  F        15151.44
DP   2  09 01 0  F        14678.71
DP   2  09 01 1  F        14280.37
DP   2  09 02 0  F        13938.73
DP   2  09 02 1  F        13631.59
DP   2  09 03 0  F        13367.32
DP   2  09 03 1  F        13158.06
DP   2  09 04 0  F        13000.47
DP   2  09 04 1  F        12890.77
DP   2  09 05 0  F        12838.94
DP   2  09 05 1  F        12847.59
DP   2  09 06 0  F        12875.87
DP   2  09 06 1  F        12918.84
DP   2  09 07 0  F        13158.56
DP   2  09 07 1  F        13746.25
DP   2  09 08 0  F        14522.96
DP   2  09 08 1  F        15272.69
DP   2  09 09 0  F        15861.60
DP   2  09 09 1  F        16222.25
DP   2  09 10 0  F        16470.85
DP   2  09 10 1  F        16739.02
DP   2  09 11 0  F        17036.60
DP   2  09 11 1  F        17299.46
DP   2  09 12 0  F        17289.55
DP   2  09 12 1  F        16887.87
DP   2  09 13 0  F        16625.52
DP   2  09 13 1  F        16981.03
DP   2  09 14 0  F        17572.42
DP   2  09 14 1  F        17918.50
DP   2  09 15 0  F        18001.64
DP   2  09 15 1  F        17922.20
DP   2  09 16 0  F        17788.79
DP   2  09 16 1  F        17673.58
DP   2  09 17 0  F        17494.89
DP   2  09 17 1  F        17145.92
DP   2  09 18 0  F        16573.36
DP   2  09 18 1  F        15830.98
DP   2  09 19 0  F        15347.37
DP   2  09 19 1  F        15474.22
DP   2  09 20 0  F        15880.80
DP   2  09 20 1  F        16166.09
DP   2  09 21 0  F        16330.40
DP   2  09 21 1  F        16445.98
DP   2  09 22 0  F        16471.57
DP   2  09 22 1  F        16362.44
DP   2  09 23 0  F        16173.50
DP   2  09 23 1  F        15984.56
DP   3  09 00 0  F        14161.49
DP   3  09 00 1  F        13922.69
DP   3  09 01 0  F        13690.87
DP   3  09 01 1  F        13474.34
DP   3  09 02 0  F        13286.51
DP   3  09 02 1  F        13135.56
DP   3  09 03 0  F        13003.32
DP   3  09 03 1  F        12877.25
DP   3  09 04 0  F        12793.61
DP   3  09 04 1  F        12765.32
DP   3  09 05 0  F        12663.17
DP   3  09 05 1  F        12380.77
DP   3  09 06 0  F        12045.09
DP   3  09 06 1  F        11825.17
DP   3  09 07 0  F        11825.02
DP   3  09 07 1  F        12096.48
DP   3  09 08 0  F        12547.79
DP   3  09 08 1  F        13051.91
DP   3  09 09 0  F        13484.16
DP   3  09 09 1  F        13756.21
DP   3  09 10 0  F        13922.76
DP   3  09 10 1  F        14059.18
DP   3  09 11 0  F        14180.65
DP   3  09 11 1  F        14272.86
DP   3  09 12 0  F        14263.92
DP   3  09 12 1  F        14119.55
DP   3  09 13 0  F        14013.53
DP   3  09 13 1  F        14109.75
DP   3  09 14 0  F        14324.35
DP   3  09 14 1  F        14529.20
DP   3  09 15 0  F        14666.77
DP   3  09 15 1  F        14708.18
DP   3  09 16 0  F        14668.55
DP   3  09 16 1  F        14550.34
DP   3  09 17 0  F        14261.22
DP   3  09 17 1  F        13771.01
DP   3  09 18 0  F        13392.93
DP   3  09 18 1  F        13404.63
DP   3  09 19 0  F        13598.13
DP   3  09 19 1  F        13705.08
DP   3  09 20 0  F        13701.37
DP   3  09 20 1  F        13647.85
DP   3  09 21 0  F        13700.98
DP   3  09 21 1  F        13967.41
DP   3  09 22 0  F        14258.75
DP   3  09 22 1  F        14376.34
DP   3  09 23 0  F        14375.33
DP   3  09 23 1  F        14374.32
DP   4  09 00 0  F        7947.93
DP   4  09 00 1  F        7910.37
DP   4  09 01 0  F        7852.99
DP   4  09 01 1  F        7765.17
DP   4  09 02 0  F        7673.17
DP   4  09 02 1  F        7601.78
DP   4  09 03 0  F        7533.04
DP   4  09 03 1  F        7447.16
DP   4  09 04 0  F        7359.77
DP   4  09 04 1  F        7291.48
DP   4  09 05 0  F        7247.49
DP   4  09 05 1  F        7218.22
DP   4  09 06 0  F        7150.22
DP   4  09 06 1  F        7006.14
DP   4  09 07 0  F        6856.73
DP   4  09 07 1  F        6786.06
DP   4  09 08 0  F        6823.46
DP   4  09 08 1  F        6967.64
DP   4  09 09 0  F        7149.57
DP   4  09 09 1  F        7298.51
DP   4  09 10 0  F        7404.58
DP   4  09 10 1  F        7474.52
DP   4  09 11 0  F        7520.71
DP   4  09 11 1  F        7549.81
DP   4  09 12 0  F        7539.89
DP   4  09 12 1  F        7482.96
DP   4  09 13 0  F        7455.23
DP   4  09 13 1  F        7527.09
DP   4  09 14 0  F        7661.38
DP   4  09 14 1  F        7799.47
DP   4  09 15 0  F        7904.42
DP   4  09 15 1  F        7951.39
DP   4  09 16 0  F        7942.14
DP   4  09 16 1  F        7883.54
DP   4  09 17 0  F        7776.05
DP   4  09 17 1  F        7622.95
DP   4  09 18 0  F        7445.01
DP   4  09 18 1  F        7279.21
DP   4  09 19 0  F        7209.75
DP   4  09 19 1  F        7293.94
DP   4  09 20 0  F        7434.24
DP   4  09 20 1  F        7525.27
DP   4  09 21 0  F        7585.18
DP   4  09 21 1  F        7652.38
DP   4  09 22 0  F        7722.94
DP   4  09 22 1  F        7785.69
DP   4  09 23 0  F        7842.85
DP   4  09 23 1  F        7900.01
