&   CARGA
&
&   ss  di hi m df hf m Demanda
&X  XX  XX XX X XX XX X XXXXXXXXXX
DP   1  14 00 0  F        39609.84
DP   1  14 00 1  F        38495.80
DP   1  14 01 0  F        37462.12
DP   1  14 01 1  F        36569.40
DP   1  14 02 0  F        35799.14
DP   1  14 02 1  F        35121.65
DP   1  14 03 0  F        34541.45
DP   1  14 03 1  F        34072.82
DP   1  14 04 0  F        33734.82
DP   1  14 04 1  F        33521.29
DP   1  14 05 0  F        33320.31
DP   1  14 05 1  F        33018.61
DP   1  14 06 0  F        32603.05
DP   1  14 06 1  F        32137.50
DP   1  14 07 0  F        31893.48
DP   1  14 07 1  F        32097.34
DP   1  14 08 0  F        32587.16
DP   1  14 08 1  F        33141.55
DP   1  14 09 0  F        33689.52
DP   1  14 09 1  F        34206.02
DP   1  14 10 0  F        34699.27
DP   1  14 10 1  F        35179.66
DP   1  14 11 0  F        35633.22
DP   1  14 11 1  F        36039.60
DP   1  14 12 0  F        36377.48
DP   1  14 12 1  F        36623.10
DP   1  14 13 0  F        36743.93
DP   1  14 13 1  F        36724.27
DP   1  14 14 0  F        36624.42
DP   1  14 14 1  F        36521.65
DP   1  14 15 0  F        36485.12
DP   1  14 15 1  F        36574.29
DP   1  14 16 0  F        36817.93
DP   1  14 16 1  F        37221.37
DP   1  14 17 0  F        37726.84
DP   1  14 17 1  F        38269.89
DP   1  14 18 0  F        38822.45
DP   1  14 18 1  F        39415.09
DP   1  14 19 0  F        40276.73
DP   1  14 19 1  F        41523.39
DP   1  14 20 0  F        42621.07
DP   1  14 20 1  F        43046.93
DP   1  14 21 0  F        42972.57
DP   1  14 21 1  F        42682.11
DP   1  14 22 0  F        42215.34
DP   1  14 22 1  F        41571.01
DP   1  14 23 0  F        40827.88
DP   1  14 23 1  F        40084.74
DP   2  14 00 0  F        12157.34
DP   2  14 00 1  F        11761.11
DP   2  14 01 0  F        11397.74
DP   2  14 01 1  F        11091.49
DP   2  14 02 0  F        10832.37
DP   2  14 02 1  F        10603.97
DP   2  14 03 0  F        10398.31
DP   2  14 03 1  F        10213.80
DP   2  14 04 0  F        10065.79
DP   2  14 04 1  F        9962.61
DP   2  14 05 0  F        9867.26
DP   2  14 05 1  F        9735.82
DP   2  14 06 0  F        9541.87
DP   2  14 06 1  F        9299.87
DP   2  14 07 0  F        9170.29
DP   2  14 07 1  F        9283.17
DP   2  14 08 0  F        9500.73
DP   2  14 08 1  F        9663.25
DP   2  14 09 0  F        9791.04
DP   2  14 09 1  F        9939.57
DP   2  14 10 0  F        10124.93
DP   2  14 10 1  F        10350.64
DP   2  14 11 0  F        10609.16
DP   2  14 11 1  F        10873.68
DP   2  14 12 0  F        11051.46
DP   2  14 12 1  F        11075.40
DP   2  14 13 0  F        11046.99
DP   2  14 13 1  F        11076.72
DP   2  14 14 0  F        11142.42
DP   2  14 14 1  F        11200.00
DP   2  14 15 0  F        11250.47
DP   2  14 15 1  F        11305.39
DP   2  14 16 0  F        11373.45
DP   2  14 16 1  F        11467.24
DP   2  14 17 0  F        11617.70
DP   2  14 17 1  F        11835.48
DP   2  14 18 0  F        12031.83
DP   2  14 18 1  F        12152.81
DP   2  14 19 0  F        12383.00
DP   2  14 19 1  F        12873.91
DP   2  14 20 0  F        13406.08
DP   2  14 20 1  F        13730.81
DP   2  14 21 0  F        13853.41
DP   2  14 21 1  F        13837.53
DP   2  14 22 0  F        13726.21
DP   2  14 22 1  F        13555.82
DP   2  14 23 0  F        13356.65
DP   2  14 23 1  F        13157.48
DP   3  14 00 0  F        13506.35
DP   3  14 00 1  F        13328.54
DP   3  14 01 0  F        13155.47
DP   3  14 01 1  F        12991.49
DP   3  14 02 0  F        12839.33
DP   3  14 02 1  F        12698.96
DP   3  14 03 0  F        12560.80
DP   3  14 03 1  F        12421.96
DP   3  14 04 0  F        12315.93
DP   3  14 04 1  F        12253.78
DP   3  14 05 0  F        12120.53
DP   3  14 05 1  F        11815.70
DP   3  14 06 0  F        11422.90
DP   3  14 06 1  F        11064.57
DP   3  14 07 0  F        10834.44
DP   3  14 07 1  F        10786.18
DP   3  14 08 0  F        10841.72
DP   3  14 08 1  F        10907.47
DP   3  14 09 0  F        10959.43
DP   3  14 09 1  F        10994.67
DP   3  14 10 0  F        11024.84
DP   3  14 10 1  F        11064.68
DP   3  14 11 0  F        11126.72
DP   3  14 11 1  F        11212.85
DP   3  14 12 0  F        11284.75
DP   3  14 12 1  F        11309.89
DP   3  14 13 0  F        11319.05
DP   3  14 13 1  F        11348.37
DP   3  14 14 0  F        11391.95
DP   3  14 14 1  F        11434.91
DP   3  14 15 0  F        11468.49
DP   3  14 15 1  F        11488.75
DP   3  14 16 0  F        11504.91
DP   3  14 16 1  F        11521.58
DP   3  14 17 0  F        11511.62
DP   3  14 17 1  F        11490.24
DP   3  14 18 0  F        11673.62
DP   3  14 18 1  F        12210.51
DP   3  14 19 0  F        12779.06
DP   3  14 19 1  F        13046.37
DP   3  14 20 0  F        13105.98
DP   3  14 20 1  F        13128.85
DP   3  14 21 0  F        13169.21
DP   3  14 21 1  F        13240.50
DP   3  14 22 0  F        13309.72
DP   3  14 22 1  F        13343.58
DP   3  14 23 0  F        13354.08
DP   3  14 23 1  F        13364.59
DP   4  14 00 0  F        7143.87
DP   4  14 00 1  F        7107.57
DP   4  14 01 0  F        7067.77
DP   4  14 01 1  F        7022.44
DP   4  14 02 0  F        6975.47
DP   4  14 02 1  F        6930.21
DP   4  14 03 0  F        6882.14
DP   4  14 03 1  F        6826.56
DP   4  14 04 0  F        6765.78
DP   4  14 04 1  F        6705.87
DP   4  14 05 0  F        6660.79
DP   4  14 05 1  F        6633.62
DP   4  14 06 0  F        6576.26
DP   4  14 06 1  F        6449.13
DP   4  14 07 0  F        6298.24
DP   4  14 07 1  F        6177.68
DP   4  14 08 0  F        6088.57
DP   4  14 08 1  F        6020.81
DP   4  14 09 0  F        5972.36
DP   4  14 09 1  F        5940.31
DP   4  14 10 0  F        5910.01
DP   4  14 10 1  F        5871.81
DP   4  14 11 0  F        5847.55
DP   4  14 11 1  F        5856.17
DP   4  14 12 0  F        5873.50
DP   4  14 12 1  F        5875.64
DP   4  14 13 0  F        5882.84
DP   4  14 13 1  F        5918.26
DP   4  14 14 0  F        5972.42
DP   4  14 14 1  F        6029.81
DP   4  14 15 0  F        6083.23
DP   4  14 15 1  F        6128.15
DP   4  14 16 0  F        6162.24
DP   4  14 16 1  F        6183.55
DP   4  14 17 0  F        6189.45
DP   4  14 17 1  F        6186.61
DP   4  14 18 0  F        6219.79
DP   4  14 18 1  F        6329.21
DP   4  14 19 0  F        6498.94
DP   4  14 19 1  F        6691.98
DP   4  14 20 0  F        6843.37
DP   4  14 20 1  F        6905.51
DP   4  14 21 0  F        6928.25
DP   4  14 21 1  F        6969.62
DP   4  14 22 0  F        7022.84
DP   4  14 22 1  F        7069.72
DP   4  14 23 0  F        7111.05
DP   4  14 23 1  F        7152.39
