&   CARGA
&
&   ss  di hi m df hf m Demanda
&X  XX  XX XX X XX XX X XXXXXXXXXX
DP   1  08 00 0  F        43945.02
DP   1  08 00 1  F        42932.78
DP   1  08 01 0  F        41940.01
DP   1  08 01 1  F        40990.58
DP   1  08 02 0  F        40126.02
DP   1  08 02 1  F        39389.68
DP   1  08 03 0  F        38814.79
DP   1  08 03 1  F        38423.45
DP   1  08 04 0  F        38203.55
DP   1  08 04 1  F        38126.18
DP   1  08 05 0  F        38129.49
DP   1  08 05 1  F        38176.25
DP   1  08 06 0  F        38360.73
DP   1  08 06 1  F        38832.15
DP   1  08 07 0  F        39827.87
DP   1  08 07 1  F        41493.50
DP   1  08 08 0  F        43519.33
DP   1  08 08 1  F        45523.53
DP   1  08 09 0  F        47291.16
DP   1  08 09 1  F        48691.57
DP   1  08 10 0  F        49764.55
DP   1  08 10 1  F        50596.24
DP   1  08 11 0  F        51287.60
DP   1  08 11 1  F        51900.00
DP   1  08 12 0  F        52321.46
DP   1  08 12 1  F        52480.84
DP   1  08 13 0  F        52643.54
DP   1  08 13 1  F        53063.61
DP   1  08 14 0  F        53612.94
DP   1  08 14 1  F        54067.86
DP   1  08 15 0  F        54204.33
DP   1  08 15 1  F        53911.68
DP   1  08 16 0  F        53532.80
DP   1  08 16 1  F        53337.06
DP   1  08 17 0  F        52846.01
DP   1  08 17 1  F        51622.08
DP   1  08 18 0  F        50138.88
DP   1  08 18 1  F        49054.29
DP   1  08 19 0  F        48852.04
DP   1  08 19 1  F        49721.55
DP   1  08 20 0  F        50849.11
DP   1  08 20 1  F        51412.11
DP   1  08 21 0  F        51555.35
DP   1  08 21 1  F        51562.25
DP   1  08 22 0  F        51303.20
DP   1  08 22 1  F        50625.70
DP   1  08 23 0  F        49698.79
DP   1  08 23 1  F        48771.87
DP   2  08 00 0  F        14750.86
DP   2  08 00 1  F        14379.42
DP   2  08 01 0  F        14019.85
DP   2  08 01 1  F        13685.91
DP   2  08 02 0  F        13398.94
DP   2  08 02 1  F        13171.57
DP   2  08 03 0  F        12974.04
DP   2  08 03 1  F        12779.26
DP   2  08 04 0  F        12613.01
DP   2  08 04 1  F        12503.01
DP   2  08 05 0  F        12431.87
DP   2  08 05 1  F        12390.84
DP   2  08 06 0  F        12450.82
DP   2  08 06 1  F        12700.32
DP   2  08 07 0  F        13218.75
DP   2  08 07 1  F        14038.00
DP   2  08 08 0  F        15008.91
DP   2  08 08 1  F        15948.04
DP   2  08 09 0  F        16715.77
DP   2  08 09 1  F        17233.61
DP   2  08 10 0  F        17623.77
DP   2  08 10 1  F        18020.80
DP   2  08 11 0  F        18407.76
DP   2  08 11 1  F        18706.66
DP   2  08 12 0  F        18746.70
DP   2  08 12 1  F        18463.55
DP   2  08 13 0  F        18311.57
DP   2  08 13 1  F        18682.74
DP   2  08 14 0  F        19200.81
DP   2  08 14 1  F        19425.34
DP   2  08 15 0  F        19427.23
DP   2  08 15 1  F        19376.69
DP   2  08 16 0  F        19329.60
DP   2  08 16 1  F        19290.38
DP   2  08 17 0  F        19171.97
DP   2  08 17 1  F        18872.52
DP   2  08 18 0  F        18322.60
DP   2  08 18 1  F        17557.48
DP   2  08 19 0  F        16998.97
DP   2  08 19 1  F        17025.30
DP   2  08 20 0  F        17453.88
DP   2  08 20 1  F        17978.55
DP   2  08 21 0  F        18359.55
DP   2  08 21 1  F        18434.10
DP   2  08 22 0  F        18280.70
DP   2  08 22 1  F        18022.48
DP   2  08 23 0  F        17719.71
DP   2  08 23 1  F        17416.93
DP   3  08 00 0  F        13645.52
DP   3  08 00 1  F        13492.35
DP   3  08 01 0  F        13344.82
DP   3  08 01 1  F        13206.68
DP   3  08 02 0  F        13074.10
DP   3  08 02 1  F        12942.56
DP   3  08 03 0  F        12812.52
DP   3  08 03 1  F        12691.73
DP   3  08 04 0  F        12612.25
DP   3  08 04 1  F        12579.85
DP   3  08 05 0  F        12471.11
DP   3  08 05 1  F        12189.83
DP   3  08 06 0  F        11878.22
DP   3  08 06 1  F        11714.76
DP   3  08 07 0  F        11784.77
DP   3  08 07 1  F        12118.21
DP   3  08 08 0  F        12616.91
DP   3  08 08 1  F        13148.54
DP   3  08 09 0  F        13572.36
DP   3  08 09 1  F        13802.30
DP   3  08 10 0  F        13979.46
DP   3  08 10 1  F        14243.13
DP   3  08 11 0  F        14498.41
DP   3  08 11 1  F        14619.72
DP   3  08 12 0  F        14593.06
DP   3  08 12 1  F        14455.89
DP   3  08 13 0  F        14340.01
DP   3  08 13 1  F        14365.95
DP   3  08 14 0  F        14515.08
DP   3  08 14 1  F        14717.86
DP   3  08 15 0  F        14840.54
DP   3  08 15 1  F        14787.25
DP   3  08 16 0  F        14678.07
DP   3  08 16 1  F        14616.12
DP   3  08 17 0  F        14420.80
DP   3  08 17 1  F        13968.01
DP   3  08 18 0  F        13643.34
DP   3  08 18 1  F        13797.87
DP   3  08 19 0  F        14134.81
DP   3  08 19 1  F        14289.34
DP   3  08 20 0  F        14272.44
DP   3  08 20 1  F        14199.49
DP   3  08 21 0  F        14227.82
DP   3  08 21 1  F        14457.98
DP   3  08 22 0  F        14721.37
DP   3  08 22 1  F        14838.32
DP   3  08 23 0  F        14853.94
DP   3  08 23 1  F        14869.56
DP   4  08 00 0  F        7421.06
DP   4  08 00 1  F        7370.24
DP   4  08 01 0  F        7319.28
DP   4  08 01 1  F        7266.76
DP   4  08 02 0  F        7206.19
DP   4  08 02 1  F        7133.99
DP   4  08 03 0  F        7063.37
DP   4  08 03 1  F        7006.33
DP   4  08 04 0  F        6953.11
DP   4  08 04 1  F        6896.41
DP   4  08 05 0  F        6860.26
DP   4  08 05 1  F        6854.42
DP   4  08 06 0  F        6800.07
DP   4  08 06 1  F        6636.70
DP   4  08 07 0  F        6465.63
DP   4  08 07 1  F        6403.49
DP   4  08 08 0  F        6466.32
DP   4  08 08 1  F        6630.02
DP   4  08 09 0  F        6810.59
DP   4  08 09 1  F        6934.36
DP   4  08 10 0  F        7028.89
DP   4  08 10 1  F        7132.30
DP   4  08 11 0  F        7223.88
DP   4  08 11 1  F        7273.27
DP   4  08 12 0  F        7270.50
DP   4  08 12 1  F        7226.80
DP   4  08 13 0  F        7217.68
DP   4  08 13 1  F        7311.39
DP   4  08 14 0  F        7482.63
DP   4  08 14 1  F        7677.82
DP   4  08 15 0  F        7823.80
DP   4  08 15 1  F        7866.81
DP   4  08 16 0  F        7850.05
DP   4  08 16 1  F        7817.69
DP   4  08 17 0  F        7720.59
DP   4  08 17 1  F        7516.99
DP   4  08 18 0  F        7288.14
DP   4  08 18 1  F        7133.08
DP   4  08 19 0  F        7099.13
DP   4  08 19 1  F        7192.19
DP   4  08 20 0  F        7304.09
DP   4  08 20 1  F        7343.48
DP   4  08 21 0  F        7400.40
DP   4  08 21 1  F        7561.35
DP   4  08 22 0  F        7717.43
DP   4  08 22 1  F        7750.73
DP   4  08 23 0  F        7702.72
DP   4  08 23 1  F        7654.72
