&   CARGA
&
&   ss  di hi m df hf m Demanda
&X  XX  XX XX X XX XX X XXXXXXXXXX
DP   1  12 00 0  F        46859.06
DP   1  12 00 1  F        45479.87
DP   1  12 01 0  F        44201.85
DP   1  12 01 1  F        43105.26
DP   1  12 02 0  F        42186.75
DP   1  12 02 1  F        41427.32
DP   1  12 03 0  F        40829.01
DP   1  12 03 1  F        40396.43
DP   1  12 04 0  F        40123.52
DP   1  12 04 1  F        39997.78
DP   1  12 05 0  F        39991.75
DP   1  12 05 1  F        40084.45
DP   1  12 06 0  F        40295.99
DP   1  12 06 1  F        40693.35
DP   1  12 07 0  F        41489.88
DP   1  12 07 1  F        42837.21
DP   1  12 08 0  F        44493.94
DP   1  12 08 1  F        46141.23
DP   1  12 09 0  F        47543.83
DP   1  12 09 1  F        48563.04
DP   1  12 10 0  F        49362.99
DP   1  12 10 1  F        50107.42
DP   1  12 11 0  F        50655.75
DP   1  12 11 1  F        50848.98
DP   1  12 12 0  F        50758.73
DP   1  12 12 1  F        50556.82
DP   1  12 13 0  F        50585.34
DP   1  12 13 1  F        51086.70
DP   1  12 14 0  F        51734.52
DP   1  12 14 1  F        52154.06
DP   1  12 15 0  F        52345.84
DP   1  12 15 1  F        52377.60
DP   1  12 16 0  F        52210.56
DP   1  12 16 1  F        51778.46
DP   1  12 17 0  F        51011.62
DP   1  12 17 1  F        49909.81
DP   1  12 18 0  F        48753.74
DP   1  12 18 1  F        47915.66
DP   1  12 19 0  F        47852.75
DP   1  12 19 1  F        48771.25
DP   1  12 20 0  F        49788.73
DP   1  12 20 1  F        50044.72
DP   1  12 21 0  F        49855.28
DP   1  12 21 1  F        49677.71
DP   1  12 22 0  F        49357.84
DP   1  12 22 1  F        48677.25
DP   1  12 23 0  F        47771.98
DP   1  12 23 1  F        46866.72
DP   2  12 00 0  F        15890.75
DP   2  12 00 1  F        15320.43
DP   2  12 01 0  F        14798.02
DP   2  12 01 1  F        14361.05
DP   2  12 02 0  F        14005.52
DP   2  12 02 1  F        13716.56
DP   2  12 03 0  F        13477.28
DP   2  12 03 1  F        13276.09
DP   2  12 04 0  F        13124.43
DP   2  12 04 1  F        13037.99
DP   2  12 05 0  F        13026.57
DP   2  12 05 1  F        13090.53
DP   2  12 06 0  F        13198.56
DP   2  12 06 1  F        13350.48
DP   2  12 07 0  F        13702.22
DP   2  12 07 1  F        14381.86
DP   2  12 08 0  F        15250.00
DP   2  12 08 1  F        16105.55
DP   2  12 09 0  F        16768.29
DP   2  12 09 1  F        17131.62
DP   2  12 10 0  F        17362.77
DP   2  12 10 1  F        17646.20
DP   2  12 11 0  F        17961.63
DP   2  12 11 1  F        18205.07
DP   2  12 12 0  F        18142.40
DP   2  12 12 1  F        17675.39
DP   2  12 13 0  F        17379.54
DP   2  12 13 1  F        17764.48
DP   2  12 14 0  F        18402.77
DP   2  12 14 1  F        18763.70
DP   2  12 15 0  F        18840.41
DP   2  12 15 1  F        18749.69
DP   2  12 16 0  F        18578.83
DP   2  12 16 1  F        18382.26
DP   2  12 17 0  F        18112.27
DP   2  12 17 1  F        17699.09
DP   2  12 18 0  F        17086.84
DP   2  12 18 1  F        16313.76
DP   2  12 19 0  F        15780.77
DP   2  12 19 1  F        15818.41
DP   2  12 20 0  F        16112.98
DP   2  12 20 1  F        16286.11
DP   2  12 21 0  F        16344.86
DP   2  12 21 1  F        16365.48
DP   2  12 22 0  F        16315.62
DP   2  12 22 1  F        16156.50
DP   2  12 23 0  F        15932.37
DP   2  12 23 1  F        15708.25
DP   3  12 00 0  F        14112.62
DP   3  12 00 1  F        13866.23
DP   3  12 01 0  F        13632.99
DP   3  12 01 1  F        13424.23
DP   3  12 02 0  F        13244.03
DP   3  12 02 1  F        13091.13
DP   3  12 03 0  F        12950.04
DP   3  12 03 1  F        12812.48
DP   3  12 04 0  F        12713.07
DP   3  12 04 1  F        12665.62
DP   3  12 05 0  F        12557.62
DP   3  12 05 1  F        12293.95
DP   3  12 06 0  F        11975.48
DP   3  12 06 1  F        11743.62
DP   3  12 07 0  F        11706.08
DP   3  12 07 1  F        11926.82
DP   3  12 08 0  F        12328.42
DP   3  12 08 1  F        12797.13
DP   3  12 09 0  F        13215.16
DP   3  12 09 1  F        13495.28
DP   3  12 10 0  F        13676.37
DP   3  12 10 1  F        13818.45
DP   3  12 11 0  F        13939.84
DP   3  12 11 1  F        14033.48
DP   3  12 12 0  F        14032.52
DP   3  12 12 1  F        13902.68
DP   3  12 13 0  F        13799.83
DP   3  12 13 1  F        13872.97
DP   3  12 14 0  F        14053.66
DP   3  12 14 1  F        14232.39
DP   3  12 15 0  F        14353.01
DP   3  12 15 1  F        14383.73
DP   3  12 16 0  F        14336.77
DP   3  12 16 1  F        14213.88
DP   3  12 17 0  F        13930.73
DP   3  12 17 1  F        13461.89
DP   3  12 18 0  F        13103.55
DP   3  12 18 1  F        13119.71
DP   3  12 19 0  F        13323.99
DP   3  12 19 1  F        13467.67
DP   3  12 20 0  F        13503.01
DP   3  12 20 1  F        13463.27
DP   3  12 21 0  F        13504.45
DP   3  12 21 1  F        13743.08
DP   3  12 22 0  F        14014.79
DP   3  12 22 1  F        14140.89
DP   3  12 23 0  F        14166.23
DP   3  12 23 1  F        14191.57
DP   4  12 00 0  F        8238.19
DP   4  12 00 1  F        8181.53
DP   4  12 01 0  F        8107.33
DP   4  12 01 1  F        8007.21
DP   4  12 02 0  F        7909.49
DP   4  12 02 1  F        7839.51
DP   4  12 03 0  F        7774.01
DP   4  12 03 1  F        7687.70
DP   4  12 04 0  F        7595.73
DP   4  12 04 1  F        7520.58
DP   4  12 05 0  F        7473.68
DP   4  12 05 1  F        7449.80
DP   4  12 06 0  F        7387.91
DP   4  12 06 1  F        7242.11
DP   4  12 07 0  F        7082.63
DP   4  12 07 1  F        6998.28
DP   4  12 08 0  F        7035.95
DP   4  12 08 1  F        7204.52
DP   4  12 09 0  F        7402.73
DP   4  12 09 1  F        7531.40
DP   4  12 10 0  F        7609.80
DP   4  12 10 1  F        7678.31
DP   4  12 11 0  F        7743.08
DP   4  12 11 1  F        7796.45
DP   4  12 12 0  F        7809.59
DP   4  12 12 1  F        7770.87
DP   4  12 13 0  F        7758.60
DP   4  12 13 1  F        7844.76
DP   4  12 14 0  F        7986.02
DP   4  12 14 1  F        8118.29
DP   4  12 15 0  F        8209.93
DP   4  12 15 1  F        8244.64
DP   4  12 16 0  F        8235.24
DP   4  12 16 1  F        8195.04
DP   4  12 17 0  F        8110.24
DP   4  12 17 1  F        7970.82
DP   4  12 18 0  F        7808.91
DP   4  12 18 1  F        7673.40
DP   4  12 19 0  F        7638.02
DP   4  12 19 1  F        7744.53
DP   4  12 20 0  F        7881.98
DP   4  12 20 1  F        7938.56
DP   4  12 21 0  F        7951.60
DP   4  12 21 1  F        7981.21
DP   4  12 22 0  F        8029.38
DP   4  12 22 1  F        8085.16
DP   4  12 23 0  F        8143.95
DP   4  12 23 1  F        8202.75
DP   1  13 00 0  F        45474.75
DP   1  13 00 1  F        44233.34
DP   1  13 01 0  F        43076.52
DP   1  13 01 1  F        42067.87
DP   1  13 02 0  F        41186.98
DP   1  13 02 1  F        40405.58
DP   1  13 03 0  F        39747.94
DP   1  13 03 1  F        39244.41
DP   1  13 04 0  F        38897.25
DP   1  13 04 1  F        38684.30
DP   1  13 05 0  F        38513.92
DP   1  13 05 1  F        38293.69
DP   1  13 06 0  F        37997.60
DP   1  13 06 1  F        37689.13
DP   1  13 07 0  F        37723.45
DP   1  13 07 1  F        38384.42
DP   1  13 08 0  F        39378.92
DP   1  13 08 1  F        40341.66
DP   1  13 09 0  F        41195.60
DP   1  13 09 1  F        41936.24
DP   1  13 10 0  F        42560.90
DP   1  13 10 1  F        43059.22
DP   1  13 11 0  F        43388.36
DP   1  13 11 1  F        43528.31
DP   1  13 12 0  F        43583.05
DP   1  13 12 1  F        43653.70
DP   1  13 13 0  F        43706.06
DP   1  13 13 1  F        43689.10
DP   1  13 14 0  F        43619.82
DP   1  13 14 1  F        43532.95
DP   1  13 15 0  F        43466.14
DP   1  13 15 1  F        43448.15
DP   1  13 16 0  F        43469.37
DP   1  13 16 1  F        43507.54
DP   1  13 17 0  F        43528.34
DP   1  13 17 1  F        43526.26
DP   1  13 18 0  F        43623.29
DP   1  13 18 1  F        43982.41
DP   1  13 19 0  F        44803.18
DP   1  13 19 1  F        46110.79
DP   1  13 20 0  F        47196.41
DP   1  13 20 1  F        47399.63
DP   1  13 21 0  F        46987.68
DP   1  13 21 1  F        46373.59
DP   1  13 22 0  F        45626.03
DP   1  13 22 1  F        44743.03
DP   1  13 23 0  F        43784.58
DP   1  13 23 1  F        42826.12
DP   2  13 00 0  F        14985.73
DP   2  13 00 1  F        14453.24
DP   2  13 01 0  F        13972.97
DP   2  13 01 1  F        13581.98
DP   2  13 02 0  F        13256.74
DP   2  13 02 1  F        12966.28
DP   2  13 03 0  F        12710.60
DP   2  13 03 1  F        12499.25
DP   2  13 04 0  F        12349.20
DP   2  13 04 1  F        12270.81
DP   2  13 05 0  F        12240.61
DP   2  13 05 1  F        12227.99
DP   2  13 06 0  F        12207.50
DP   2  13 06 1  F        12192.72
DP   2  13 07 0  F        12348.12
DP   2  13 07 1  F        12803.32
DP   2  13 08 0  F        13397.59
DP   2  13 08 1  F        13929.94
DP   2  13 09 0  F        14328.64
DP   2  13 09 1  F        14577.95
DP   2  13 10 0  F        14756.89
DP   2  13 10 1  F        14949.48
DP   2  13 11 0  F        15165.17
DP   2  13 11 1  F        15365.87
DP   2  13 12 0  F        15398.21
DP   2  13 12 1  F        15172.18
DP   2  13 13 0  F        14966.68
DP   2  13 13 1  F        15046.70
DP   2  13 14 0  F        15252.84
DP   2  13 14 1  F        15367.15
DP   2  13 15 0  F        15361.99
DP   2  13 15 1  F        15268.21
DP   2  13 16 0  F        15160.41
DP   2  13 16 1  F        15103.89
DP   2  13 17 0  F        15083.26
DP   2  13 17 1  F        15051.23
DP   2  13 18 0  F        14913.79
DP   2  13 18 1  F        14640.52
DP   2  13 19 0  F        14502.04
DP   2  13 19 1  F        14725.64
DP   2  13 20 0  F        15064.14
DP   2  13 20 1  F        15221.20
DP   2  13 21 0  F        15178.15
DP   2  13 21 1  F        14986.89
DP   2  13 22 0  F        14703.85
DP   2  13 22 1  F        14379.88
DP   2  13 23 0  F        14038.80
DP   2  13 23 1  F        13697.73
DP   3  13 00 0  F        13848.14
DP   3  13 00 1  F        13653.01
DP   3  13 01 0  F        13458.55
DP   3  13 01 1  F        13268.39
DP   3  13 02 0  F        13097.92
DP   3  13 02 1  F        12957.70
DP   3  13 03 0  F        12827.35
DP   3  13 03 1  F        12692.18
DP   3  13 04 0  F        12591.29
DP   3  13 04 1  F        12542.54
DP   3  13 05 0  F        12425.05
DP   3  13 05 1  F        12133.74
DP   3  13 06 0  F        11765.62
DP   3  13 06 1  F        11456.98
DP   3  13 07 0  F        11299.22
DP   3  13 07 1  F        11344.18
DP   3  13 08 0  F        11530.33
DP   3  13 08 1  F        11768.07
DP   3  13 09 0  F        11968.74
DP   3  13 09 1  F        12072.03
DP   3  13 10 0  F        12130.00
DP   3  13 10 1  F        12205.79
DP   3  13 11 0  F        12294.63
DP   3  13 11 1  F        12371.19
DP   3  13 12 0  F        12395.84
DP   3  13 12 1  F        12347.74
DP   3  13 13 0  F        12295.31
DP   3  13 13 1  F        12305.63
DP   3  13 14 0  F        12351.17
DP   3  13 14 1  F        12388.80
DP   3  13 15 0  F        12407.89
DP   3  13 15 1  F        12405.37
DP   3  13 16 0  F        12376.19
DP   3  13 16 1  F        12316.81
DP   3  13 17 0  F        12231.78
DP   3  13 17 1  F        12163.83
DP   3  13 18 0  F        12300.33
DP   3  13 18 1  F        12762.44
DP   3  13 19 0  F        13261.79
DP   3  13 19 1  F        13497.86
DP   3  13 20 0  F        13530.95
DP   3  13 20 1  F        13496.45
DP   3  13 21 0  F        13469.29
DP   3  13 21 1  F        13489.34
DP   3  13 22 0  F        13517.01
DP   3  13 22 1  F        13507.03
DP   3  13 23 0  F        13471.11
DP   3  13 23 1  F        13435.19
DP   4  13 00 0  F        8084.82
DP   4  13 00 1  F        8048.58
DP   4  13 01 0  F        7999.27
DP   4  13 01 1  F        7929.08
DP   4  13 02 0  F        7851.24
DP   4  13 02 1  F        7780.23
DP   4  13 03 0  F        7714.50
DP   4  13 03 1  F        7648.13
DP   4  13 04 0  F        7573.92
DP   4  13 04 1  F        7491.53
DP   4  13 05 0  F        7429.46
DP   4  13 05 1  F        7404.24
DP   4  13 06 0  F        7355.73
DP   4  13 06 1  F        7230.26
DP   4  13 07 0  F        7076.61
DP   4  13 07 1  F        6960.86
DP   4  13 08 0  F        6915.72
DP   4  13 08 1  F        6951.08
DP   4  13 09 0  F        7018.88
DP   4  13 09 1  F        7070.47
DP   4  13 10 0  F        7112.94
DP   4  13 10 1  F        7162.32
DP   4  13 11 0  F        7214.78
DP   4  13 11 1  F        7258.96
DP   4  13 12 0  F        7273.06
DP   4  13 12 1  F        7246.66
DP   4  13 13 0  F        7225.13
DP   4  13 13 1  F        7253.54
DP   4  13 14 0  F        7319.81
DP   4  13 14 1  F        7398.09
DP   4  13 15 0  F        7464.48
DP   4  13 15 1  F        7500.06
DP   4  13 16 0  F        7503.71
DP   4  13 16 1  F        7478.96
DP   4  13 17 0  F        7430.03
DP   4  13 17 1  F        7367.07
DP   4  13 18 0  F        7323.36
DP   4  13 18 1  F        7333.16
DP   4  13 19 0  F        7411.56
DP   4  13 19 1  F        7552.82
DP   4  13 20 0  F        7686.82
DP   4  13 20 1  F        7749.05
DP   4  13 21 0  F        7761.82
DP   4  13 21 1  F        7764.12
DP   4  13 22 0  F        7775.06
DP   4  13 22 1  F        7804.50
DP   4  13 23 0  F        7845.33
DP   4  13 23 1  F        7886.15
DP   1  14 00 0  F        42143.52
DP   1  14 00 1  F        41078.19
DP   1  14 01 0  F        40072.00
DP   1  14 01 1  F        39170.24
DP   1  14 02 0  F        38362.81
DP   1  14 02 1  F        37634.98
DP   1  14 03 0  F        37008.81
DP   1  14 03 1  F        36509.53
DP   1  14 04 0  F        36138.12
DP   1  14 04 1  F        35869.79
DP   1  14 05 0  F        35600.82
DP   1  14 05 1  F        35228.65
DP   1  14 06 0  F        34734.39
DP   1  14 06 1  F        34188.48
DP   1  14 07 0  F        33934.91
DP   1  14 07 1  F        34255.56
DP   1  14 08 0  F        34910.11
DP   1  14 08 1  F        35589.05
DP   1  14 09 0  F        36228.17
DP   1  14 09 1  F        36827.79
DP   1  14 10 0  F        37401.07
DP   1  14 10 1  F        37955.76
DP   1  14 11 0  F        38465.17
DP   1  14 11 1  F        38899.68
DP   1  14 12 0  F        39252.28
DP   1  14 12 1  F        39518.89
DP   1  14 13 0  F        39684.36
DP   1  14 13 1  F        39742.35
DP   1  14 14 0  F        39732.82
DP   1  14 14 1  F        39707.72
DP   1  14 15 0  F        39720.90
DP   1  14 15 1  F        39821.77
DP   1  14 16 0  F        40040.20
DP   1  14 16 1  F        40380.19
DP   1  14 17 0  F        40761.79
DP   1  14 17 1  F        41103.33
DP   1  14 18 0  F        41400.15
DP   1  14 18 1  F        41738.63
DP   1  14 19 0  F        42492.34
DP   1  14 19 1  F        43873.88
DP   1  14 20 0  F        45164.73
DP   1  14 20 1  F        45657.49
DP   1  14 21 0  F        45620.48
DP   1  14 21 1  F        45461.76
DP   1  14 22 0  F        45172.61
DP   1  14 22 1  F        44679.20
DP   1  14 23 0  F        44064.12
DP   1  14 23 1  F        43449.04
DP   2  14 00 0  F        14087.96
DP   2  14 00 1  F        13627.65
DP   2  14 01 0  F        13206.37
DP   2  14 01 1  F        12853.32
DP   2  14 02 0  F        12558.27
DP   2  14 02 1  F        12302.27
DP   2  14 03 0  F        12070.78
DP   2  14 03 1  F        11858.93
DP   2  14 04 0  F        11696.11
DP   2  14 04 1  F        11606.31
DP   2  14 05 0  F        11557.60
DP   2  14 05 1  F        11507.46
DP   2  14 06 0  F        11426.89
DP   2  14 06 1  F        11329.18
DP   2  14 07 0  F        11383.21
DP   2  14 07 1  F        11726.30
DP   2  14 08 0  F        12213.81
DP   2  14 08 1  F        12663.12
DP   2  14 09 0  F        13021.69
DP   2  14 09 1  F        13284.69
DP   2  14 10 0  F        13508.34
DP   2  14 10 1  F        13751.78
DP   2  14 11 0  F        14024.89
DP   2  14 11 1  F        14296.80
DP   2  14 12 0  F        14422.87
DP   2  14 12 1  F        14315.47
DP   2  14 13 0  F        14228.77
DP   2  14 13 1  F        14401.12
DP   2  14 14 0  F        14665.94
DP   2  14 14 1  F        14810.01
DP   2  14 15 0  F        14838.55
DP   2  14 15 1  F        14808.52
DP   2  14 16 0  F        14765.27
DP   2  14 16 1  F        14745.56
DP   2  14 17 0  F        14763.33
DP   2  14 17 1  F        14798.31
DP   2  14 18 0  F        14716.18
DP   2  14 18 1  F        14453.92
DP   2  14 19 0  F        14347.86
DP   2  14 19 1  F        14685.16
DP   2  14 20 0  F        15156.94
DP   2  14 20 1  F        15399.23
DP   2  14 21 0  F        15423.66
DP   2  14 21 1  F        15325.47
DP   2  14 22 0  F        15158.72
DP   2  14 22 1  F        14961.97
DP   2  14 23 0  F        14752.84
DP   2  14 23 1  F        14543.70
DP   3  14 00 0  F        13443.35
DP   3  14 00 1  F        13254.68
DP   3  14 01 0  F        13076.55
DP   3  14 01 1  F        12915.91
DP   3  14 02 0  F        12765.22
DP   3  14 02 1  F        12615.97
DP   3  14 03 0  F        12470.12
DP   3  14 03 1  F        12336.32
DP   3  14 04 0  F        12239.31
DP   3  14 04 1  F        12179.97
DP   3  14 05 0  F        12047.56
DP   3  14 05 1  F        11747.55
DP   3  14 06 0  F        11361.77
DP   3  14 06 1  F        11008.82
DP   3  14 07 0  F        10777.89
DP   3  14 07 1  F        10721.22
DP   3  14 08 0  F        10772.45
DP   3  14 08 1  F        10848.22
DP   3  14 09 0  F        10915.58
DP   3  14 09 1  F        10960.38
DP   3  14 10 0  F        10993.42
DP   3  14 10 1  F        11031.12
DP   3  14 11 0  F        11087.76
DP   3  14 11 1  F        11167.40
DP   3  14 12 0  F        11235.59
DP   3  14 12 1  F        11261.87
DP   3  14 13 0  F        11270.23
DP   3  14 13 1  F        11290.56
DP   3  14 14 0  F        11321.92
DP   3  14 14 1  F        11355.45
DP   3  14 15 0  F        11381.46
DP   3  14 15 1  F        11393.92
DP   3  14 16 0  F        11402.06
DP   3  14 16 1  F        11412.02
DP   3  14 17 0  F        11402.20
DP   3  14 17 1  F        11391.83
DP   3  14 18 0  F        11591.37
DP   3  14 18 1  F        12141.92
DP   3  14 19 0  F        12715.94
DP   3  14 19 1  F        12977.86
DP   3  14 20 0  F        13028.74
DP   3  14 20 1  F        13046.96
DP   3  14 21 0  F        13083.63
DP   3  14 21 1  F        13147.52
DP   3  14 22 0  F        13205.43
DP   3  14 22 1  F        13225.08
DP   3  14 23 0  F        13219.89
DP   3  14 23 1  F        13214.70
DP   4  14 00 0  F        7716.00
DP   4  14 00 1  F        7678.27
DP   4  14 01 0  F        7630.88
DP   4  14 01 1  F        7567.76
DP   4  14 02 0  F        7497.34
DP   4  14 02 1  F        7430.29
DP   4  14 03 0  F        7371.78
DP   4  14 03 1  F        7322.03
DP   4  14 04 0  F        7266.92
DP   4  14 04 1  F        7196.83
DP   4  14 05 0  F        7134.61
DP   4  14 05 1  F        7095.88
DP   4  14 06 0  F        7034.92
DP   4  14 06 1  F        6910.20
DP   4  14 07 0  F        6758.37
DP   4  14 07 1  F        6629.46
DP   4  14 08 0  F        6548.79
DP   4  14 08 1  F        6526.23
DP   4  14 09 0  F        6534.63
DP   4  14 09 1  F        6544.55
DP   4  14 10 0  F        6554.55
DP   4  14 10 1  F        6570.95
DP   4  14 11 0  F        6603.02
DP   4  14 11 1  F        6653.13
DP   4  14 12 0  F        6692.95
DP   4  14 12 1  F        6699.95
DP   4  14 13 0  F        6705.46
DP   4  14 13 1  F        6743.77
DP   4  14 14 0  F        6807.02
DP   4  14 14 1  F        6878.42
DP   4  14 15 0  F        6947.53
DP   4  14 15 1  F        7005.80
DP   4  14 16 0  F        7045.99
DP   4  14 16 1  F        7061.90
DP   4  14 17 0  F        7050.08
DP   4  14 17 1  F        7016.96
DP   4  14 18 0  F        7005.80
DP   4  14 18 1  F        7059.39
DP   4  14 19 0  F        7181.86
DP   4  14 19 1  F        7354.08
DP   4  14 20 0  F        7502.34
DP   4  14 20 1  F        7564.02
DP   4  14 21 0  F        7575.10
DP   4  14 21 1  F        7587.03
DP   4  14 22 0  F        7614.25
DP   4  14 22 1  F        7659.40
DP   4  14 23 0  F        7714.79
DP   4  14 23 1  F        7770.19
DP   1  15 00 0  F        42388.71
DP   1  15 00 1  F        41256.38
DP   1  15 01 0  F        40217.32
DP   1  15 01 1  F        39341.32
DP   1  15 02 0  F        38604.36
DP   1  15 02 1  F        37973.19
DP   1  15 03 0  F        37471.57
DP   1  15 03 1  F        37129.30
DP   1  15 04 0  F        36943.43
DP   1  15 04 1  F        36899.66
DP   1  15 05 0  F        36971.16
DP   1  15 05 1  F        37146.41
DP   1  15 06 0  F        37487.99
DP   1  15 06 1  F        38091.39
DP   1  15 07 0  F        39109.71
DP   1  15 07 1  F        40630.65
DP   1  15 08 0  F        42422.55
DP   1  15 08 1  F        44196.84
DP   1  15 09 0  F        45756.80
DP   1  15 09 1  F        46983.29
DP   1  15 10 0  F        47975.55
DP   1  15 10 1  F        48841.88
DP   1  15 11 0  F        49508.57
DP   1  15 11 1  F        49879.67
DP   1  15 12 0  F        49952.52
DP   1  15 12 1  F        49824.82
DP   1  15 13 0  F        49902.53
DP   1  15 13 1  F        50498.91
DP   1  15 14 0  F        51248.39
DP   1  15 14 1  F        51726.85
DP   1  15 15 0  F        51954.81
DP   1  15 15 1  F        52054.52
DP   1  15 16 0  F        52110.34
DP   1  15 16 1  F        52100.65
DP   1  15 17 0  F        51617.54
DP   1  15 17 1  F        50359.60
DP   1  15 18 0  F        48837.66
DP   1  15 18 1  F        47736.56
DP   1  15 19 0  F        47624.95
DP   1  15 19 1  F        48732.50
DP   1  15 20 0  F        50049.36
DP   1  15 20 1  F        50575.31
DP   1  15 21 0  F        50588.31
DP   1  15 21 1  F        50531.34
DP   1  15 22 0  F        50229.27
DP   1  15 22 1  F        49455.30
DP   1  15 23 0  F        48393.96
DP   1  15 23 1  F        47332.62
DP   2  15 00 0  F        14477.09
DP   2  15 00 1  F        14048.44
DP   2  15 01 0  F        13660.65
DP   2  15 01 1  F        13344.18
DP   2  15 02 0  F        13087.88
DP   2  15 02 1  F        12872.73
DP   2  15 03 0  F        12689.80
DP   2  15 03 1  F        12536.78
DP   2  15 04 0  F        12427.71
DP   2  15 04 1  F        12380.65
DP   2  15 05 0  F        12413.23
DP   2  15 05 1  F        12531.05
DP   2  15 06 0  F        12692.14
DP   2  15 06 1  F        12888.49
DP   2  15 07 0  F        13295.67
DP   2  15 07 1  F        14051.12
DP   2  15 08 0  F        14956.26
DP   2  15 08 1  F        15766.93
DP   2  15 09 0  F        16392.76
DP   2  15 09 1  F        16811.48
DP   2  15 10 0  F        17119.71
DP   2  15 10 1  F        17423.33
DP   2  15 11 0  F        17746.59
DP   2  15 11 1  F        18038.74
DP   2  15 12 0  F        18030.62
DP   2  15 12 1  F        17582.86
DP   2  15 13 0  F        17293.71
DP   2  15 13 1  F        17701.99
DP   2  15 14 0  F        18371.22
DP   2  15 14 1  F        18756.68
DP   2  15 15 0  F        18855.98
DP   2  15 15 1  F        18797.06
DP   2  15 16 0  F        18686.77
DP   2  15 16 1  F        18589.96
DP   2  15 17 0  F        18424.44
DP   2  15 17 1  F        18079.41
DP   2  15 18 0  F        17476.43
DP   2  15 18 1  F        16655.23
DP   2  15 19 0  F        16095.65
DP   2  15 19 1  F        16195.41
DP   2  15 20 0  F        16583.51
DP   2  15 20 1  F        16810.74
DP   2  15 21 0  F        16883.73
DP   2  15 21 1  F        16893.98
DP   2  15 22 0  F        16816.48
DP   2  15 22 1  F        16617.93
DP   2  15 23 0  F        16348.44
DP   2  15 23 1  F        16078.95
DP   3  15 00 0  F        13411.73
DP   3  15 00 1  F        13191.71
DP   3  15 01 0  F        12979.77
DP   3  15 01 1  F        12784.93
DP   3  15 02 0  F        12620.08
DP   3  15 02 1  F        12491.55
DP   3  15 03 0  F        12375.76
DP   3  15 03 1  F        12255.80
DP   3  15 04 0  F        12171.46
DP   3  15 04 1  F        12142.10
DP   3  15 05 0  F        12048.64
DP   3  15 05 1  F        11793.13
DP   3  15 06 0  F        11500.52
DP   3  15 06 1  F        11332.84
DP   3  15 07 0  F        11377.32
DP   3  15 07 1  F        11674.21
DP   3  15 08 0  F        12150.38
DP   3  15 08 1  F        12695.15
DP   3  15 09 0  F        13160.82
DP   3  15 09 1  F        13437.70
DP   3  15 10 0  F        13605.11
DP   3  15 10 1  F        13763.68
DP   3  15 11 0  F        13910.12
DP   3  15 11 1  F        14007.49
DP   3  15 12 0  F        13988.22
DP   3  15 12 1  F        13830.89
DP   3  15 13 0  F        13729.18
DP   3  15 13 1  F        13857.45
DP   3  15 14 0  F        14097.72
DP   3  15 14 1  F        14289.27
DP   3  15 15 0  F        14392.99
DP   3  15 15 1  F        14406.76
DP   3  15 16 0  F        14354.99
DP   3  15 16 1  F        14242.50
DP   3  15 17 0  F        13969.16
DP   3  15 17 1  F        13497.26
DP   3  15 18 0  F        13143.52
DP   3  15 18 1  F        13185.80
DP   3  15 19 0  F        13391.93
DP   3  15 19 1  F        13474.95
DP   3  15 20 0  F        13438.54
DP   3  15 20 1  F        13375.35
DP   3  15 21 0  F        13443.12
DP   3  15 21 1  F        13738.30
DP   3  15 22 0  F        14047.22
DP   3  15 22 1  F        14150.32
DP   3  15 23 0  F        14114.67
DP   3  15 23 1  F        14079.02
DP   4  15 00 0  F        7852.40
DP   4  15 00 1  F        7814.33
DP   4  15 01 0  F        7760.31
DP   4  15 01 1  F        7682.60
DP   4  15 02 0  F        7606.21
DP   4  15 02 1  F        7554.07
DP   4  15 03 0  F        7507.97
DP   4  15 03 1  F        7445.78
DP   4  15 04 0  F        7370.83
DP   4  15 04 1  F        7295.99
DP   4  15 05 0  F        7246.78
DP   4  15 05 1  F        7234.13
DP   4  15 06 0  F        7197.79
DP   4  15 06 1  F        7087.45
DP   4  15 07 0  F        6963.63
DP   4  15 07 1  F        6904.54
DP   4  15 08 0  F        6948.26
DP   4  15 08 1  F        7102.89
DP   4  15 09 0  F        7296.71
DP   4  15 09 1  F        7454.46
DP   4  15 10 0  F        7566.55
DP   4  15 10 1  F        7642.62
DP   4  15 11 0  F        7703.51
DP   4  15 11 1  F        7760.61
DP   4  15 12 0  F        7776.52
DP   4  15 12 1  F        7727.45
DP   4  15 13 0  F        7692.94
DP   4  15 13 1  F        7751.83
DP   4  15 14 0  F        7876.75
DP   4  15 14 1  F        8016.61
DP   4  15 15 0  F        8131.49
DP   4  15 15 1  F        8192.29
DP   4  15 16 0  F        8201.84
DP   4  15 16 1  F        8167.49
DP   4  15 17 0  F        8082.82
DP   4  15 17 1  F        7943.64
DP   4  15 18 0  F        7768.36
DP   4  15 18 1  F        7594.87
DP   4  15 19 0  F        7516.51
DP   4  15 19 1  F        7597.83
DP   4  15 20 0  F        7732.85
DP   4  15 20 1  F        7807.54
DP   4  15 21 0  F        7846.06
DP   4  15 21 1  F        7894.80
DP   4  15 22 0  F        7950.70
DP   4  15 22 1  F        8001.62
DP   4  15 23 0  F        8048.43
DP   4  15 23 1  F        8095.24
DP   1  16 00 0  F        45960.62
DP   1  16 00 1  F        44535.00
DP   1  16 01 0  F        43227.36
DP   1  16 01 1  F        42131.29
DP   1  16 02 0  F        41242.83
DP   1  16 02 1  F        40532.60
DP   1  16 03 0  F        39967.31
DP   1  16 03 1  F        39524.43
DP   1  16 04 0  F        39228.55
DP   1  16 04 1  F        39104.88
DP   1  16 05 0  F        39133.89
DP   1  16 05 1  F        39285.06
DP   1  16 06 0  F        39528.50
DP   1  16 06 1  F        39900.62
DP   1  16 07 0  F        40702.11
DP   1  16 07 1  F        42160.22
DP   1  16 08 0  F        43944.04
DP   1  16 08 1  F        45642.34
DP   1  16 09 0  F        47080.84
DP   1  16 09 1  F        48190.66
DP   1  16 10 0  F        49087.53
DP   1  16 10 1  F        49879.36
DP   1  16 11 0  F        50458.09
DP   1  16 11 1  F        50707.98
DP   1  16 12 0  F        50698.62
DP   1  16 12 1  F        50590.14
DP   1  16 13 0  F        50719.47
DP   1  16 13 1  F        51323.96
DP   1  16 14 0  F        52065.56
DP   1  16 14 1  F        52558.13
DP   1  16 15 0  F        52798.42
DP   1  16 15 1  F        52880.63
DP   1  16 16 0  F        52905.74
DP   1  16 16 1  F        52869.64
DP   1  16 17 0  F        52340.93
DP   1  16 17 1  F        51003.07
DP   1  16 18 0  F        49426.10
DP   1  16 18 1  F        48336.47
DP   1  16 19 0  F        48199.59
DP   1  16 19 1  F        49155.50
DP   1  16 20 0  F        50303.97
DP   1  16 20 1  F        50762.72
DP   1  16 21 0  F        50761.75
DP   1  16 21 1  F        50674.00
DP   1  16 22 0  F        50331.88
DP   1  16 22 1  F        49529.55
DP   1  16 23 0  F        48448.68
DP   1  16 23 1  F        47367.80
DP   2  16 00 0  F        16047.93
DP   2  16 00 1  F        15459.57
DP   2  16 01 0  F        14924.37
DP   2  16 01 1  F        14483.38
DP   2  16 02 0  F        14129.30
DP   2  16 02 1  F        13842.55
DP   2  16 03 0  F        13602.86
DP   2  16 03 1  F        13397.59
DP   2  16 04 0  F        13245.21
DP   2  16 04 1  F        13168.12
DP   2  16 05 0  F        13173.44
DP   2  16 05 1  F        13255.91
DP   2  16 06 0  F        13376.00
DP   2  16 06 1  F        13531.04
DP   2  16 07 0  F        13899.99
DP   2  16 07 1  F        14628.07
DP   2  16 08 0  F        15543.75
DP   2  16 08 1  F        16414.62
DP   2  16 09 0  F        17081.20
DP   2  16 09 1  F        17464.52
DP   2  16 10 0  F        17734.64
DP   2  16 10 1  F        18071.33
DP   2  16 11 0  F        18444.14
DP   2  16 11 1  F        18738.39
DP   2  16 12 0  F        18712.60
DP   2  16 12 1  F        18267.85
DP   2  16 13 0  F        18002.32
DP   2  16 13 1  F        18442.55
DP   2  16 14 0  F        19131.51
DP   2  16 14 1  F        19508.63
DP   2  16 15 0  F        19582.88
DP   2  16 15 1  F        19495.60
DP   2  16 16 0  F        19348.08
DP   2  16 16 1  F        19198.76
DP   2  16 17 0  F        18974.51
DP   2  16 17 1  F        18574.49
DP   2  16 18 0  F        17918.51
DP   2  16 18 1  F        17043.17
DP   2  16 19 0  F        16431.74
DP   2  16 19 1  F        16485.81
DP   2  16 20 0  F        16833.76
DP   2  16 20 1  F        17027.87
DP   2  16 21 0  F        17089.27
DP   2  16 21 1  F        17120.00
DP   2  16 22 0  F        17076.95
DP   2  16 22 1  F        16906.70
DP   2  16 23 0  F        16659.86
DP   2  16 23 1  F        16413.02
DP   3  16 00 0  F        14038.47
DP   3  16 00 1  F        13792.82
DP   3  16 01 0  F        13558.83
DP   3  16 01 1  F        13346.48
DP   3  16 02 0  F        13158.96
DP   3  16 02 1  F        12996.58
DP   3  16 03 0  F        12854.78
DP   3  16 03 1  F        12734.66
DP   3  16 04 0  F        12664.80
DP   3  16 04 1  F        12646.73
DP   3  16 05 0  F        12546.22
DP   3  16 05 1  F        12257.25
DP   3  16 06 0  F        11922.44
DP   3  16 06 1  F        11724.25
DP   3  16 07 0  F        11755.72
DP   3  16 07 1  F        12056.27
DP   3  16 08 0  F        12540.10
DP   3  16 08 1  F        13086.49
DP   3  16 09 0  F        13560.43
DP   3  16 09 1  F        13862.02
DP   3  16 10 0  F        14046.23
DP   3  16 10 1  F        14192.23
DP   3  16 11 0  F        14321.42
DP   3  16 11 1  F        14422.21
DP   3  16 12 0  F        14408.89
DP   3  16 12 1  F        14238.64
DP   3  16 13 0  F        14114.30
DP   3  16 13 1  F        14224.78
DP   3  16 14 0  F        14457.64
DP   3  16 14 1  F        14654.21
DP   3  16 15 0  F        14772.37
DP   3  16 15 1  F        14804.01
DP   3  16 16 0  F        14760.77
DP   3  16 16 1  F        14636.45
DP   3  16 17 0  F        14333.98
DP   3  16 17 1  F        13822.47
DP   3  16 18 0  F        13426.57
DP   3  16 18 1  F        13431.67
DP   3  16 19 0  F        13610.28
DP   3  16 19 1  F        13678.36
DP   3  16 20 0  F        13638.36
DP   3  16 20 1  F        13578.45
DP   3  16 21 0  F        13643.08
DP   3  16 21 1  F        13919.66
DP   3  16 22 0  F        14211.01
DP   3  16 22 1  F        14314.70
DP   3  16 23 0  F        14291.62
DP   3  16 23 1  F        14268.55
DP   4  16 00 0  F        8040.45
DP   4  16 00 1  F        7985.57
DP   4  16 01 0  F        7918.28
DP   4  16 01 1  F        7832.14
DP   4  16 02 0  F        7744.49
DP   4  16 02 1  F        7672.68
DP   4  16 03 0  F        7610.12
DP   4  16 03 1  F        7545.27
DP   4  16 04 0  F        7470.60
DP   4  16 04 1  F        7387.43
DP   4  16 05 0  F        7328.37
DP   4  16 05 1  F        7311.40
DP   4  16 06 0  F        7264.52
DP   4  16 06 1  F        7127.37
DP   4  16 07 0  F        6976.20
DP   4  16 07 1  F        6908.99
DP   4  16 08 0  F        6974.05
DP   4  16 08 1  F        7179.42
DP   4  16 09 0  F        7421.73
DP   4  16 09 1  F        7597.39
DP   4  16 10 0  F        7713.26
DP   4  16 10 1  F        7801.11
DP   4  16 11 0  F        7881.86
DP   4  16 11 1  F        7960.25
DP   4  16 12 0  F        7987.10
DP   4  16 12 1  F        7933.56
DP   4  16 13 0  F        7906.15
DP   4  16 13 1  F        8007.60
DP   4  16 14 0  F        8190.35
DP   4  16 14 1  F        8376.91
DP   4  16 15 0  F        8520.39
DP   4  16 15 1  F        8591.32
DP   4  16 16 0  F        8599.06
DP   4  16 16 1  F        8557.00
DP   4  16 17 0  F        8455.67
DP   4  16 17 1  F        8289.00
DP   4  16 18 0  F        8087.54
DP   4  16 18 1  F        7901.18
DP   4  16 19 0  F        7820.55
DP   4  16 19 1  F        7903.87
DP   4  16 20 0  F        8038.80
DP   4  16 20 1  F        8106.21
DP   4  16 21 0  F        8130.33
DP   4  16 21 1  F        8160.66
DP   4  16 22 0  F        8204.46
DP   4  16 22 1  F        8258.10
DP   4  16 23 0  F        8316.81
DP   4  16 23 1  F        8375.51
DP   1  17 00 0  F        46729.58
DP   1  17 00 1  F        45264.12
DP   1  17 01 0  F        43911.75
DP   1  17 01 1  F        42764.10
DP   1  17 02 0  F        41826.84
DP   1  17 02 1  F        41080.01
DP   1  17 03 0  F        40487.06
DP   1  17 03 1  F        40021.24
DP   1  17 04 0  F        39711.82
DP   1  17 04 1  F        39588.57
DP   1  17 05 0  F        39627.39
DP   1  17 05 1  F        39791.09
DP   1  17 06 0  F        40043.97
DP   1  17 06 1  F        40418.04
DP   1  17 07 0  F        41214.79
DP   1  17 07 1  F        42666.48
DP   1  17 08 0  F        44459.07
DP   1  17 08 1  F        46193.67
DP   1  17 09 0  F        47678.55
DP   1  17 09 1  F        48821.14
DP   1  17 10 0  F        49718.61
DP   1  17 10 1  F        50473.62
DP   1  17 11 0  F        51021.32
DP   1  17 11 1  F        51283.32
DP   1  17 12 0  F        51294.69
DP   1  17 12 1  F        51178.21
DP   1  17 13 0  F        51294.09
DP   1  17 13 1  F        51908.96
DP   1  17 14 0  F        52677.60
DP   1  17 14 1  F        53197.11
DP   1  17 15 0  F        53445.52
DP   1  17 15 1  F        53502.52
DP   1  17 16 0  F        53473.40
DP   1  17 16 1  F        53369.42
DP   1  17 17 0  F        52800.11
DP   1  17 17 1  F        51477.76
DP   1  17 18 0  F        49927.37
DP   1  17 18 1  F        48825.68
DP   1  17 19 0  F        48643.58
DP   1  17 19 1  F        49537.63
DP   1  17 20 0  F        50612.84
DP   1  17 20 1  F        50987.24
DP   1  17 21 0  F        50882.44
DP   1  17 21 1  F        50675.16
DP   1  17 22 0  F        50258.91
DP   1  17 22 1  F        49480.68
DP   1  17 23 0  F        48484.34
DP   1  17 23 1  F        47487.99
DP   2  17 00 0  F        15264.40
DP   2  17 00 1  F        14648.47
DP   2  17 01 0  F        14114.07
DP   2  17 01 1  F        13716.97
DP   2  17 02 0  F        13409.87
DP   2  17 02 1  F        13135.52
DP   2  17 03 0  F        12899.78
DP   2  17 03 1  F        12720.27
DP   2  17 04 0  F        12598.57
DP   2  17 04 1  F        12535.87
DP   2  17 05 0  F        12547.94
DP   2  17 05 1  F        12642.00
DP   2  17 06 0  F        12776.62
DP   2  17 06 1  F        12941.44
DP   2  17 07 0  F        13299.13
DP   2  17 07 1  F        13979.74
DP   2  17 08 0  F        14809.78
DP   2  17 08 1  F        15563.37
DP   2  17 09 0  F        16108.51
DP   2  17 09 1  F        16389.78
DP   2  17 10 0  F        16564.29
DP   2  17 10 1  F        16795.26
DP   2  17 11 0  F        17057.75
DP   2  17 11 1  F        17248.79
DP   2  17 12 0  F        17141.44
DP   2  17 12 1  F        16638.61
DP   2  17 13 0  F        16286.78
DP   2  17 13 1  F        16571.90
DP   2  17 14 0  F        17094.38
DP   2  17 14 1  F        17361.69
DP   2  17 15 0  F        17395.07
DP   2  17 15 1  F        17329.63
DP   2  17 16 0  F        17242.04
DP   2  17 16 1  F        17168.59
DP   2  17 17 0  F        17042.31
DP   2  17 17 1  F        16779.51
DP   2  17 18 0  F        16332.83
DP   2  17 18 1  F        15741.24
DP   2  17 19 0  F        15352.72
DP   2  17 19 1  F        15448.78
DP   2  17 20 0  F        15736.05
DP   2  17 20 1  F        15866.20
DP   2  17 21 0  F        15846.08
DP   2  17 21 1  F        15751.87
DP   2  17 22 0  F        15581.95
DP   2  17 22 1  F        15326.82
DP   2  17 23 0  F        15023.29
DP   2  17 23 1  F        14719.76
DP   3  17 00 0  F        13853.53
DP   3  17 00 1  F        13605.50
DP   3  17 01 0  F        13370.91
DP   3  17 01 1  F        13161.38
DP   3  17 02 0  F        12981.13
DP   3  17 02 1  F        12829.51
DP   3  17 03 0  F        12693.64
DP   3  17 03 1  F        12567.90
DP   3  17 04 0  F        12487.68
DP   3  17 04 1  F        12463.78
DP   3  17 05 0  F        12367.52
DP   3  17 05 1  F        12093.73
DP   3  17 06 0  F        11771.01
DP   3  17 06 1  F        11570.32
DP   3  17 07 0  F        11598.37
DP   3  17 07 1  F        11906.59
DP   3  17 08 0  F        12389.61
DP   3  17 08 1  F        12908.35
DP   3  17 09 0  F        13345.83
DP   3  17 09 1  F        13623.08
DP   3  17 10 0  F        13791.11
DP   3  17 10 1  F        13921.04
DP   3  17 11 0  F        14034.31
DP   3  17 11 1  F        14122.22
DP   3  17 12 0  F        14105.18
DP   3  17 12 1  F        13943.35
DP   3  17 13 0  F        13826.92
DP   3  17 13 1  F        13933.85
DP   3  17 14 0  F        14163.25
DP   3  17 14 1  F        14367.05
DP   3  17 15 0  F        14487.38
DP   3  17 15 1  F        14501.86
DP   3  17 16 0  F        14439.95
DP   3  17 16 1  F        14315.41
DP   3  17 17 0  F        14027.46
DP   3  17 17 1  F        13537.73
DP   3  17 18 0  F        13171.93
DP   3  17 18 1  F        13215.85
DP   3  17 19 0  F        13431.43
DP   3  17 19 1  F        13524.19
DP   3  17 20 0  F        13497.69
DP   3  17 20 1  F        13444.08
DP   3  17 21 0  F        13511.53
DP   3  17 21 1  F        13789.73
DP   3  17 22 0  F        14078.43
DP   3  17 22 1  F        14172.17
DP   3  17 23 0  F        14134.77
DP   3  17 23 1  F        14097.37
DP   4  17 00 0  F        8098.23
DP   4  17 00 1  F        8028.95
DP   4  17 01 0  F        7950.56
DP   4  17 01 1  F        7858.74
DP   4  17 02 0  F        7768.47
DP   4  17 02 1  F        7694.13
DP   4  17 03 0  F        7628.67
DP   4  17 03 1  F        7560.61
DP   4  17 04 0  F        7482.30
DP   4  17 04 1  F        7394.86
DP   4  17 05 0  F        7330.85
DP   4  17 05 1  F        7309.25
DP   4  17 06 0  F        7263.42
DP   4  17 06 1  F        7136.03
DP   4  17 07 0  F        6992.70
DP   4  17 07 1  F        6920.13
DP   4  17 08 0  F        6966.30
DP   4  17 08 1  F        7143.80
DP   4  17 09 0  F        7362.26
DP   4  17 09 1  F        7528.59
DP   4  17 10 0  F        7641.59
DP   4  17 10 1  F        7724.28
DP   4  17 11 0  F        7804.73
DP   4  17 11 1  F        7894.57
DP   4  17 12 0  F        7934.84
DP   4  17 12 1  F        7885.34
DP   4  17 13 0  F        7851.61
DP   4  17 13 1  F        7938.11
DP   4  17 14 0  F        8099.21
DP   4  17 14 1  F        8260.03
DP   4  17 15 0  F        8378.73
DP   4  17 15 1  F        8430.45
DP   4  17 16 0  F        8424.95
DP   4  17 16 1  F        8375.46
DP   4  17 17 0  F        8274.30
DP   4  17 17 1  F        8117.01
DP   4  17 18 0  F        7932.90
DP   4  17 18 1  F        7768.20
DP   4  17 19 0  F        7703.04
DP   4  17 19 1  F        7788.23
DP   4  17 20 0  F        7923.43
DP   4  17 20 1  F        8000.81
DP   4  17 21 0  F        8033.74
DP   4  17 21 1  F        8060.49
DP   4  17 22 0  F        8097.76
DP   4  17 22 1  F        8153.14
DP   4  17 23 0  F        8219.43
DP   4  17 23 1  F        8285.71
DP   1  18 00 0  F        45992.00
DP   1  18 00 1  F        44549.68
DP   1  18 01 0  F        43219.22
DP   1  18 01 1  F        42092.91
DP   1  18 02 0  F        41184.82
DP   1  18 02 1  F        40477.66
DP   1  18 03 0  F        39907.12
DP   1  18 03 1  F        39427.10
DP   1  18 04 0  F        39111.52
DP   1  18 04 1  F        39029.98
DP   1  18 05 0  F        39114.79
DP   1  18 05 1  F        39280.35
DP   1  18 06 0  F        39506.63
DP   1  18 06 1  F        39851.20
DP   1  18 07 0  F        40616.33
DP   1  18 07 1  F        42026.31
DP   1  18 08 0  F        43748.69
DP   1  18 08 1  F        45375.58
DP   1  18 09 0  F        46753.80
DP   1  18 09 1  F        47828.71
DP   1  18 10 0  F        48684.82
DP   1  18 10 1  F        49404.41
DP   1  18 11 0  F        49921.66
DP   1  18 11 1  F        50160.11
DP   1  18 12 0  F        50148.91
DP   1  18 12 1  F        50001.77
DP   1  18 13 0  F        50065.03
DP   1  18 13 1  F        50602.37
DP   1  18 14 0  F        51314.26
DP   1  18 14 1  F        51836.78
DP   1  18 15 0  F        52111.47
DP   1  18 15 1  F        52177.41
DP   1  18 16 0  F        52158.29
DP   1  18 16 1  F        52092.10
DP   1  18 17 0  F        51589.55
DP   1  18 17 1  F        50365.20
DP   1  18 18 0  F        48976.55
DP   1  18 18 1  F        48111.25
DP   1  18 19 0  F        48134.89
DP   1  18 19 1  F        49102.13
DP   1  18 20 0  F        50146.07
DP   1  18 20 1  F        50445.90
DP   1  18 21 0  F        50286.82
DP   1  18 21 1  F        50085.80
DP   1  18 22 0  F        49680.81
DP   1  18 22 1  F        48858.79
DP   1  18 23 0  F        47781.39
DP   1  18 23 1  F        46704.00
DP   2  18 00 0  F        14427.41
DP   2  18 00 1  F        13853.79
DP   2  18 01 0  F        13349.91
DP   2  18 01 1  F        12965.88
DP   2  18 02 0  F        12673.40
DP   2  18 02 1  F        12432.03
DP   2  18 03 0  F        12231.42
DP   2  18 03 1  F        12071.24
DP   2  18 04 0  F        11961.40
DP   2  18 04 1  F        11915.95
DP   2  18 05 0  F        11955.37
DP   2  18 05 1  F        12087.45
DP   2  18 06 0  F        12263.00
DP   2  18 06 1  F        12463.35
DP   2  18 07 0  F        12848.84
DP   2  18 07 1  F        13545.07
DP   2  18 08 0  F        14359.43
DP   2  18 08 1  F        15055.79
DP   2  18 09 0  F        15541.83
DP   2  18 09 1  F        15801.74
DP   2  18 10 0  F        15981.71
DP   2  18 10 1  F        16226.74
DP   2  18 11 0  F        16514.90
DP   2  18 11 1  F        16747.57
DP   2  18 12 0  F        16686.23
DP   2  18 12 1  F        16219.35
DP   2  18 13 0  F        15883.26
DP   2  18 13 1  F        16162.75
DP   2  18 14 0  F        16688.78
DP   2  18 14 1  F        16994.84
DP   2  18 15 0  F        17078.54
DP   2  18 15 1  F        17048.75
DP   2  18 16 0  F        16995.36
DP   2  18 16 1  F        16971.45
DP   2  18 17 0  F        16901.91
DP   2  18 17 1  F        16690.52
DP   2  18 18 0  F        16284.55
DP   2  18 18 1  F        15719.45
DP   2  18 19 0  F        15339.90
DP   2  18 19 1  F        15427.64
DP   2  18 20 0  F        15703.30
DP   2  18 20 1  F        15831.92
DP   2  18 21 0  F        15817.22
DP   2  18 21 1  F        15728.52
DP   2  18 22 0  F        15558.97
DP   2  18 22 1  F        15295.87
DP   2  18 23 0  F        14979.40
DP   2  18 23 1  F        14662.92
DP   3  18 00 0  F        14015.31
DP   3  18 00 1  F        13759.90
DP   3  18 01 0  F        13522.89
DP   3  18 01 1  F        13318.07
DP   3  18 02 0  F        13140.85
DP   3  18 02 1  F        12982.68
DP   3  18 03 0  F        12837.60
DP   3  18 03 1  F        12708.02
DP   3  18 04 0  F        12627.39
DP   3  18 04 1  F        12602.58
DP   3  18 05 0  F        12503.12
DP   3  18 05 1  F        12222.60
DP   3  18 06 0  F        11888.14
DP   3  18 06 1  F        11669.96
DP   3  18 07 0  F        11677.14
DP   3  18 07 1  F        11963.00
DP   3  18 08 0  F        12418.97
DP   3  18 08 1  F        12905.54
DP   3  18 09 0  F        13321.36
DP   3  18 09 1  F        13600.36
DP   3  18 10 0  F        13779.53
DP   3  18 10 1  F        13913.43
DP   3  18 11 0  F        14023.68
DP   3  18 11 1  F        14107.16
DP   3  18 12 0  F        14094.52
DP   3  18 12 1  F        13952.01
DP   3  18 13 0  F        13854.44
DP   3  18 13 1  F        13964.09
DP   3  18 14 0  F        14184.53
DP   3  18 14 1  F        14376.97
DP   3  18 15 0  F        14491.99
DP   3  18 15 1  F        14512.35
DP   3  18 16 0  F        14460.21
DP   3  18 16 1  F        14340.44
DP   3  18 17 0  F        14049.23
DP   3  18 17 1  F        13549.70
DP   3  18 18 0  F        13181.47
DP   3  18 18 1  F        13241.63
DP   3  18 19 0  F        13480.68
DP   3  18 19 1  F        13589.55
DP   3  18 20 0  F        13567.34
DP   3  18 20 1  F        13507.05
DP   3  18 21 0  F        13569.02
DP   3  18 21 1  F        13853.74
DP   3  18 22 0  F        14154.87
DP   3  18 22 1  F        14258.75
DP   3  18 23 0  F        14229.31
DP   3  18 23 1  F        14199.86
DP   4  18 00 0  F        8140.56
DP   4  18 00 1  F        8075.22
DP   4  18 01 0  F        7999.62
DP   4  18 01 1  F        7909.07
DP   4  18 02 0  F        7821.14
DP   4  18 02 1  F        7751.60
DP   4  18 03 0  F        7686.97
DP   4  18 03 1  F        7611.20
DP   4  18 04 0  F        7527.48
DP   4  18 04 1  F        7446.57
DP   4  18 05 0  F        7390.43
DP   4  18 05 1  F        7366.08
DP   4  18 06 0  F        7309.72
DP   4  18 06 1  F        7170.66
DP   4  18 07 0  F        7021.50
DP   4  18 07 1  F        6952.54
DP   4  18 08 0  F        7001.54
DP   4  18 08 1  F        7170.43
DP   4  18 09 0  F        7370.59
DP   4  18 09 1  F        7514.51
DP   4  18 10 0  F        7609.93
DP   4  18 10 1  F        7684.72
DP   4  18 11 0  F        7752.09
DP   4  18 11 1  F        7812.75
DP   4  18 12 0  F        7832.28
DP   4  18 12 1  F        7792.52
DP   4  18 13 0  F        7775.48
DP   4  18 13 1  F        7860.45
DP   4  18 14 0  F        8015.64
DP   4  18 14 1  F        8182.37
DP   4  18 15 0  F        8305.75
DP   4  18 15 1  F        8348.44
DP   4  18 16 0  F        8339.79
DP   4  18 16 1  F        8310.06
DP   4  18 17 0  F        8226.56
DP   4  18 17 1  F        8062.36
DP   4  18 18 0  F        7876.19
DP   4  18 18 1  F        7742.27
DP   4  18 19 0  F        7710.79
DP   4  18 19 1  F        7799.03
DP   4  18 20 0  F        7916.57
DP   4  18 20 1  F        7974.03
DP   4  18 21 0  F        7993.92
DP   4  18 21 1  F        8019.26
DP   4  18 22 0  F        8063.20
DP   4  18 22 1  F        8128.43
DP   4  18 23 0  F        8205.79
DP   4  18 23 1  F        8283.14
