&   CARGA
&
&   ss  di hi m df hf m Demanda
&X  XX  XX XX X XX XX X XXXXXXXXXX
DP   1  16 00 0  F        45712.98
DP   1  16 00 1  F        44303.50
DP   1  16 01 0  F        43012.06
DP   1  16 01 1  F        41932.03
DP   1  16 02 0  F        41058.13
DP   1  16 02 1  F        40359.22
DP   1  16 03 0  F        39799.23
DP   1  16 03 1  F        39354.68
DP   1  16 04 0  F        39057.30
DP   1  16 04 1  F        38937.63
DP   1  16 05 0  F        38966.12
DP   1  16 05 1  F        39102.74
DP   1  16 06 0  F        39325.83
DP   1  16 06 1  F        39684.72
DP   1  16 07 0  F        40494.49
DP   1  16 07 1  F        41993.46
DP   1  16 08 0  F        43847.14
DP   1  16 08 1  F        45633.73
DP   1  16 09 0  F        47154.87
DP   1  16 09 1  F        48323.67
DP   1  16 10 0  F        49275.82
DP   1  16 10 1  F        50137.26
DP   1  16 11 0  F        50772.32
DP   1  16 11 1  F        51040.60
DP   1  16 12 0  F        51044.10
DP   1  16 12 1  F        50977.23
DP   1  16 13 0  F        51161.39
DP   1  16 13 1  F        51813.70
DP   1  16 14 0  F        52607.10
DP   1  16 14 1  F        53166.26
DP   1  16 15 0  F        53466.85
DP   1  16 15 1  F        53581.52
DP   1  16 16 0  F        53619.75
DP   1  16 16 1  F        53584.17
DP   1  16 17 0  F        53012.96
DP   1  16 17 1  F        51571.13
DP   1  16 18 0  F        49895.32
DP   1  16 18 1  F        48780.99
DP   1  16 19 0  F        48687.31
DP   1  16 19 1  F        49719.29
DP   1  16 20 0  F        50901.77
DP   1  16 20 1  F        51303.43
DP   1  16 21 0  F        51248.56
DP   1  16 21 1  F        51202.19
DP   1  16 22 0  F        50936.83
DP   1  16 22 1  F        50170.26
DP   1  16 23 0  F        49093.88
DP   1  16 23 1  F        48017.49
DP   2  16 00 0  F        15849.83
DP   2  16 00 1  F        15259.17
DP   2  16 01 0  F        14735.54
DP   2  16 01 1  F        14325.51
DP   2  16 02 0  F        13993.70
DP   2  16 02 1  F        13696.17
DP   2  16 03 0  F        13436.61
DP   2  16 03 1  F        13228.60
DP   2  16 04 0  F        13077.83
DP   2  16 04 1  F        12990.85
DP   2  16 05 0  F        12985.75
DP   2  16 05 1  F        13068.04
DP   2  16 06 0  F        13181.45
DP   2  16 06 1  F        13307.57
DP   2  16 07 0  F        13641.29
DP   2  16 07 1  F        14344.62
DP   2  16 08 0  F        15234.81
DP   2  16 08 1  F        16066.51
DP   2  16 09 0  F        16688.70
DP   2  16 09 1  F        17035.21
DP   2  16 10 0  F        17284.81
DP   2  16 10 1  F        17620.15
DP   2  16 11 0  F        17994.36
DP   2  16 11 1  F        18278.02
DP   2  16 12 0  F        18240.88
DP   2  16 12 1  F        17795.97
DP   2  16 13 0  F        17530.28
DP   2  16 13 1  F        17959.22
DP   2  16 14 0  F        18637.82
DP   2  16 14 1  F        19020.53
DP   2  16 15 0  F        19119.67
DP   2  16 15 1  F        19073.81
DP   2  16 16 0  F        18968.56
DP   2  16 16 1  F        18847.80
DP   2  16 17 0  F        18641.57
DP   2  16 17 1  F        18257.18
DP   2  16 18 0  F        17625.07
DP   2  16 18 1  F        16787.41
DP   2  16 19 0  F        16210.21
DP   2  16 19 1  F        16279.14
DP   2  16 20 0  F        16634.68
DP   2  16 20 1  F        16842.68
DP   2  16 21 0  F        16915.70
DP   2  16 21 1  F        16945.77
DP   2  16 22 0  F        16895.77
DP   2  16 22 1  F        16720.38
DP   2  16 23 0  F        16470.28
DP   2  16 23 1  F        16220.18
DP   3  16 00 0  F        14100.66
DP   3  16 00 1  F        13848.86
DP   3  16 01 0  F        13611.43
DP   3  16 01 1  F        13400.55
DP   3  16 02 0  F        13219.65
DP   3  16 02 1  F        13067.09
DP   3  16 03 0  F        12929.53
DP   3  16 03 1  F        12801.43
DP   3  16 04 0  F        12720.12
DP   3  16 04 1  F        12696.86
DP   3  16 05 0  F        12595.75
DP   3  16 05 1  F        12306.95
DP   3  16 06 0  F        11971.98
DP   3  16 06 1  F        11771.66
DP   3  16 07 0  F        11792.56
DP   3  16 07 1  F        12069.54
DP   3  16 08 0  F        12525.00
DP   3  16 08 1  F        13047.02
DP   3  16 09 0  F        13498.76
DP   3  16 09 1  F        13778.34
DP   3  16 10 0  F        13948.51
DP   3  16 10 1  F        14094.70
DP   3  16 11 0  F        14228.31
DP   3  16 11 1  F        14327.84
DP   3  16 12 0  F        14314.15
DP   3  16 12 1  F        14151.67
DP   3  16 13 0  F        14036.56
DP   3  16 13 1  F        14150.57
DP   3  16 14 0  F        14386.00
DP   3  16 14 1  F        14589.58
DP   3  16 15 0  F        14715.04
DP   3  16 15 1  F        14750.36
DP   3  16 16 0  F        14713.54
DP   3  16 16 1  F        14604.85
DP   3  16 17 0  F        14323.52
DP   3  16 17 1  F        13832.83
DP   3  16 18 0  F        13453.00
DP   3  16 18 1  F        13466.90
DP   3  16 19 0  F        13651.00
DP   3  16 19 1  F        13725.01
DP   3  16 20 0  F        13687.98
DP   3  16 20 1  F        13624.43
DP   3  16 21 0  F        13681.38
DP   3  16 21 1  F        13950.52
DP   3  16 22 0  F        14239.80
DP   3  16 22 1  F        14350.29
DP   3  16 23 0  F        14339.34
DP   3  16 23 1  F        14328.40
DP   4  16 00 0  F        8089.18
DP   4  16 00 1  F        8027.83
DP   4  16 01 0  F        7960.19
DP   4  16 01 1  F        7883.31
DP   4  16 02 0  F        7807.69
DP   4  16 02 1  F        7742.73
DP   4  16 03 0  F        7680.19
DP   4  16 03 1  F        7609.61
DP   4  16 04 0  F        7529.39
DP   4  16 04 1  F        7445.72
DP   4  16 05 0  F        7387.25
DP   4  16 05 1  F        7367.46
DP   4  16 06 0  F        7316.92
DP   4  16 06 1  F        7177.36
DP   4  16 07 0  F        7018.18
DP   4  16 07 1  F        6928.74
DP   4  16 08 0  F        6950.48
DP   4  16 08 1  F        7091.41
DP   4  16 09 0  F        7273.73
DP   4  16 09 1  F        7416.72
DP   4  16 10 0  F        7513.94
DP   4  16 10 1  F        7580.19
DP   4  16 11 0  F        7641.07
DP   4  16 11 1  F        7709.35
DP   4  16 12 0  F        7735.78
DP   4  16 12 1  F        7687.92
DP   4  16 13 0  F        7662.53
DP   4  16 13 1  F        7753.09
DP   4  16 14 0  F        7910.78
DP   4  16 14 1  F        8062.61
DP   4  16 15 0  F        8181.04
DP   4  16 15 1  F        8252.87
DP   4  16 16 0  F        8276.68
DP   4  16 16 1  F        8252.60
DP   4  16 17 0  F        8175.15
DP   4  16 17 1  F        8043.59
DP   4  16 18 0  F        7881.83
DP   4  16 18 1  F        7729.67
DP   4  16 19 0  F        7665.97
DP   4  16 19 1  F        7743.31
DP   4  16 20 0  F        7870.11
DP   4  16 20 1  F        7947.03
DP   4  16 21 0  F        7987.97
DP   4  16 21 1  F        8028.11
DP   4  16 22 0  F        8074.57
DP   4  16 22 1  F        8126.92
DP   4  16 23 0  F        8182.49
DP   4  16 23 1  F        8238.06
