&   CARGA
&
&   ss  di hi m df hf m Demanda
&X  XX  XX XX X XX XX X XXXXXXXXXX
DP   1  11 00 0  F        47190.59
DP   1  11 00 1  F        45808.15
DP   1  11 01 0  F        44519.86
DP   1  11 01 1  F        43401.13
DP   1  11 02 0  F        42452.52
DP   1  11 02 1  F        41660.81
DP   1  11 03 0  F        41032.73
DP   1  11 03 1  F        40577.09
DP   1  11 04 0  F        40291.24
DP   1  11 04 1  F        40163.01
DP   1  11 05 0  F        40153.60
DP   1  11 05 1  F        40225.33
DP   1  11 06 0  F        40371.59
DP   1  11 06 1  F        40651.38
DP   1  11 07 0  F        41355.07
DP   1  11 07 1  F        42705.85
DP   1  11 08 0  F        44426.85
DP   1  11 08 1  F        46142.96
DP   1  11 09 0  F        47586.19
DP   1  11 09 1  F        48604.88
DP   1  11 10 0  F        49405.55
DP   1  11 10 1  F        50192.84
DP   1  11 11 0  F        50805.60
DP   1  11 11 1  F        51058.20
DP   1  11 12 0  F        51032.66
DP   1  11 12 1  F        50915.32
DP   1  11 13 0  F        51042.01
DP   1  11 13 1  F        51650.53
DP   1  11 14 0  F        52437.03
DP   1  11 14 1  F        53033.59
DP   1  11 15 0  F        53357.72
DP   1  11 15 1  F        53422.28
DP   1  11 16 0  F        53336.16
DP   1  11 16 1  F        53141.28
DP   1  11 17 0  F        52515.70
DP   1  11 17 1  F        51226.80
DP   1  11 18 0  F        49762.95
DP   1  11 18 1  F        48748.75
DP   1  11 19 0  F        48632.71
DP   1  11 19 1  F        49555.75
DP   1  11 20 0  F        50604.38
DP   1  11 20 1  F        50904.96
DP   1  11 21 0  F        50797.41
DP   1  11 21 1  F        50750.32
DP   1  11 22 0  F        50533.40
DP   1  11 22 1  F        49857.05
DP   1  11 23 0  F        48893.30
DP   1  11 23 1  F        47929.54
DP   2  11 00 0  F        16123.22
DP   2  11 00 1  F        15546.73
DP   2  11 01 0  F        15025.23
DP   2  11 01 1  F        14600.27
DP   2  11 02 0  F        14259.66
DP   2  11 02 1  F        13978.53
DP   2  11 03 0  F        13735.04
DP   2  11 03 1  F        13516.35
DP   2  11 04 0  F        13342.73
DP   2  11 04 1  F        13240.17
DP   2  11 05 0  F        13224.71
DP   2  11 05 1  F        13293.66
DP   2  11 06 0  F        13379.57
DP   2  11 06 1  F        13458.80
DP   2  11 07 0  F        13747.79
DP   2  11 07 1  F        14430.87
DP   2  11 08 0  F        15323.84
DP   2  11 08 1  F        16174.01
DP   2  11 09 0  F        16823.10
DP   2  11 09 1  F        17193.39
DP   2  11 10 0  F        17434.82
DP   2  11 10 1  F        17716.49
DP   2  11 11 0  F        18056.43
DP   2  11 11 1  F        18381.64
DP   2  11 12 0  F        18405.95
DP   2  11 12 1  F        17978.94
DP   2  11 13 0  F        17706.32
DP   2  11 13 1  F        18136.13
DP   2  11 14 0  F        18829.47
DP   2  11 14 1  F        19234.10
DP   2  11 15 0  F        19331.17
DP   2  11 15 1  F        19239.61
DP   2  11 16 0  F        19096.11
DP   2  11 16 1  F        18988.49
DP   2  11 17 0  F        18791.64
DP   2  11 17 1  F        18356.67
DP   2  11 18 0  F        17652.66
DP   2  11 18 1  F        16770.14
DP   2  11 19 0  F        16167.52
DP   2  11 19 1  F        16216.23
DP   2  11 20 0  F        16571.84
DP   2  11 20 1  F        16815.77
DP   2  11 21 0  F        16948.55
DP   2  11 21 1  F        17043.60
DP   2  11 22 0  F        17046.95
DP   2  11 22 1  F        16901.85
DP   2  11 23 0  F        16667.98
DP   2  11 23 1  F        16434.10
DP   3  11 00 0  F        14113.65
DP   3  11 00 1  F        13870.59
DP   3  11 01 0  F        13638.26
DP   3  11 01 1  F        13426.72
DP   3  11 02 0  F        13243.28
DP   3  11 02 1  F        13090.02
DP   3  11 03 0  F        12950.87
DP   3  11 03 1  F        12816.31
DP   3  11 04 0  F        12721.25
DP   3  11 04 1  F        12678.52
DP   3  11 05 0  F        12568.21
DP   3  11 05 1  F        12290.81
DP   3  11 06 0  F        11961.13
DP   3  11 06 1  F        11734.85
DP   3  11 07 0  F        11716.99
DP   3  11 07 1  F        11963.40
DP   3  11 08 0  F        12384.08
DP   3  11 08 1  F        12855.91
DP   3  11 09 0  F        13269.04
DP   3  11 09 1  F        13545.93
DP   3  11 10 0  F        13724.90
DP   3  11 10 1  F        13863.92
DP   3  11 11 0  F        13983.78
DP   3  11 11 1  F        14078.50
DP   3  11 12 0  F        14072.32
DP   3  11 12 1  F        13927.49
DP   3  11 13 0  F        13828.19
DP   3  11 13 1  F        13945.33
DP   3  11 14 0  F        14174.83
DP   3  11 14 1  F        14370.03
DP   3  11 15 0  F        14488.91
DP   3  11 15 1  F        14522.30
DP   3  11 16 0  F        14487.63
DP   3  11 16 1  F        14383.08
DP   3  11 17 0  F        14103.08
DP   3  11 17 1  F        13607.23
DP   3  11 18 0  F        13219.56
DP   3  11 18 1  F        13231.48
DP   3  11 19 0  F        13439.67
DP   3  11 19 1  F        13574.33
DP   3  11 20 0  F        13594.51
DP   3  11 20 1  F        13546.93
DP   3  11 21 0  F        13600.12
DP   3  11 21 1  F        13874.30
DP   3  11 22 0  F        14174.75
DP   3  11 22 1  F        14294.16
DP   3  11 23 0  F        14289.95
DP   3  11 23 1  F        14285.74
DP   4  11 00 0  F        8222.02
DP   4  11 00 1  F        8160.62
DP   4  11 01 0  F        8086.07
DP   4  11 01 1  F        7993.25
DP   4  11 02 0  F        7909.22
DP   4  11 02 1  F        7855.27
DP   4  11 03 0  F        7797.60
DP   4  11 03 1  F        7703.24
DP   4  11 04 0  F        7597.80
DP   4  11 04 1  F        7515.17
DP   4  11 05 0  F        7463.85
DP   4  11 05 1  F        7433.95
DP   4  11 06 0  F        7367.36
DP   4  11 06 1  F        7221.88
DP   4  11 07 0  F        7067.05
DP   4  11 07 1  F        6990.23
DP   4  11 08 0  F        7038.26
DP   4  11 08 1  F        7221.08
DP   4  11 09 0  F        7441.57
DP   4  11 09 1  F        7602.11
DP   4  11 10 0  F        7710.31
DP   4  11 10 1  F        7795.69
DP   4  11 11 0  F        7870.52
DP   4  11 11 1  F        7933.99
DP   4  11 12 0  F        7950.34
DP   4  11 12 1  F        7904.36
DP   4  11 13 0  F        7898.19
DP   4  11 13 1  F        8022.53
DP   4  11 14 0  F        8205.25
DP   4  11 14 1  F        8353.10
DP   4  11 15 0  F        8451.24
DP   4  11 15 1  F        8504.38
DP   4  11 16 0  F        8516.89
DP   4  11 16 1  F        8488.26
DP   4  11 17 0  F        8398.66
DP   4  11 17 1  F        8236.25
DP   4  11 18 0  F        8040.31
DP   4  11 18 1  F        7868.42
DP   4  11 19 0  F        7800.18
DP   4  11 19 1  F        7883.50
DP   4  11 20 0  F        8017.44
DP   4  11 20 1  F        8095.66
DP   4  11 21 0  F        8139.10
DP   4  11 21 1  F        8190.18
DP   4  11 22 0  F        8249.91
DP   4  11 22 1  F        8310.55
DP   4  11 23 0  F        8370.84
DP   4  11 23 1  F        8431.13
