&   CARGA
&
&   ss  di hi m df hf m Demanda
&X  XX  XX XX X XX XX X XXXXXXXXXX
DP   1  15 00 0  F        42009.57
DP   1  15 00 1  F        40898.23
DP   1  15 01 0  F        39874.69
DP   1  15 01 1  F        39006.15
DP   1  15 02 0  F        38277.54
DP   1  15 02 1  F        37663.04
DP   1  15 03 0  F        37176.35
DP   1  15 03 1  F        36837.07
DP   1  15 04 0  F        36649.02
DP   1  15 04 1  F        36606.27
DP   1  15 05 0  F        36679.45
DP   1  15 05 1  F        36852.28
DP   1  15 06 0  F        37183.98
DP   1  15 06 1  F        37771.95
DP   1  15 07 0  F        38790.81
DP   1  15 07 1  F        40342.23
DP   1  15 08 0  F        42158.86
DP   1  15 08 1  F        43917.48
DP   1  15 09 0  F        45440.37
DP   1  15 09 1  F        46634.00
DP   1  15 10 0  F        47596.15
DP   1  15 10 1  F        48429.78
DP   1  15 11 0  F        49067.37
DP   1  15 11 1  F        49418.80
DP   1  15 12 0  F        49474.16
DP   1  15 12 1  F        49324.38
DP   1  15 13 0  F        49383.70
DP   1  15 13 1  F        49971.83
DP   1  15 14 0  F        50707.29
DP   1  15 14 1  F        51152.45
DP   1  15 15 0  F        51346.38
DP   1  15 15 1  F        51430.89
DP   1  15 16 0  F        51481.94
DP   1  15 16 1  F        51468.44
DP   1  15 17 0  F        50996.88
DP   1  15 17 1  F        49782.48
DP   1  15 18 0  F        48337.86
DP   1  15 18 1  F        47339.31
DP   1  15 19 0  F        47320.35
DP   1  15 19 1  F        48474.16
DP   1  15 20 0  F        49775.25
DP   1  15 20 1  F        50224.04
DP   1  15 21 0  F        50143.34
DP   1  15 21 1  F        50019.32
DP   1  15 22 0  F        49669.39
DP   1  15 22 1  F        48850.04
DP   1  15 23 0  F        47742.84
DP   1  15 23 1  F        46635.65
DP   2  15 00 0  F        14214.40
DP   2  15 00 1  F        13789.51
DP   2  15 01 0  F        13407.91
DP   2  15 01 1  F        13100.22
DP   2  15 02 0  F        12846.28
DP   2  15 02 1  F        12621.02
DP   2  15 03 0  F        12430.60
DP   2  15 03 1  F        12286.27
DP   2  15 04 0  F        12188.60
DP   2  15 04 1  F        12139.80
DP   2  15 05 0  F        12159.50
DP   2  15 05 1  F        12257.96
DP   2  15 06 0  F        12390.69
DP   2  15 06 1  F        12548.72
DP   2  15 07 0  F        12919.88
DP   2  15 07 1  F        13654.46
DP   2  15 08 0  F        14555.71
DP   2  15 08 1  F        15375.92
DP   2  15 09 0  F        16010.57
DP   2  15 09 1  F        16427.73
DP   2  15 10 0  F        16742.75
DP   2  15 10 1  F        17081.65
DP   2  15 11 0  F        17466.18
DP   2  15 11 1  F        17834.49
DP   2  15 12 0  F        17894.85
DP   2  15 12 1  F        17493.74
DP   2  15 13 0  F        17260.44
DP   2  15 13 1  F        17761.83
DP   2  15 14 0  F        18532.30
DP   2  15 14 1  F        18992.21
DP   2  15 15 0  F        19138.42
DP   2  15 15 1  F        19106.66
DP   2  15 16 0  F        19011.80
DP   2  15 16 1  F        18923.93
DP   2  15 17 0  F        18755.14
DP   2  15 17 1  F        18384.94
DP   2  15 18 0  F        17720.80
DP   2  15 18 1  F        16803.37
DP   2  15 19 0  F        16178.07
DP   2  15 19 1  F        16297.26
DP   2  15 20 0  F        16736.39
DP   2  15 20 1  F        16987.22
DP   2  15 21 0  F        17083.78
DP   2  15 21 1  F        17152.25
DP   2  15 22 0  F        17145.09
DP   2  15 22 1  F        17000.40
DP   2  15 23 0  F        16772.42
DP   2  15 23 1  F        16544.44
DP   3  15 00 0  F        13401.02
DP   3  15 00 1  F        13175.45
DP   3  15 01 0  F        12963.00
DP   3  15 01 1  F        12775.73
DP   3  15 02 0  F        12621.38
DP   3  15 02 1  F        12500.12
DP   3  15 03 0  F        12385.98
DP   3  15 03 1  F        12261.46
DP   3  15 04 0  F        12169.08
DP   3  15 04 1  F        12132.44
DP   3  15 05 0  F        12039.46
DP   3  15 05 1  F        11795.85
DP   3  15 06 0  F        11513.95
DP   3  15 06 1  F        11342.76
DP   3  15 07 0  F        11371.03
DP   3  15 07 1  F        11644.03
DP   3  15 08 0  F        12093.17
DP   3  15 08 1  F        12611.80
DP   3  15 09 0  F        13054.78
DP   3  15 09 1  F        13314.56
DP   3  15 10 0  F        13472.58
DP   3  15 10 1  F        13630.08
DP   3  15 11 0  F        13778.54
DP   3  15 11 1  F        13876.51
DP   3  15 12 0  F        13860.48
DP   3  15 12 1  F        13712.49
DP   3  15 13 0  F        13618.92
DP   3  15 13 1  F        13747.23
DP   3  15 14 0  F        13985.14
DP   3  15 14 1  F        14178.61
DP   3  15 15 0  F        14286.31
DP   3  15 15 1  F        14303.95
DP   3  15 16 0  F        14262.60
DP   3  15 16 1  F        14172.22
DP   3  15 17 0  F        13922.80
DP   3  15 17 1  F        13466.51
DP   3  15 18 0  F        13124.00
DP   3  15 18 1  F        13178.32
DP   3  15 19 0  F        13393.59
DP   3  15 19 1  F        13478.48
DP   3  15 20 0  F        13438.83
DP   3  15 20 1  F        13370.66
DP   3  15 21 0  F        13433.71
DP   3  15 21 1  F        13725.92
DP   3  15 22 0  F        14034.29
DP   3  15 22 1  F        14139.45
DP   3  15 23 0  F        14107.34
DP   3  15 23 1  F        14075.23
DP   4  15 00 0  F        7695.34
DP   4  15 00 1  F        7650.81
DP   4  15 01 0  F        7598.71
DP   4  15 01 1  F        7535.81
DP   4  15 02 0  F        7476.35
DP   4  15 02 1  F        7432.03
DP   4  15 03 0  F        7386.89
DP   4  15 03 1  F        7323.82
DP   4  15 04 0  F        7248.71
DP   4  15 04 1  F        7175.71
DP   4  15 05 0  F        7129.16
DP   4  15 05 1  F        7118.12
DP   4  15 06 0  F        7080.35
DP   4  15 06 1  F        6964.23
DP   4  15 07 0  F        6831.86
DP   4  15 07 1  F        6763.14
DP   4  15 08 0  F        6795.48
DP   4  15 08 1  F        6936.15
DP   4  15 09 0  F        7114.60
DP   4  15 09 1  F        7256.98
DP   4  15 10 0  F        7354.15
DP   4  15 10 1  F        7417.33
DP   4  15 11 0  F        7474.40
DP   4  15 11 1  F        7541.66
DP   4  15 12 0  F        7572.36
DP   4  15 12 1  F        7533.95
DP   4  15 13 0  F        7513.79
DP   4  15 13 1  F        7596.94
DP   4  15 14 0  F        7739.36
DP   4  15 14 1  F        7875.60
DP   4  15 15 0  F        7983.45
DP   4  15 15 1  F        8053.22
DP   4  15 16 0  F        8081.99
DP   4  15 16 1  F        8065.53
DP   4  15 17 0  F        7987.67
DP   4  15 17 1  F        7841.09
DP   4  15 18 0  F        7665.63
DP   4  15 18 1  F        7516.38
DP   4  15 19 0  F        7462.29
DP   4  15 19 1  F        7543.62
DP   4  15 20 0  F        7671.85
DP   4  15 20 1  F        7753.30
DP   4  15 21 0  F        7802.27
DP   4  15 21 1  F        7852.44
DP   4  15 22 0  F        7907.10
DP   4  15 22 1  F        7962.68
DP   4  15 23 0  F        8018.36
DP   4  15 23 1  F        8074.05
