&   CARGA
&
&   ss  di hi m df hf m Demanda
&X  XX  XX XX X XX XX X XXXXXXXXXX
DP   1  12 00 0  F        46673.96
DP   1  12 00 1  F        45293.88
DP   1  12 01 0  F        44016.93
DP   1  12 01 1  F        42924.14
DP   1  12 02 0  F        42008.15
DP   1  12 02 1  F        41246.61
DP   1  12 03 0  F        40645.52
DP   1  12 03 1  F        40213.39
DP   1  12 04 0  F        39940.41
DP   1  12 04 1  F        39810.21
DP   1  12 05 0  F        39798.32
DP   1  12 05 1  F        39886.13
DP   1  12 06 0  F        40086.31
DP   1  12 06 1  F        40460.76
DP   1  12 07 0  F        41237.04
DP   1  12 07 1  F        42578.23
DP   1  12 08 0  F        44224.00
DP   1  12 08 1  F        45838.33
DP   1  12 09 0  F        47205.91
DP   1  12 09 1  F        48208.87
DP   1  12 10 0  F        48998.30
DP   1  12 10 1  F        49721.02
DP   1  12 11 0  F        50237.99
DP   1  12 11 1  F        50397.43
DP   1  12 12 0  F        50282.47
DP   1  12 12 1  F        50071.95
DP   1  12 13 0  F        50092.36
DP   1  12 13 1  F        50571.47
DP   1  12 14 0  F        51194.35
DP   1  12 14 1  F        51599.15
DP   1  12 15 0  F        51779.02
DP   1  12 15 1  F        51793.34
DP   1  12 16 0  F        51611.62
DP   1  12 16 1  F        51178.97
DP   1  12 17 0  F        50433.09
DP   1  12 17 1  F        49377.03
DP   1  12 18 0  F        48282.80
DP   1  12 18 1  F        47509.30
DP   1  12 19 0  F        47493.98
DP   1  12 19 1  F        48427.28
DP   1  12 20 0  F        49432.87
DP   1  12 20 1  F        49661.71
DP   1  12 21 0  F        49440.75
DP   1  12 21 1  F        49236.20
DP   1  12 22 0  F        48895.61
DP   1  12 22 1  F        48199.95
DP   1  12 23 0  F        47282.69
DP   1  12 23 1  F        46365.43
DP   2  12 00 0  F        15117.86
DP   2  12 00 1  F        14583.27
DP   2  12 01 0  F        14102.28
DP   2  12 01 1  F        13712.99
DP   2  12 02 0  F        13391.55
DP   2  12 02 1  F        13107.49
DP   2  12 03 0  F        12865.75
DP   2  12 03 1  F        12677.64
DP   2  12 04 0  F        12544.65
DP   2  12 04 1  F        12468.88
DP   2  12 05 0  F        12465.05
DP   2  12 05 1  F        12540.61
DP   2  12 06 0  F        12661.52
DP   2  12 06 1  F        12821.10
DP   2  12 07 0  F        13163.75
DP   2  12 07 1  F        13807.96
DP   2  12 08 0  F        14617.71
DP   2  12 08 1  F        15399.52
DP   2  12 09 0  F        15984.78
DP   2  12 09 1  F        16279.32
DP   2  12 10 0  F        16461.98
DP   2  12 10 1  F        16722.39
DP   2  12 11 0  F        17020.20
DP   2  12 11 1  F        17231.71
DP   2  12 12 0  F        17129.81
DP   2  12 12 1  F        16624.09
DP   2  12 13 0  F        16274.53
DP   2  12 13 1  F        16579.50
DP   2  12 14 0  F        17140.58
DP   2  12 14 1  F        17459.40
DP   2  12 15 0  F        17534.54
DP   2  12 15 1  F        17479.82
DP   2  12 16 0  F        17373.07
DP   2  12 16 1  F        17256.02
DP   2  12 17 0  F        17062.06
DP   2  12 17 1  F        16710.59
DP   2  12 18 0  F        16173.24
DP   2  12 18 1  F        15509.57
DP   2  12 19 0  F        15078.53
DP   2  12 19 1  F        15167.00
DP   2  12 20 0  F        15474.25
DP   2  12 20 1  F        15644.89
DP   2  12 21 0  F        15692.26
DP   2  12 21 1  F        15694.41
DP   2  12 22 0  F        15619.47
DP   2  12 22 1  F        15429.34
DP   2  12 23 0  F        15170.99
DP   2  12 23 1  F        14912.64
DP   3  12 00 0  F        14035.79
DP   3  12 00 1  F        13783.47
DP   3  12 01 0  F        13548.37
DP   3  12 01 1  F        13344.79
DP   3  12 02 0  F        13175.41
DP   3  12 02 1  F        13035.06
DP   3  12 03 0  F        12898.87
DP   3  12 03 1  F        12751.94
DP   3  12 04 0  F        12638.71
DP   3  12 04 1  F        12585.20
DP   3  12 05 0  F        12484.20
DP   3  12 05 1  F        12239.12
DP   3  12 06 0  F        11929.14
DP   3  12 06 1  F        11677.41
DP   3  12 07 0  F        11607.18
DP   3  12 07 1  F        11798.96
DP   3  12 08 0  F        12162.15
DP   3  12 08 1  F        12570.47
DP   3  12 09 0  F        12925.76
DP   3  12 09 1  F        13161.86
DP   3  12 10 0  F        13312.42
DP   3  12 10 1  F        13428.99
DP   3  12 11 0  F        13534.72
DP   3  12 11 1  F        13628.77
DP   3  12 12 0  F        13642.51
DP   3  12 12 1  F        13534.76
DP   3  12 13 0  F        13441.97
DP   3  12 13 1  F        13498.77
DP   3  12 14 0  F        13654.80
DP   3  12 14 1  F        13820.15
DP   3  12 15 0  F        13931.75
DP   3  12 15 1  F        13949.82
DP   3  12 16 0  F        13901.04
DP   3  12 16 1  F        13802.95
DP   3  12 17 0  F        13570.24
DP   3  12 17 1  F        13169.70
DP   3  12 18 0  F        12879.48
DP   3  12 18 1  F        12946.85
DP   3  12 19 0  F        13184.31
DP   3  12 19 1  F        13346.31
DP   3  12 20 0  F        13389.77
DP   3  12 20 1  F        13350.53
DP   3  12 21 0  F        13377.73
DP   3  12 21 1  F        13584.21
DP   3  12 22 0  F        13824.45
DP   3  12 22 1  F        13938.04
DP   3  12 23 0  F        13963.45
DP   3  12 23 1  F        13988.86
DP   4  12 00 0  F        8256.85
DP   4  12 00 1  F        8188.82
DP   4  12 01 0  F        8119.67
DP   4  12 01 1  F        8049.00
DP   4  12 02 0  F        7979.12
DP   4  12 02 1  F        7911.15
DP   4  12 03 0  F        7838.51
DP   4  12 03 1  F        7755.51
DP   4  12 04 0  F        7667.61
DP   4  12 04 1  F        7586.01
DP   4  12 05 0  F        7533.45
DP   4  12 05 1  F        7516.16
DP   4  12 06 0  F        7462.43
DP   4  12 06 1  F        7314.24
DP   4  12 07 0  F        7146.06
DP   4  12 07 1  F        7050.04
DP   4  12 08 0  F        7056.62
DP   4  12 08 1  F        7164.34
DP   4  12 09 0  F        7305.77
DP   4  12 09 1  F        7413.01
DP   4  12 10 0  F        7482.08
DP   4  12 10 1  F        7527.73
DP   4  12 11 0  F        7575.73
DP   4  12 11 1  F        7638.65
DP   4  12 12 0  F        7665.30
DP   4  12 12 1  F        7618.32
DP   4  12 13 0  F        7579.49
DP   4  12 13 1  F        7632.17
DP   4  12 14 0  F        7746.93
DP   4  12 14 1  F        7868.76
DP   4  12 15 0  F        7953.18
DP   4  12 15 1  F        7972.17
DP   4  12 16 0  F        7952.99
DP   4  12 16 1  F        7923.73
DP   4  12 17 0  F        7860.34
DP   4  12 17 1  F        7741.34
DP   4  12 18 0  F        7607.47
DP   4  12 18 1  F        7511.72
DP   4  12 19 0  F        7493.68
DP   4  12 19 1  F        7569.40
DP   4  12 20 0  F        7674.03
DP   4  12 20 1  F        7741.72
DP   4  12 21 0  F        7783.44
DP   4  12 21 1  F        7825.05
DP   4  12 22 0  F        7875.28
DP   4  12 22 1  F        7936.72
DP   4  12 23 0  F        8004.68
DP   4  12 23 1  F        8072.64
