&   CARGA
&
&   ss  di hi m df hf m Demanda
&X  XX  XX XX X XX XX X XXXXXXXXXX
DP   1  13 00 0  F        45310.73
DP   1  13 00 1  F        44072.53
DP   1  13 01 0  F        42922.95
DP   1  13 01 1  F        41927.32
DP   1  13 02 0  F        41057.96
DP   1  13 02 1  F        40280.24
DP   1  13 03 0  F        39624.80
DP   1  13 03 1  F        39129.31
DP   1  13 04 0  F        38794.21
DP   1  13 04 1  F        38592.31
DP   1  13 05 0  F        38423.03
DP   1  13 05 1  F        38187.97
DP   1  13 06 0  F        37870.68
DP   1  13 06 1  F        37547.28
DP   1  13 07 0  F        37582.47
DP   1  13 07 1  F        38265.02
DP   1  13 08 0  F        39291.54
DP   1  13 08 1  F        40283.88
DP   1  13 09 0  F        41157.00
DP   1  13 09 1  F        41901.90
DP   1  13 10 0  F        42520.61
DP   1  13 10 1  F        43008.75
DP   1  13 11 0  F        43325.28
DP   1  13 11 1  F        43451.81
DP   1  13 12 0  F        43497.10
DP   1  13 12 1  F        43565.94
DP   1  13 13 0  F        43619.87
DP   1  13 13 1  F        43602.82
DP   1  13 14 0  F        43531.57
DP   1  13 14 1  F        43440.84
DP   1  13 15 0  F        43364.16
DP   1  13 15 1  F        43328.15
DP   1  13 16 0  F        43332.73
DP   1  13 16 1  F        43363.95
DP   1  13 17 0  F        43378.88
DP   1  13 17 1  F        43366.03
DP   1  13 18 0  F        43468.52
DP   1  13 18 1  F        43866.70
DP   1  13 19 0  F        44735.07
DP   1  13 19 1  F        46067.25
DP   1  13 20 0  F        47139.34
DP   1  13 20 1  F        47290.01
DP   1  13 21 0  F        46825.86
DP   1  13 21 1  F        46194.87
DP   1  13 22 0  F        45442.77
DP   1  13 22 1  F        44538.47
DP   1  13 23 0  F        43546.18
DP   1  13 23 1  F        42553.89
DP   2  13 00 0  F        14139.58
DP   2  13 00 1  F        13644.70
DP   2  13 01 0  F        13197.20
DP   2  13 01 1  F        12830.49
DP   2  13 02 0  F        12522.12
DP   2  13 02 1  F        12244.34
DP   2  13 03 0  F        12003.99
DP   2  13 03 1  F        11815.86
DP   2  13 04 0  F        11691.90
DP   2  13 04 1  F        11636.76
DP   2  13 05 0  F        11628.64
DP   2  13 05 1  F        11639.22
DP   2  13 06 0  F        11640.39
DP   2  13 06 1  F        11642.65
DP   2  13 07 0  F        11810.60
DP   2  13 07 1  F        12273.23
DP   2  13 08 0  F        12862.89
DP   2  13 08 1  F        13372.65
DP   2  13 09 0  F        13735.22
DP   2  13 09 1  F        13944.61
DP   2  13 10 0  F        14100.58
DP   2  13 10 1  F        14301.69
DP   2  13 11 0  F        14536.12
DP   2  13 11 1  F        14741.23
DP   2  13 12 0  F        14761.58
DP   2  13 12 1  F        14513.29
DP   2  13 13 0  F        14291.49
DP   2  13 13 1  F        14374.90
DP   2  13 14 0  F        14597.70
DP   2  13 14 1  F        14732.34
DP   2  13 15 0  F        14749.10
DP   2  13 15 1  F        14681.63
DP   2  13 16 0  F        14619.44
DP   2  13 16 1  F        14636.22
DP   2  13 17 0  F        14686.47
DP   2  13 17 1  F        14693.26
DP   2  13 18 0  F        14573.00
DP   2  13 18 1  F        14313.38
DP   2  13 19 0  F        14193.75
DP   2  13 19 1  F        14443.66
DP   2  13 20 0  F        14801.81
DP   2  13 20 1  F        14960.66
DP   2  13 21 0  F        14918.57
DP   2  13 21 1  F        14743.23
DP   2  13 22 0  F        14473.78
DP   2  13 22 1  F        14142.06
DP   2  13 23 0  F        13779.28
DP   2  13 23 1  F        13416.50
DP   3  13 00 0  F        13831.97
DP   3  13 00 1  F        13634.39
DP   3  13 01 0  F        13434.54
DP   3  13 01 1  F        13235.45
DP   3  13 02 0  F        13061.31
DP   3  13 02 1  F        12929.44
DP   3  13 03 0  F        12808.44
DP   3  13 03 1  F        12672.53
DP   3  13 04 0  F        12567.14
DP   3  13 04 1  F        12519.38
DP   3  13 05 0  F        12411.97
DP   3  13 05 1  F        12139.16
DP   3  13 06 0  F        11785.58
DP   3  13 06 1  F        11476.18
DP   3  13 07 0  F        11306.57
DP   3  13 07 1  F        11336.32
DP   3  13 08 0  F        11510.12
DP   3  13 08 1  F        11742.21
DP   3  13 09 0  F        11939.89
DP   3  13 09 1  F        12038.53
DP   3  13 10 0  F        12092.69
DP   3  13 10 1  F        12168.52
DP   3  13 11 0  F        12259.44
DP   3  13 11 1  F        12337.65
DP   3  13 12 0  F        12363.50
DP   3  13 12 1  F        12316.43
DP   3  13 13 0  F        12264.26
DP   3  13 13 1  F        12274.45
DP   3  13 14 0  F        12324.65
DP   3  13 14 1  F        12374.94
DP   3  13 15 0  F        12405.00
DP   3  13 15 1  F        12402.98
DP   3  13 16 0  F        12371.18
DP   3  13 16 1  F        12315.25
DP   3  13 17 0  F        12240.20
DP   3  13 17 1  F        12184.79
DP   3  13 18 0  F        12323.65
DP   3  13 18 1  F        12769.47
DP   3  13 19 0  F        13251.30
DP   3  13 19 1  F        13485.45
DP   3  13 20 0  F        13521.02
DP   3  13 20 1  F        13480.26
DP   3  13 21 0  F        13445.24
DP   3  13 21 1  F        13465.17
DP   3  13 22 0  F        13498.11
DP   3  13 22 1  F        13494.42
DP   3  13 23 0  F        13464.88
DP   3  13 23 1  F        13435.34
DP   4  13 00 0  F        7901.36
DP   4  13 00 1  F        7855.48
DP   4  13 01 0  F        7807.28
DP   4  13 01 1  F        7754.63
DP   4  13 02 0  F        7696.08
DP   4  13 02 1  F        7631.30
DP   4  13 03 0  F        7563.49
DP   4  13 03 1  F        7495.40
DP   4  13 04 0  F        7424.24
DP   4  13 04 1  F        7351.10
DP   4  13 05 0  F        7298.16
DP   4  13 05 1  F        7275.28
DP   4  13 06 0  F        7221.85
DP   4  13 06 1  F        7087.02
DP   4  13 07 0  F        6929.19
DP   4  13 07 1  F        6820.69
DP   4  13 08 0  F        6780.06
DP   4  13 08 1  F        6804.18
DP   4  13 09 0  F        6857.15
DP   4  13 09 1  F        6903.73
DP   4  13 10 0  F        6944.20
DP   4  13 10 1  F        6986.36
DP   4  13 11 0  F        7032.51
DP   4  13 11 1  F        7077.30
DP   4  13 12 0  F        7090.33
DP   4  13 12 1  F        7053.90
DP   4  13 13 0  F        7026.36
DP   4  13 13 1  F        7064.27
DP   4  13 14 0  F        7140.98
DP   4  13 14 1  F        7215.51
DP   4  13 15 0  F        7272.70
DP   4  13 15 1  F        7305.85
DP   4  13 16 0  F        7316.29
DP   4  13 16 1  F        7305.07
DP   4  13 17 0  F        7264.06
DP   4  13 17 1  F        7194.86
DP   4  13 18 0  F        7147.12
DP   4  13 18 1  F        7170.19
DP   4  13 19 0  F        7264.18
DP   4  13 19 1  F        7406.93
DP   4  13 20 0  F        7536.53
DP   4  13 20 1  F        7599.39
DP   4  13 21 0  F        7614.98
DP   4  13 21 1  F        7617.52
DP   4  13 22 0  F        7626.90
DP   4  13 22 1  F        7654.84
DP   4  13 23 0  F        7694.38
DP   4  13 23 1  F        7733.92
