&   CARGA
&
&   ss  di hi m df hf m Demanda
&X  XX  XX XX X XX XX X XXXXXXXXXX
DP   1  14 00 0  F        41812.66
DP   1  14 00 1  F        40761.15
DP   1  14 01 0  F        39766.81
DP   1  14 01 1  F        38873.84
DP   1  14 02 0  F        38074.44
DP   1  14 02 1  F        37355.35
DP   1  14 03 0  F        36733.34
DP   1  14 03 1  F        36229.73
DP   1  14 04 0  F        35853.95
DP   1  14 04 1  F        35588.24
DP   1  14 05 0  F        35317.76
DP   1  14 05 1  F        34927.77
DP   1  14 06 0  F        34401.07
DP   1  14 06 1  F        33816.31
DP   1  14 07 0  F        33538.11
DP   1  14 07 1  F        33863.32
DP   1  14 08 0  F        34531.71
DP   1  14 08 1  F        35211.18
DP   1  14 09 0  F        35839.38
DP   1  14 09 1  F        36424.86
DP   1  14 10 0  F        36990.21
DP   1  14 10 1  F        37549.67
DP   1  14 11 0  F        38069.99
DP   1  14 11 1  F        38513.12
DP   1  14 12 0  F        38869.14
DP   1  14 12 1  F        39134.38
DP   1  14 13 0  F        39301.86
DP   1  14 13 1  F        39369.75
DP   1  14 14 0  F        39359.98
DP   1  14 14 1  F        39310.72
DP   1  14 15 0  F        39301.43
DP   1  14 15 1  F        39406.86
DP   1  14 16 0  F        39641.68
DP   1  14 16 1  F        39990.20
DP   1  14 17 0  F        40375.55
DP   1  14 17 1  F        40728.14
DP   1  14 18 0  F        41068.80
DP   1  14 18 1  F        41498.25
DP   1  14 19 0  F        42346.23
DP   1  14 19 1  F        43776.10
DP   1  14 20 0  F        45056.59
DP   1  14 20 1  F        45487.52
DP   1  14 21 0  F        45387.75
DP   1  14 21 1  F        45209.84
DP   1  14 22 0  F        44922.35
DP   1  14 22 1  F        44420.05
DP   1  14 23 0  F        43786.73
DP   1  14 23 1  F        43153.40
DP   2  14 00 0  F        13216.02
DP   2  14 00 1  F        12768.94
DP   2  14 01 0  F        12362.58
DP   2  14 01 1  F        12026.39
DP   2  14 02 0  F        11744.82
DP   2  14 02 1  F        11495.26
DP   2  14 03 0  F        11271.86
DP   2  14 03 1  F        11078.29
DP   2  14 04 0  F        10939.69
DP   2  14 04 1  F        10873.65
DP   2  14 05 0  F        10846.01
DP   2  14 05 1  F        10813.08
DP   2  14 06 0  F        10744.69
DP   2  14 06 1  F        10653.79
DP   2  14 07 0  F        10712.17
DP   2  14 07 1  F        11056.92
DP   2  14 08 0  F        11527.43
DP   2  14 08 1  F        11928.63
DP   2  14 09 0  F        12225.29
DP   2  14 09 1  F        12436.31
DP   2  14 10 0  F        12637.00
DP   2  14 10 1  F        12895.89
DP   2  14 11 0  F        13197.72
DP   2  14 11 1  F        13484.86
DP   2  14 12 0  F        13613.85
DP   2  14 12 1  F        13503.65
DP   2  14 13 0  F        13408.38
DP   2  14 13 1  F        13567.83
DP   2  14 14 0  F        13829.08
DP   2  14 14 1  F        13991.56
DP   2  14 15 0  F        14056.69
DP   2  14 15 1  F        14075.44
DP   2  14 16 0  F        14094.71
DP   2  14 16 1  F        14150.48
DP   2  14 17 0  F        14238.91
DP   2  14 17 1  F        14322.37
DP   2  14 18 0  F        14267.85
DP   2  14 18 1  F        14020.40
DP   2  14 19 0  F        13932.59
DP   2  14 19 1  F        14302.85
DP   2  14 20 0  F        14805.50
DP   2  14 20 1  F        15060.48
DP   2  14 21 0  F        15094.38
DP   2  14 21 1  F        15017.11
DP   2  14 22 0  F        14865.35
DP   2  14 22 1  F        14659.08
DP   2  14 23 0  F        14424.75
DP   2  14 23 1  F        14190.43
DP   3  14 00 0  F        13482.11
DP   3  14 00 1  F        13297.03
DP   3  14 01 0  F        13116.59
DP   3  14 01 1  F        12945.57
DP   3  14 02 0  F        12789.35
DP   3  14 02 1  F        12649.96
DP   3  14 03 0  F        12515.52
DP   3  14 03 1  F        12379.89
DP   3  14 04 0  F        12273.91
DP   3  14 04 1  F        12208.98
DP   3  14 05 0  F        12081.87
DP   3  14 05 1  F        11800.15
DP   3  14 06 0  F        11429.39
DP   3  14 06 1  F        11073.11
DP   3  14 07 0  F        10828.68
DP   3  14 07 1  F        10759.64
DP   3  14 08 0  F        10800.55
DP   3  14 08 1  F        10866.64
DP   3  14 09 0  F        10924.97
DP   3  14 09 1  F        10961.88
DP   3  14 10 0  F        10988.99
DP   3  14 10 1  F        11024.02
DP   3  14 11 0  F        11083.71
DP   3  14 11 1  F        11173.02
DP   3  14 12 0  F        11250.81
DP   3  14 12 1  F        11279.62
DP   3  14 13 0  F        11282.69
DP   3  14 13 1  F        11292.50
DP   3  14 14 0  F        11317.79
DP   3  14 14 1  F        11357.34
DP   3  14 15 0  F        11393.85
DP   3  14 15 1  F        11413.04
DP   3  14 16 0  F        11428.79
DP   3  14 16 1  F        11452.08
DP   3  14 17 0  F        11454.06
DP   3  14 17 1  F        11444.56
DP   3  14 18 0  F        11627.93
DP   3  14 18 1  F        12145.72
DP   3  14 19 0  F        12693.85
DP   3  14 19 1  F        12957.20
DP   3  14 20 0  F        13021.97
DP   3  14 20 1  F        13046.81
DP   3  14 21 0  F        13078.83
DP   3  14 21 1  F        13129.45
DP   3  14 22 0  F        13178.84
DP   3  14 22 1  F        13206.41
DP   3  14 23 0  F        13219.57
DP   3  14 23 1  F        13232.73
DP   4  14 00 0  F        7720.95
DP   4  14 00 1  F        7678.59
DP   4  14 01 0  F        7635.32
DP   4  14 01 1  F        7589.51
DP   4  14 02 0  F        7536.74
DP   4  14 02 1  F        7474.28
DP   4  14 03 0  F        7408.88
DP   4  14 03 1  F        7347.09
DP   4  14 04 0  F        7285.16
DP   4  14 04 1  F        7220.40
DP   4  14 05 0  F        7164.72
DP   4  14 05 1  F        7122.87
DP   4  14 06 0  F        7056.38
DP   4  14 06 1  F        6931.75
DP   4  14 07 0  F        6778.41
DP   4  14 07 1  F        6638.50
DP   4  14 08 0  F        6542.01
DP   4  14 08 1  F        6505.33
DP   4  14 09 0  F        6502.51
DP   4  14 09 1  F        6502.79
DP   4  14 10 0  F        6498.58
DP   4  14 10 1  F        6493.01
DP   4  14 11 0  F        6508.86
DP   4  14 11 1  F        6559.73
DP   4  14 12 0  F        6602.84
DP   4  14 12 1  F        6601.78
DP   4  14 13 0  F        6602.02
DP   4  14 13 1  F        6651.41
DP   4  14 14 0  F        6725.40
DP   4  14 14 1  F        6790.16
DP   4  14 15 0  F        6847.24
DP   4  14 15 1  F        6903.33
DP   4  14 16 0  F        6950.26
DP   4  14 16 1  F        6976.50
DP   4  14 17 0  F        6971.82
DP   4  14 17 1  F        6939.46
DP   4  14 18 0  F        6935.25
DP   4  14 18 1  F        7010.64
DP   4  14 19 0  F        7147.01
DP   4  14 19 1  F        7305.24
DP   4  14 20 0  F        7434.37
DP   4  14 20 1  F        7496.38
DP   4  14 21 0  F        7516.95
DP   4  14 21 1  F        7532.56
DP   4  14 22 0  F        7559.36
DP   4  14 22 1  F        7604.70
DP   4  14 23 0  F        7661.17
DP   4  14 23 1  F        7717.63
