&   CARGA
&
&   ss  di hi m df hf m Demanda
&X  XX  XX XX X XX XX X XXXXXXXXXX
DP   1  17 00 0  F        47274.70
DP   1  17 00 1  F        45843.86
DP   1  17 01 0  F        44500.85
DP   1  17 01 1  F        43322.92
DP   1  17 02 0  F        42344.99
DP   1  17 02 1  F        41577.90
DP   1  17 03 0  F        40978.48
DP   1  17 03 1  F        40506.81
DP   1  17 04 0  F        40189.67
DP   1  17 04 1  F        40052.23
DP   1  17 05 0  F        40046.27
DP   1  17 05 1  F        40119.69
DP   1  17 06 0  F        40278.34
DP   1  17 06 1  F        40595.48
DP   1  17 07 0  F        41356.21
DP   1  17 07 1  F        42774.40
DP   1  17 08 0  F        44567.17
DP   1  17 08 1  F        46361.38
DP   1  17 09 0  F        47919.76
DP   1  17 09 1  F        49104.49
DP   1  17 10 0  F        50039.95
DP   1  17 10 1  F        50858.71
DP   1  17 11 0  F        51464.14
DP   1  17 11 1  F        51746.12
DP   1  17 12 0  F        51769.91
DP   1  17 12 1  F        51694.60
DP   1  17 13 0  F        51879.12
DP   1  17 13 1  F        52577.87
DP   1  17 14 0  F        53427.15
DP   1  17 14 1  F        54008.78
DP   1  17 15 0  F        54304.94
DP   1  17 15 1  F        54401.26
DP   1  17 16 0  F        54396.87
DP   1  17 16 1  F        54291.47
DP   1  17 17 0  F        53673.55
DP   1  17 17 1  F        52244.30
DP   1  17 18 0  F        50566.91
DP   1  17 18 1  F        49363.90
DP   1  17 19 0  F        49132.96
DP   1  17 19 1  F        50042.88
DP   1  17 20 0  F        51171.59
DP   1  17 20 1  F        51609.94
DP   1  17 21 0  F        51591.12
DP   1  17 21 1  F        51503.97
DP   1  17 22 0  F        51217.41
DP   1  17 22 1  F        50552.27
DP   1  17 23 0  F        49656.89
DP   1  17 23 1  F        48761.52
DP   2  17 00 0  F        15227.08
DP   2  17 00 1  F        14624.44
DP   2  17 01 0  F        14100.76
DP   2  17 01 1  F        13709.27
DP   2  17 02 0  F        13400.41
DP   2  17 02 1  F        13116.93
DP   2  17 03 0  F        12873.75
DP   2  17 03 1  F        12695.98
DP   2  17 04 0  F        12577.42
DP   2  17 04 1  F        12511.27
DP   2  17 05 0  F        12519.80
DP   2  17 05 1  F        12616.19
DP   2  17 06 0  F        12748.37
DP   2  17 06 1  F        12897.73
DP   2  17 07 0  F        13244.67
DP   2  17 07 1  F        13937.89
DP   2  17 08 0  F        14800.37
DP   2  17 08 1  F        15596.07
DP   2  17 09 0  F        16178.78
DP   2  17 09 1  F        16483.88
DP   2  17 10 0  F        16683.20
DP   2  17 10 1  F        16957.12
DP   2  17 11 0  F        17283.70
DP   2  17 11 1  F        17554.63
DP   2  17 12 0  F        17518.37
DP   2  17 12 1  F        17062.01
DP   2  17 13 0  F        16770.25
DP   2  17 13 1  F        17165.12
DP   2  17 14 0  F        17820.22
DP   2  17 14 1  F        18203.26
DP   2  17 15 0  F        18306.86
DP   2  17 15 1  F        18253.58
DP   2  17 16 0  F        18160.79
DP   2  17 16 1  F        18100.09
DP   2  17 17 0  F        17965.27
DP   2  17 17 1  F        17627.68
DP   2  17 18 0  F        17046.71
DP   2  17 18 1  F        16289.89
DP   2  17 19 0  F        15769.14
DP   2  17 19 1  F        15822.01
DP   2  17 20 0  F        16144.00
DP   2  17 20 1  F        16358.84
DP   2  17 21 0  F        16445.18
DP   2  17 21 1  F        16454.03
DP   2  17 22 0  F        16371.01
DP   2  17 22 1  F        16180.72
DP   2  17 23 0  F        15929.12
DP   2  17 23 1  F        15677.53
DP   3  17 00 0  F        13882.66
DP   3  17 00 1  F        13640.96
DP   3  17 01 0  F        13406.95
DP   3  17 01 1  F        13190.00
DP   3  17 02 0  F        13006.30
DP   3  17 02 1  F        12864.28
DP   3  17 03 0  F        12734.63
DP   3  17 03 1  F        12596.26
DP   3  17 04 0  F        12498.71
DP   3  17 04 1  F        12469.88
DP   3  17 05 0  F        12380.15
DP   3  17 05 1  F        12117.74
DP   3  17 06 0  F        11799.53
DP   3  17 06 1  F        11586.08
DP   3  17 07 0  F        11583.99
DP   3  17 07 1  F        11848.68
DP   3  17 08 0  F        12284.72
DP   3  17 08 1  F        12762.64
DP   3  17 09 0  F        13167.78
DP   3  17 09 1  F        13421.03
DP   3  17 10 0  F        13570.75
DP   3  17 10 1  F        13686.13
DP   3  17 11 0  F        13792.09
DP   3  17 11 1  F        13883.56
DP   3  17 12 0  F        13879.61
DP   3  17 12 1  F        13735.76
DP   3  17 13 0  F        13628.99
DP   3  17 13 1  F        13727.41
DP   3  17 14 0  F        13942.13
DP   3  17 14 1  F        14138.68
DP   3  17 15 0  F        14257.06
DP   3  17 15 1  F        14271.03
DP   3  17 16 0  F        14214.75
DP   3  17 16 1  F        14107.88
DP   3  17 17 0  F        13851.48
DP   3  17 17 1  F        13404.46
DP   3  17 18 0  F        13075.45
DP   3  17 18 1  F        13136.75
DP   3  17 19 0  F        13365.46
DP   3  17 19 1  F        13482.10
DP   3  17 20 0  F        13476.04
DP   3  17 20 1  F        13422.92
DP   3  17 21 0  F        13474.55
DP   3  17 21 1  F        13730.19
DP   3  17 22 0  F        14002.76
DP   3  17 22 1  F        14096.86
DP   3  17 23 0  F        14070.10
DP   3  17 23 1  F        14043.33
DP   4  17 00 0  F        8010.97
DP   4  17 00 1  F        7940.78
DP   4  17 01 0  F        7864.95
DP   4  17 01 1  F        7780.92
DP   4  17 02 0  F        7698.50
DP   4  17 02 1  F        7627.19
DP   4  17 03 0  F        7562.85
DP   4  17 03 1  F        7498.10
DP   4  17 04 0  F        7426.32
DP   4  17 04 1  F        7347.74
DP   4  17 05 0  F        7289.16
DP   4  17 05 1  F        7264.85
DP   4  17 06 0  F        7212.25
DP   4  17 06 1  F        7078.47
DP   4  17 07 0  F        6925.96
DP   4  17 07 1  F        6837.06
DP   4  17 08 0  F        6858.27
DP   4  17 08 1  F        7003.08
DP   4  17 09 0  F        7188.79
DP   4  17 09 1  F        7329.90
DP   4  17 10 0  F        7425.88
DP   4  17 10 1  F        7498.54
DP   4  17 11 0  F        7574.00
DP   4  17 11 1  F        7662.33
DP   4  17 12 0  F        7705.11
DP   4  17 12 1  F        7663.04
DP   4  17 13 0  F        7641.88
DP   4  17 13 1  F        7743.59
DP   4  17 14 0  F        7910.15
DP   4  17 14 1  F        8057.97
DP   4  17 15 0  F        8161.50
DP   4  17 15 1  F        8213.25
DP   4  17 16 0  F        8220.07
DP   4  17 16 1  F        8187.74
DP   4  17 17 0  F        8103.33
DP   4  17 17 1  F        7959.93
DP   4  17 18 0  F        7793.45
DP   4  17 18 1  F        7654.27
DP   4  17 19 0  F        7607.81
DP   4  17 19 1  F        7692.93
DP   4  17 20 0  F        7827.22
DP   4  17 20 1  F        7920.53
DP   4  17 21 0  F        7972.99
DP   4  17 21 1  F        8006.81
DP   4  17 22 0  F        8041.93
DP   4  17 22 1  F        8092.81
DP   4  17 23 0  F        8154.06
DP   4  17 23 1  F        8215.30
