&   CARGA
&
&   ss  di hi m df hf m Demanda
&X  XX  XX XX X XX XX X XXXXXXXXXX
DP   1  11 00 0  F        48647.79
DP   1  11 00 1  F        47287.59
DP   1  11 01 0  F        46049.08
DP   1  11 01 1  F        45018.86
DP   1  11 02 0  F        44143.24
DP   1  11 02 1  F        43355.87
DP   1  11 03 0  F        42680.09
DP   1  11 03 1  F        42159.85
DP   1  11 04 0  F        41831.85
DP   1  11 04 1  F        41700.25
DP   1  11 05 0  F        41646.40
DP   1  11 05 1  F        41579.83
DP   1  11 06 0  F        41645.39
DP   1  11 06 1  F        42042.24
DP   1  11 07 0  F        42951.29
DP   1  11 07 1  F        44453.61
DP   1  11 08 0  F        46249.14
DP   1  11 08 1  F        47984.14
DP   1  11 09 0  F        49471.20
DP   1  11 09 1  F        50632.96
DP   1  11 10 0  F        51666.07
DP   1  11 10 1  F        52738.44
DP   1  11 11 0  F        53629.17
DP   1  11 11 1  F        54094.32
DP   1  11 12 0  F        54186.64
DP   1  11 12 1  F        54072.56
DP   1  11 13 0  F        54076.34
DP   1  11 13 1  F        54433.74
DP   1  11 14 0  F        54868.50
DP   1  11 14 1  F        55083.76
DP   1  11 15 0  F        55212.54
DP   1  11 15 1  F        55414.02
DP   1  11 16 0  F        55522.25
DP   1  11 16 1  F        55278.45
DP   1  11 17 0  F        54377.52
DP   1  11 17 1  F        52686.19
DP   1  11 18 0  F        50804.79
DP   1  11 18 1  F        49465.88
DP   1  11 19 0  F        49197.33
DP   1  11 19 1  F        50177.96
DP   1  11 20 0  F        51394.97
DP   1  11 20 1  F        51851.67
DP   1  11 21 0  F        51807.42
DP   1  11 21 1  F        51690.60
DP   1  11 22 0  F        51349.51
DP   1  11 22 1  F        50580.32
DP   1  11 23 0  F        49550.64
DP   1  11 23 1  F        48520.96
DP   2  11 00 0  F        16872.65
DP   2  11 00 1  F        16329.92
DP   2  11 01 0  F        15836.82
DP   2  11 01 1  F        15425.62
DP   2  11 02 0  F        15059.15
DP   2  11 02 1  F        14700.10
DP   2  11 03 0  F        14380.12
DP   2  11 03 1  F        14137.23
DP   2  11 04 0  F        13966.09
DP   2  11 04 1  F        13850.70
DP   2  11 05 0  F        13775.69
DP   2  11 05 1  F        13724.51
DP   2  11 06 0  F        13675.29
DP   2  11 06 1  F        13656.19
DP   2  11 07 0  F        13901.00
DP   2  11 07 1  F        14604.04
DP   2  11 08 0  F        15596.02
DP   2  11 08 1  F        16622.90
DP   2  11 09 0  F        17455.10
DP   2  11 09 1  F        17939.75
DP   2  11 10 0  F        18206.41
DP   2  11 10 1  F        18432.10
DP   2  11 11 0  F        18701.24
DP   2  11 11 1  F        18985.85
DP   2  11 12 0  F        18900.74
DP   2  11 12 1  F        18204.72
DP   2  11 13 0  F        17589.59
DP   2  11 13 1  F        17717.04
DP   2  11 14 0  F        18195.35
DP   2  11 14 1  F        18493.90
DP   2  11 15 0  F        18579.91
DP   2  11 15 1  F        18545.46
DP   2  11 16 0  F        18484.16
DP   2  11 16 1  F        18451.73
DP   2  11 17 0  F        18351.10
DP   2  11 17 1  F        18059.60
DP   2  11 18 0  F        17505.09
DP   2  11 18 1  F        16729.37
DP   2  11 19 0  F        16179.36
DP   2  11 19 1  F        16228.05
DP   2  11 20 0  F        16547.46
DP   2  11 20 1  F        16733.72
DP   2  11 21 0  F        16780.48
DP   2  11 21 1  F        16759.58
DP   2  11 22 0  F        16658.13
DP   2  11 22 1  F        16457.31
DP   2  11 23 0  F        16199.20
DP   2  11 23 1  F        15941.08
DP   3  11 00 0  F        14331.48
DP   3  11 00 1  F        14093.47
DP   3  11 01 0  F        13861.00
DP   3  11 01 1  F        13643.17
DP   3  11 02 0  F        13463.45
DP   3  11 02 1  F        13334.73
DP   3  11 03 0  F        13213.11
DP   3  11 03 1  F        13064.94
DP   3  11 04 0  F        12954.23
DP   3  11 04 1  F        12923.01
DP   3  11 05 0  F        12827.73
DP   3  11 05 1  F        12543.36
DP   3  11 06 0  F        12204.42
DP   3  11 06 1  F        12004.95
DP   3  11 07 0  F        12117.26
DP   3  11 07 1  F        12622.27
DP   3  11 08 0  F        13256.97
DP   3  11 08 1  F        13739.91
DP   3  11 09 0  F        14059.88
DP   3  11 09 1  F        14254.96
DP   3  11 10 0  F        14290.28
DP   3  11 10 1  F        14153.30
DP   3  11 11 0  F        13993.77
DP   3  11 11 1  F        13941.08
DP   3  11 12 0  F        13880.63
DP   3  11 12 1  F        13702.23
DP   3  11 13 0  F        13557.17
DP   3  11 13 1  F        13597.04
DP   3  11 14 0  F        13713.11
DP   3  11 14 1  F        13773.00
DP   3  11 15 0  F        13810.01
DP   3  11 15 1  F        13873.44
DP   3  11 16 0  F        13910.84
DP   3  11 16 1  F        13842.74
DP   3  11 17 0  F        13583.29
DP   3  11 17 1  F        13133.61
DP   3  11 18 0  F        12849.01
DP   3  11 18 1  F        13027.36
DP   3  11 19 0  F        13382.52
DP   3  11 19 1  F        13570.05
DP   3  11 20 0  F        13596.15
DP   3  11 20 1  F        13565.69
DP   3  11 21 0  F        13627.45
DP   3  11 21 1  F        13875.84
DP   3  11 22 0  F        14143.76
DP   3  11 22 1  F        14255.23
DP   3  11 23 0  F        14260.23
DP   3  11 23 1  F        14265.23
DP   4  11 00 0  F        8003.57
DP   4  11 00 1  F        7973.72
DP   4  11 01 0  F        7918.06
DP   4  11 01 1  F        7820.44
DP   4  11 02 0  F        7703.29
DP   4  11 02 1  F        7594.29
DP   4  11 03 0  F        7503.39
DP   4  11 03 1  F        7432.17
DP   4  11 04 0  F        7366.32
DP   4  11 04 1  F        7294.40
DP   4  11 05 0  F        7232.23
DP   4  11 05 1  F        7187.15
DP   4  11 06 0  F        7105.36
DP   4  11 06 1  F        6947.43
DP   4  11 07 0  F        6792.64
DP   4  11 07 1  F        6733.39
DP   4  11 08 0  F        6795.78
DP   4  11 08 1  F        6970.57
DP   4  11 09 0  F        7173.26
DP   4  11 09 1  F        7323.35
DP   4  11 10 0  F        7431.40
DP   4  11 10 1  F        7518.88
DP   4  11 11 0  F        7559.61
DP   4  11 11 1  F        7530.21
DP   4  11 12 0  F        7465.90
DP   4  11 12 1  F        7415.39
DP   4  11 13 0  F        7422.63
DP   4  11 13 1  F        7509.23
DP   4  11 14 0  F        7612.17
DP   4  11 14 1  F        7670.35
DP   4  11 15 0  F        7714.92
DP   4  11 15 1  F        7780.76
DP   4  11 16 0  F        7825.43
DP   4  11 16 1  F        7799.41
DP   4  11 17 0  F        7702.17
DP   4  11 17 1  F        7547.66
DP   4  11 18 0  F        7358.86
DP   4  11 18 1  F        7175.30
DP   4  11 19 0  F        7093.59
DP   4  11 19 1  F        7181.19
DP   4  11 20 0  F        7331.74
DP   4  11 20 1  F        7428.10
DP   4  11 21 0  F        7483.85
DP   4  11 21 1  F        7537.06
DP   4  11 22 0  F        7593.05
DP   4  11 22 1  F        7649.40
DP   4  11 23 0  F        7705.69
DP   4  11 23 1  F        7761.99
