&   CARGA
&
&   ss  di hi m df hf m Demanda
&X  XX  XX XX X XX XX X XXXXXXXXXX
DP   1  06 00 0  F        43104.77
DP   1  06 00 1  F        41839.18
DP   1  06 01 0  F        40654.20
DP   1  06 01 1  F        39615.00
DP   1  06 02 0  F        38724.82
DP   1  06 02 1  F        37973.81
DP   1  06 03 0  F        37361.58
DP   1  06 03 1  F        36892.97
DP   1  06 04 0  F        36584.29
DP   1  06 04 1  F        36425.80
DP   1  06 05 0  F        36292.22
DP   1  06 05 1  F        36062.66
DP   1  06 06 0  F        35749.28
DP   1  06 06 1  F        35453.39
DP   1  06 07 0  F        35499.67
DP   1  06 07 1  F        36137.43
DP   1  06 08 0  F        37091.12
DP   1  06 08 1  F        38021.27
DP   1  06 09 0  F        38857.74
DP   1  06 09 1  F        39593.42
DP   1  06 10 0  F        40204.16
DP   1  06 10 1  F        40666.03
DP   1  06 11 0  F        40973.07
DP   1  06 11 1  F        41141.25
DP   1  06 12 0  F        41256.40
DP   1  06 12 1  F        41398.67
DP   1  06 13 0  F        41555.73
DP   1  06 13 1  F        41691.07
DP   1  06 14 0  F        41763.95
DP   1  06 14 1  F        41756.67
DP   1  06 15 0  F        41747.82
DP   1  06 15 1  F        41815.99
DP   1  06 16 0  F        41943.55
DP   1  06 16 1  F        42089.87
DP   1  06 17 0  F        42218.58
DP   1  06 17 1  F        42323.55
DP   1  06 18 0  F        42515.41
DP   1  06 18 1  F        42941.58
DP   1  06 19 0  F        43780.10
DP   1  06 19 1  F        45051.69
DP   1  06 20 0  F        46117.16
DP   1  06 20 1  F        46364.58
DP   1  06 21 0  F        45950.80
DP   1  06 21 1  F        45191.08
DP   1  06 22 0  F        44265.51
DP   1  06 22 1  F        43297.63
DP   1  06 23 0  F        42319.96
DP   1  06 23 1  F        41342.30
DP   2  06 00 0  F        12880.89
DP   2  06 00 1  F        12444.61
DP   2  06 01 0  F        12036.65
DP   2  06 01 1  F        11679.27
DP   2  06 02 0  F        11370.43
DP   2  06 02 1  F        11104.52
DP   2  06 03 0  F        10885.82
DP   2  06 03 1  F        10719.62
DP   2  06 04 0  F        10605.38
DP   2  06 04 1  F        10540.14
DP   2  06 05 0  F        10517.22
DP   2  06 05 1  F        10522.12
DP   2  06 06 0  F        10512.99
DP   2  06 06 1  F        10479.33
DP   2  06 07 0  F        10563.30
DP   2  06 07 1  F        10884.04
DP   2  06 08 0  F        11315.71
DP   2  06 08 1  F        11699.09
DP   2  06 09 0  F        11986.35
DP   2  06 09 1  F        12173.99
DP   2  06 10 0  F        12324.47
DP   2  06 10 1  F        12499.34
DP   2  06 11 0  F        12690.71
DP   2  06 11 1  F        12858.08
DP   2  06 12 0  F        12899.85
DP   2  06 12 1  F        12762.30
DP   2  06 13 0  F        12644.34
DP   2  06 13 1  F        12732.72
DP   2  06 14 0  F        12912.98
DP   2  06 14 1  F        13030.64
DP   2  06 15 0  F        13072.43
DP   2  06 15 1  F        13067.76
DP   2  06 16 0  F        13075.82
DP   2  06 16 1  F        13144.04
DP   2  06 17 0  F        13243.27
DP   2  06 17 1  F        13321.11
DP   2  06 18 0  F        13308.81
DP   2  06 18 1  F        13190.61
DP   2  06 19 0  F        13179.04
DP   2  06 19 1  F        13452.01
DP   2  06 20 0  F        13820.97
DP   2  06 20 1  F        14051.88
DP   2  06 21 0  F        14095.41
DP   2  06 21 1  F        13961.73
DP   2  06 22 0  F        13714.16
DP   2  06 22 1  F        13419.67
DP   2  06 23 0  F        13106.57
DP   2  06 23 1  F        12793.46
DP   3  06 00 0  F        14023.98
DP   3  06 00 1  F        13831.99
DP   3  06 01 0  F        13628.13
DP   3  06 01 1  F        13411.59
DP   3  06 02 0  F        13225.67
DP   3  06 02 1  F        13104.31
DP   3  06 03 0  F        12999.86
DP   3  06 03 1  F        12867.67
DP   3  06 04 0  F        12756.83
DP   3  06 04 1  F        12701.29
DP   3  06 05 0  F        12580.91
DP   3  06 05 1  F        12288.60
DP   3  06 06 0  F        11923.70
DP   3  06 06 1  F        11626.17
DP   3  06 07 0  F        11491.90
DP   3  06 07 1  F        11573.54
DP   3  06 08 0  F        11794.79
DP   3  06 08 1  F        12052.50
DP   3  06 09 0  F        12265.19
DP   3  06 09 1  F        12381.59
DP   3  06 10 0  F        12449.56
DP   3  06 10 1  F        12527.99
DP   3  06 11 0  F        12620.74
DP   3  06 11 1  F        12708.11
DP   3  06 12 0  F        12731.35
DP   3  06 12 1  F        12658.45
DP   3  06 13 0  F        12603.42
DP   3  06 13 1  F        12671.33
DP   3  06 14 0  F        12785.46
DP   3  06 14 1  F        12849.72
DP   3  06 15 0  F        12872.15
DP   3  06 15 1  F        12879.17
DP   3  06 16 0  F        12866.65
DP   3  06 16 1  F        12818.18
DP   3  06 17 0  F        12699.02
DP   3  06 17 1  F        12529.90
DP   3  06 18 0  F        12571.83
DP   3  06 18 1  F        13015.20
DP   3  06 19 0  F        13527.50
DP   3  06 19 1  F        13751.23
DP   3  06 20 0  F        13751.89
DP   3  06 20 1  F        13688.26
DP   3  06 21 0  F        13669.34
DP   3  06 21 1  F        13755.18
DP   3  06 22 0  F        13859.80
DP   3  06 22 1  F        13889.72
DP   3  06 23 0  F        13867.78
DP   3  06 23 1  F        13845.83
DP   4  06 00 0  F        7273.83
DP   4  06 00 1  F        7249.25
DP   4  06 01 0  F        7219.27
DP   4  06 01 1  F        7179.46
DP   4  06 02 0  F        7129.30
DP   4  06 02 1  F        7069.25
DP   4  06 03 0  F        6999.88
DP   4  06 03 1  F        6924.27
DP   4  06 04 0  F        6855.48
DP   4  06 04 1  F        6804.98
DP   4  06 05 0  F        6767.85
DP   4  06 05 1  F        6730.43
DP   4  06 06 0  F        6660.57
DP   4  06 06 1  F        6537.06
DP   4  06 07 0  F        6400.96
DP   4  06 07 1  F        6301.43
DP   4  06 08 0  F        6257.76
DP   4  06 08 1  F        6272.75
DP   4  06 09 0  F        6313.12
DP   4  06 09 1  F        6344.69
DP   4  06 10 0  F        6365.88
DP   4  06 10 1  F        6382.15
DP   4  06 11 0  F        6394.78
DP   4  06 11 1  F        6402.02
DP   4  06 12 0  F        6394.43
DP   4  06 12 1  F        6367.60
DP   4  06 13 0  F        6344.94
DP   4  06 13 1  F        6350.94
DP   4  06 14 0  F        6386.58
DP   4  06 14 1  F        6443.81
DP   4  06 15 0  F        6501.89
DP   4  06 15 1  F        6540.82
DP   4  06 16 0  F        6556.31
DP   4  06 16 1  F        6548.19
DP   4  06 17 0  F        6517.24
DP   4  06 17 1  F        6470.89
DP   4  06 18 0  F        6442.43
DP   4  06 18 1  F        6467.44
DP   4  06 19 0  F        6564.83
DP   4  06 19 1  F        6730.25
DP   4  06 20 0  F        6882.83
DP   4  06 20 1  F        6949.19
DP   4  06 21 0  F        6962.38
DP   4  06 21 1  F        6972.10
DP   4  06 22 0  F        6988.52
DP   4  06 22 1  F        7011.27
DP   4  06 23 0  F        7037.50
DP   4  06 23 1  F        7063.72
