&   CARGA
&
&   ss  di hi m df hf m Demanda
&X  XX  XX XX X XX XX X XXXXXXXXXX
DP   1  08 00 0  F        40498.64
DP   1  08 00 1  F        39505.20
DP   1  08 01 0  F        38541.27
DP   1  08 01 1  F        37645.10
DP   1  08 02 0  F        36889.85
DP   1  08 02 1  F        36330.34
DP   1  08 03 0  F        35913.09
DP   1  08 03 1  F        35582.57
DP   1  08 04 0  F        35383.34
DP   1  08 04 1  F        35357.15
DP   1  08 05 0  F        35434.34
DP   1  08 05 1  F        35556.24
DP   1  08 06 0  F        35819.47
DP   1  08 06 1  F        36356.20
DP   1  08 07 0  F        37285.40
DP   1  08 07 1  F        38658.34
DP   1  08 08 0  F        40268.70
DP   1  08 08 1  F        41866.37
DP   1  08 09 0  F        43283.54
DP   1  08 09 1  F        44417.18
DP   1  08 10 0  F        45341.09
DP   1  08 10 1  F        46135.18
DP   1  08 11 0  F        46726.98
DP   1  08 11 1  F        47039.84
DP   1  08 12 0  F        47132.86
DP   1  08 12 1  F        47134.52
DP   1  08 13 0  F        47315.30
DP   1  08 13 1  F        47869.35
DP   1  08 14 0  F        48543.58
DP   1  08 14 1  F        49044.34
DP   1  08 15 0  F        49363.11
DP   1  08 15 1  F        49564.45
DP   1  08 16 0  F        49720.23
DP   1  08 16 1  F        49815.24
DP   1  08 17 0  F        49478.59
DP   1  08 17 1  F        48437.24
DP   1  08 18 0  F        47165.04
DP   1  08 18 1  F        46279.93
DP   1  08 19 0  F        46229.04
DP   1  08 19 1  F        47173.70
DP   1  08 20 0  F        48302.71
DP   1  08 20 1  F        48809.51
DP   1  08 21 0  F        48878.61
DP   1  08 21 1  F        48826.92
DP   1  08 22 0  F        48509.85
DP   1  08 22 1  F        47754.56
DP   1  08 23 0  F        46736.61
DP   1  08 23 1  F        45718.66
DP   2  08 00 0  F        13246.40
DP   2  08 00 1  F        12865.68
DP   2  08 01 0  F        12515.85
DP   2  08 01 1  F        12218.61
DP   2  08 02 0  F        11958.89
DP   2  08 02 1  F        11720.70
DP   2  08 03 0  F        11520.99
DP   2  08 03 1  F        11379.64
DP   2  08 04 0  F        11295.40
DP   2  08 04 1  F        11264.56
DP   2  08 05 0  F        11294.65
DP   2  08 05 1  F        11388.61
DP   2  08 06 0  F        11519.83
DP   2  08 06 1  F        11689.31
DP   2  08 07 0  F        12038.05
DP   2  08 07 1  F        12680.85
DP   2  08 08 0  F        13487.64
DP   2  08 08 1  F        14277.15
DP   2  08 09 0  F        14908.08
DP   2  08 09 1  F        15301.72
DP   2  08 10 0  F        15589.60
DP   2  08 10 1  F        15917.84
DP   2  08 11 0  F        16280.76
DP   2  08 11 1  F        16595.40
DP   2  08 12 0  F        16621.57
DP   2  08 12 1  F        16253.25
DP   2  08 13 0  F        16078.48
DP   2  08 13 1  F        16613.00
DP   2  08 14 0  F        17389.40
DP   2  08 14 1  F        17844.42
DP   2  08 15 0  F        18014.58
DP   2  08 15 1  F        18060.66
DP   2  08 16 0  F        18040.87
DP   2  08 16 1  F        17971.69
DP   2  08 17 0  F        17805.19
DP   2  08 17 1  F        17467.90
DP   2  08 18 0  F        16848.59
DP   2  08 18 1  F        15953.98
DP   2  08 19 0  F        15300.42
DP   2  08 19 1  F        15333.56
DP   2  08 20 0  F        15706.67
DP   2  08 20 1  F        15982.83
DP   2  08 21 0  F        16156.68
DP   2  08 21 1  F        16299.76
DP   2  08 22 0  F        16359.76
DP   2  08 22 1  F        16281.11
DP   2  08 23 0  F        16119.28
DP   2  08 23 1  F        15957.44
DP   3  08 00 0  F        13641.25
DP   3  08 00 1  F        13422.90
DP   3  08 01 0  F        13214.01
DP   3  08 01 1  F        13023.78
DP   3  08 02 0  F        12860.19
DP   3  08 02 1  F        12726.48
DP   3  08 03 0  F        12607.96
DP   3  08 03 1  F        12495.00
DP   3  08 04 0  F        12415.99
DP   3  08 04 1  F        12379.13
DP   3  08 05 0  F        12273.70
DP   3  08 05 1  F        12010.91
DP   3  08 06 0  F        11708.46
DP   3  08 06 1  F        11520.35
DP   3  08 07 0  F        11539.23
DP   3  08 07 1  F        11811.90
DP   3  08 08 0  F        12263.12
DP   3  08 08 1  F        12779.64
DP   3  08 09 0  F        13218.39
DP   3  08 09 1  F        13476.30
DP   3  08 10 0  F        13640.11
DP   3  08 10 1  F        13812.13
DP   3  08 11 0  F        13967.11
DP   3  08 11 1  F        14049.93
DP   3  08 12 0  F        14013.62
DP   3  08 12 1  F        13859.84
DP   3  08 13 0  F        13776.62
DP   3  08 13 1  F        13927.18
DP   3  08 14 0  F        14189.08
DP   3  08 14 1  F        14399.89
DP   3  08 15 0  F        14522.79
DP   3  08 15 1  F        14558.72
DP   3  08 16 0  F        14533.78
DP   3  08 16 1  F        14449.71
DP   3  08 17 0  F        14185.58
DP   3  08 17 1  F        13690.99
DP   3  08 18 0  F        13320.35
DP   3  08 18 1  F        13384.05
DP   3  08 19 0  F        13611.57
DP   3  08 19 1  F        13675.43
DP   3  08 20 0  F        13601.15
DP   3  08 20 1  F        13514.47
DP   3  08 21 0  F        13588.90
DP   3  08 21 1  F        13924.68
DP   3  08 22 0  F        14281.08
DP   3  08 22 1  F        14411.93
DP   3  08 23 0  F        14390.12
DP   3  08 23 1  F        14368.30
DP   4  08 00 0  F        7198.98
DP   4  08 00 1  F        7174.76
DP   4  08 01 0  F        7142.13
DP   4  08 01 1  F        7095.02
DP   4  08 02 0  F        7036.82
DP   4  08 02 1  F        6972.66
DP   4  08 03 0  F        6905.28
DP   4  08 03 1  F        6837.91
DP   4  08 04 0  F        6778.28
DP   4  08 04 1  F        6733.29
DP   4  08 05 0  F        6702.01
DP   4  08 05 1  F        6674.49
DP   4  08 06 0  F        6612.42
DP   4  08 06 1  F        6491.65
DP   4  08 07 0  F        6373.07
DP   4  08 07 1  F        6326.69
DP   4  08 08 0  F        6374.04
DP   4  08 08 1  F        6509.65
DP   4  08 09 0  F        6668.46
DP   4  08 09 1  F        6787.39
DP   4  08 10 0  F        6870.88
DP   4  08 10 1  F        6934.73
DP   4  08 11 0  F        6972.94
DP   4  08 11 1  F        6977.68
DP   4  08 12 0  F        6955.70
DP   4  08 12 1  F        6922.40
DP   4  08 13 0  F        6913.38
DP   4  08 13 1  F        6959.17
DP   4  08 14 0  F        7049.98
DP   4  08 14 1  F        7161.74
DP   4  08 15 0  F        7253.60
DP   4  08 15 1  F        7292.44
DP   4  08 16 0  F        7292.86
DP   4  08 16 1  F        7271.84
DP   4  08 17 0  F        7208.12
DP   4  08 17 1  F        7082.51
DP   4  08 18 0  F        6922.28
DP   4  08 18 1  F        6774.92
DP   4  08 19 0  F        6722.20
DP   4  08 19 1  F        6815.56
DP   4  08 20 0  F        6950.81
DP   4  08 20 1  F        7021.38
DP   4  08 21 0  F        7066.85
DP   4  08 21 1  F        7144.43
DP   4  08 22 0  F        7235.69
DP   4  08 22 1  F        7311.47
DP   4  08 23 0  F        7375.41
DP   4  08 23 1  F        7439.35
