&   CARGA
&
&   ss  di hi m df hf m Demanda
&X  XX  XX XX X XX XX X XXXXXXXXXX
DP   1  10 00 0  F        44837.85
DP   1  10 00 1  F        43417.35
DP   1  10 01 0  F        42094.55
DP   1  10 01 1  F        40953.59
DP   1  10 02 0  F        40024.19
DP   1  10 02 1  F        39307.85
DP   1  10 03 0  F        38747.39
DP   1  10 03 1  F        38296.69
DP   1  10 04 0  F        38012.54
DP   1  10 04 1  F        37942.60
DP   1  10 05 0  F        37994.97
DP   1  10 05 1  F        38077.85
DP   1  10 06 0  F        38239.42
DP   1  10 06 1  F        38595.15
DP   1  10 07 0  F        39389.93
DP   1  10 07 1  F        40782.21
DP   1  10 08 0  F        42455.41
DP   1  10 08 1  F        44028.23
DP   1  10 09 0  F        45335.51
DP   1  10 09 1  F        46313.42
DP   1  10 10 0  F        47087.36
DP   1  10 10 1  F        47774.96
DP   1  10 11 0  F        48273.72
DP   1  10 11 1  F        48473.78
DP   1  10 12 0  F        48455.92
DP   1  10 12 1  F        48379.95
DP   1  10 13 0  F        48530.98
DP   1  10 13 1  F        49106.70
DP   1  10 14 0  F        49829.79
DP   1  10 14 1  F        50372.53
DP   1  10 15 0  F        50680.61
DP   1  10 15 1  F        50790.24
DP   1  10 16 0  F        50826.34
DP   1  10 16 1  F        50829.99
DP   1  10 17 0  F        50418.20
DP   1  10 17 1  F        49308.57
DP   1  10 18 0  F        48045.14
DP   1  10 18 1  F        47297.35
DP   1  10 19 0  F        47409.93
DP   1  10 19 1  F        48417.80
DP   1  10 20 0  F        49441.35
DP   1  10 20 1  F        49659.01
DP   1  10 21 0  F        49395.85
DP   1  10 21 1  F        49107.99
DP   1  10 22 0  F        48629.10
DP   1  10 22 1  F        47733.65
DP   1  10 23 0  F        46581.70
DP   1  10 23 1  F        45429.76
DP   2  10 00 0  F        14768.46
DP   2  10 00 1  F        14212.12
DP   2  10 01 0  F        13723.19
DP   2  10 01 1  F        13345.06
DP   2  10 02 0  F        13025.07
DP   2  10 02 1  F        12709.76
DP   2  10 03 0  F        12438.40
DP   2  10 03 1  F        12256.45
DP   2  10 04 0  F        12141.42
DP   2  10 04 1  F        12064.35
DP   2  10 05 0  F        12038.45
DP   2  10 05 1  F        12073.97
DP   2  10 06 0  F        12127.33
DP   2  10 06 1  F        12189.29
DP   2  10 07 0  F        12441.68
DP   2  10 07 1  F        13036.56
DP   2  10 08 0  F        13815.78
DP   2  10 08 1  F        14563.72
DP   2  10 09 0  F        15144.90
DP   2  10 09 1  F        15494.50
DP   2  10 10 0  F        15749.84
DP   2  10 10 1  F        16054.31
DP   2  10 11 0  F        16373.21
DP   2  10 11 1  F        16606.28
DP   2  10 12 0  F        16569.12
DP   2  10 12 1  F        16204.47
DP   2  10 13 0  F        16048.06
DP   2  10 13 1  F        16558.72
DP   2  10 14 0  F        17294.87
DP   2  10 14 1  F        17726.11
DP   2  10 15 0  F        17867.34
DP   2  10 15 1  F        17858.76
DP   2  10 16 0  F        17796.67
DP   2  10 16 1  F        17734.11
DP   2  10 17 0  F        17594.97
DP   2  10 17 1  F        17275.03
DP   2  10 18 0  F        16686.58
DP   2  10 18 1  F        15858.65
DP   2  10 19 0  F        15270.62
DP   2  10 19 1  F        15328.37
DP   2  10 20 0  F        15693.55
DP   2  10 20 1  F        15949.26
DP   2  10 21 0  F        16108.64
DP   2  10 21 1  F        16256.38
DP   2  10 22 0  F        16333.42
DP   2  10 22 1  F        16274.42
DP   2  10 23 0  F        16132.58
DP   2  10 23 1  F        15990.73
DP   3  10 00 0  F        13891.34
DP   3  10 00 1  F        13637.89
DP   3  10 01 0  F        13397.72
DP   3  10 01 1  F        13183.81
DP   3  10 02 0  F        13007.92
DP   3  10 02 1  F        12873.90
DP   3  10 03 0  F        12755.26
DP   3  10 03 1  F        12633.42
DP   3  10 04 0  F        12551.67
DP   3  10 04 1  F        12530.16
DP   3  10 05 0  F        12434.32
DP   3  10 05 1  F        12152.86
DP   3  10 06 0  F        11822.29
DP   3  10 06 1  F        11621.72
DP   3  10 07 0  F        11653.00
DP   3  10 07 1  F        11959.88
DP   3  10 08 0  F        12430.98
DP   3  10 08 1  F        12923.65
DP   3  10 09 0  F        13325.19
DP   3  10 09 1  F        13565.82
DP   3  10 10 0  F        13717.53
DP   3  10 10 1  F        13864.03
DP   3  10 11 0  F        13994.37
DP   3  10 11 1  F        14069.06
DP   3  10 12 0  F        14029.19
DP   3  10 12 1  F        13863.21
DP   3  10 13 0  F        13768.23
DP   3  10 13 1  F        13918.09
DP   3  10 14 0  F        14184.75
DP   3  10 14 1  F        14396.51
DP   3  10 15 0  F        14508.83
DP   3  10 15 1  F        14518.85
DP   3  10 16 0  F        14463.30
DP   3  10 16 1  F        14355.65
DP   3  10 17 0  F        14076.84
DP   3  10 17 1  F        13577.59
DP   3  10 18 0  F        13220.27
DP   3  10 18 1  F        13318.54
DP   3  10 19 0  F        13579.21
DP   3  10 19 1  F        13653.91
DP   3  10 20 0  F        13580.08
DP   3  10 20 1  F        13497.14
DP   3  10 21 0  F        13566.59
DP   3  10 21 1  F        13876.40
DP   3  10 22 0  F        14198.36
DP   3  10 22 1  F        14301.01
DP   3  10 23 0  F        14256.11
DP   3  10 23 1  F        14211.21
DP   4  10 00 0  F        7307.06
DP   4  10 00 1  F        7272.71
DP   4  10 01 0  F        7225.32
DP   4  10 01 1  F        7156.88
DP   4  10 02 0  F        7079.35
DP   4  10 02 1  F        7005.86
DP   4  10 03 0  F        6934.16
DP   4  10 03 1  F        6860.60
DP   4  10 04 0  F        6791.48
DP   4  10 04 1  F        6734.79
DP   4  10 05 0  F        6695.44
DP   4  10 05 1  F        6667.81
DP   4  10 06 0  F        6607.12
DP   4  10 06 1  F        6482.09
DP   4  10 07 0  F        6354.52
DP   4  10 07 1  F        6298.39
DP   4  10 08 0  F        6343.26
DP   4  10 08 1  F        6488.60
DP   4  10 09 0  F        6657.81
DP   4  10 09 1  F        6776.10
DP   4  10 10 0  F        6852.02
DP   4  10 10 1  F        6908.81
DP   4  10 11 0  F        6944.95
DP   4  10 11 1  F        6953.32
DP   4  10 12 0  F        6928.91
DP   4  10 12 1  F        6879.51
DP   4  10 13 0  F        6862.17
DP   4  10 13 1  F        6927.28
DP   4  10 14 0  F        7049.65
DP   4  10 14 1  F        7185.34
DP   4  10 15 0  F        7291.31
DP   4  10 15 1  F        7335.47
DP   4  10 16 0  F        7328.77
DP   4  10 16 1  F        7286.86
DP   4  10 17 0  F        7201.11
DP   4  10 17 1  F        7065.33
DP   4  10 18 0  F        6907.29
DP   4  10 18 1  F        6770.99
DP   4  10 19 0  F        6731.33
DP   4  10 19 1  F        6833.33
DP   4  10 20 0  F        6971.39
DP   4  10 20 1  F        7038.88
DP   4  10 21 0  F        7075.44
DP   4  10 21 1  F        7139.52
DP   4  10 22 0  F        7218.43
DP   4  10 22 1  F        7288.08
DP   4  10 23 0  F        7349.90
DP   4  10 23 1  F        7411.72
