&   CARGA
&
&   ss  di hi m df hf m Demanda
&X  XX  XX XX X XX XX X XXXXXXXXXX
DP   1  07 00 0  F        40773.95
DP   1  07 00 1  F        39682.17
DP   1  07 01 0  F        38637.12
DP   1  07 01 1  F        37680.00
DP   1  07 02 0  F        36829.84
DP   1  07 02 1  F        36097.05
DP   1  07 03 0  F        35479.74
DP   1  07 03 1  F        34979.60
DP   1  07 04 0  F        34625.08
DP   1  07 04 1  F        34416.47
DP   1  07 05 0  F        34214.72
DP   1  07 05 1  F        33874.52
DP   1  07 06 0  F        33364.95
DP   1  07 06 1  F        32754.40
DP   1  07 07 0  F        32393.93
DP   1  07 07 1  F        32574.48
DP   1  07 08 0  F        33063.68
DP   1  07 08 1  F        33573.97
DP   1  07 09 0  F        34120.48
DP   1  07 09 1  F        34751.44
DP   1  07 10 0  F        35345.14
DP   1  07 10 1  F        35791.71
DP   1  07 11 0  F        36198.77
DP   1  07 11 1  F        36681.07
DP   1  07 12 0  F        37164.45
DP   1  07 12 1  F        37542.60
DP   1  07 13 0  F        37769.43
DP   1  07 13 1  F        37836.57
DP   1  07 14 0  F        37826.12
DP   1  07 14 1  F        37826.96
DP   1  07 15 0  F        37864.46
DP   1  07 15 1  F        37958.59
DP   1  07 16 0  F        38171.27
DP   1  07 16 1  F        38548.66
DP   1  07 17 0  F        39032.14
DP   1  07 17 1  F        39546.73
DP   1  07 18 0  F        40057.12
DP   1  07 18 1  F        40602.09
DP   1  07 19 0  F        41477.35
DP   1  07 19 1  F        42847.13
DP   1  07 20 0  F        44092.89
DP   1  07 20 1  F        44592.64
DP   1  07 21 0  F        44493.28
DP   1  07 21 1  F        44087.70
DP   1  07 22 0  F        43483.73
DP   1  07 22 1  F        42744.08
DP   1  07 23 0  F        41936.04
DP   1  07 23 1  F        41127.99
DP   2  07 00 0  F        12266.23
DP   2  07 00 1  F        11898.70
DP   2  07 01 0  F        11543.37
DP   2  07 01 1  F        11211.57
DP   2  07 02 0  F        10911.09
DP   2  07 02 1  F        10648.02
DP   2  07 03 0  F        10425.26
DP   2  07 03 1  F        10246.57
DP   2  07 04 0  F        10122.54
DP   2  07 04 1  F        10054.79
DP   2  07 05 0  F        10002.54
DP   2  07 05 1  F        9923.90
DP   2  07 06 0  F        9814.96
DP   2  07 06 1  F        9700.60
DP   2  07 07 0  F        9682.56
DP   2  07 07 1  F        9844.77
DP   2  07 08 0  F        10122.88
DP   2  07 08 1  F        10422.64
DP   2  07 09 0  F        10678.56
DP   2  07 09 1  F        10859.40
DP   2  07 10 0  F        11042.34
DP   2  07 10 1  F        11300.83
DP   2  07 11 0  F        11585.14
DP   2  07 11 1  F        11816.83
DP   2  07 12 0  F        11925.83
DP   2  07 12 1  F        11888.23
DP   2  07 13 0  F        11856.40
DP   2  07 13 1  F        11970.35
DP   2  07 14 0  F        12144.57
DP   2  07 14 1  F        12266.52
DP   2  07 15 0  F        12341.21
DP   2  07 15 1  F        12400.08
DP   2  07 16 0  F        12462.86
DP   2  07 16 1  F        12544.54
DP   2  07 17 0  F        12653.08
DP   2  07 17 1  F        12773.63
DP   2  07 18 0  F        12807.07
DP   2  07 18 1  F        12704.96
DP   2  07 19 0  F        12705.57
DP   2  07 19 1  F        13022.14
DP   2  07 20 0  F        13480.99
DP   2  07 20 1  F        13848.79
DP   2  07 21 0  F        14040.54
DP   2  07 21 1  F        14033.82
DP   2  07 22 0  F        13908.32
DP   2  07 22 1  F        13752.85
DP   2  07 23 0  F        13590.61
DP   2  07 23 1  F        13428.36
DP   3  07 00 0  F        13658.33
DP   3  07 00 1  F        13470.63
DP   3  07 01 0  F        13274.84
DP   3  07 01 1  F        13071.25
DP   3  07 02 0  F        12893.76
DP   3  07 02 1  F        12769.65
DP   3  07 03 0  F        12666.00
DP   3  07 03 1  F        12550.25
DP   3  07 04 0  F        12451.47
DP   3  07 04 1  F        12383.38
DP   3  07 05 0  F        12236.70
DP   3  07 05 1  F        11917.80
DP   3  07 06 0  F        11518.62
DP   3  07 06 1  F        11166.46
DP   3  07 07 0  F        10944.63
DP   3  07 07 1  F        10898.12
DP   3  07 08 0  F        10962.74
DP   3  07 08 1  F        11054.73
DP   3  07 09 0  F        11121.13
DP   3  07 09 1  F        11135.00
DP   3  07 10 0  F        11142.55
DP   3  07 10 1  F        11192.45
DP   3  07 11 0  F        11270.14
DP   3  07 11 1  F        11347.84
DP   3  07 12 0  F        11408.21
DP   3  07 12 1  F        11443.45
DP   3  07 13 0  F        11473.48
DP   3  07 13 1  F        11519.14
DP   3  07 14 0  F        11577.26
DP   3  07 14 1  F        11637.56
DP   3  07 15 0  F        11685.35
DP   3  07 15 1  F        11710.34
DP   3  07 16 0  F        11724.40
DP   3  07 16 1  F        11735.70
DP   3  07 17 0  F        11715.50
DP   3  07 17 1  F        11678.58
DP   3  07 18 0  F        11850.56
DP   3  07 18 1  F        12387.32
DP   3  07 19 0  F        12954.78
DP   3  07 19 1  F        13207.74
DP   3  07 20 0  F        13246.30
DP   3  07 20 1  F        13252.80
DP   3  07 21 0  F        13293.10
DP   3  07 21 1  F        13386.12
DP   3  07 22 0  F        13479.49
DP   3  07 22 1  F        13520.51
DP   3  07 23 0  F        13526.60
DP   3  07 23 1  F        13532.68
DP   4  07 00 0  F        7208.49
DP   4  07 00 1  F        7188.32
DP   4  07 01 0  F        7161.71
DP   4  07 01 1  F        7123.38
DP   4  07 02 0  F        7072.77
DP   4  07 02 1  F        7011.53
DP   4  07 03 0  F        6945.63
DP   4  07 03 1  F        6881.24
DP   4  07 04 0  F        6821.08
DP   4  07 04 1  F        6767.41
DP   4  07 05 0  F        6724.03
DP   4  07 05 1  F        6686.71
DP   4  07 06 0  F        6617.35
DP   4  07 06 1  F        6487.26
DP   4  07 07 0  F        6339.15
DP   4  07 07 1  F        6222.39
DP   4  07 08 0  F        6141.69
DP   4  07 08 1  F        6089.37
DP   4  07 09 0  F        6053.04
DP   4  07 09 1  F        6022.10
DP   4  07 10 0  F        5997.92
DP   4  07 10 1  F        5983.27
DP   4  07 11 0  F        5974.56
DP   4  07 11 1  F        5967.40
DP   4  07 12 0  F        5960.42
DP   4  07 12 1  F        5954.97
DP   4  07 13 0  F        5960.16
DP   4  07 13 1  F        5984.66
DP   4  07 14 0  F        6027.74
DP   4  07 14 1  F        6083.74
DP   4  07 15 0  F        6136.85
DP   4  07 15 1  F        6173.69
DP   4  07 16 0  F        6200.79
DP   4  07 16 1  F        6225.16
DP   4  07 17 0  F        6235.76
DP   4  07 17 1  F        6227.84
DP   4  07 18 0  F        6239.94
DP   4  07 18 1  F        6312.51
DP   4  07 19 0  F        6450.49
DP   4  07 19 1  F        6636.70
DP   4  07 20 0  F        6801.14
DP   4  07 20 1  F        6883.85
DP   4  07 21 0  F        6917.98
DP   4  07 21 1  F        6951.02
DP   4  07 22 0  F        6994.61
DP   4  07 22 1  F        7049.91
DP   4  07 23 0  F        7111.82
DP   4  07 23 1  F        7173.74
