&   CARGA
&
&   ss  di hi m df hf m Demanda
&X  XX  XX XX X XX XX X XXXXXXXXXX
DP   1  05 00 0  F        43868.59
DP   1  05 00 1  F        42520.34
DP   1  05 01 0  F        41261.16
DP   1  05 01 1  F        40165.19
DP   1  05 02 0  F        39246.90
DP   1  05 02 1  F        38504.16
DP   1  05 03 0  F        37928.38
DP   1  05 03 1  F        37513.29
DP   1  05 04 0  F        37268.52
DP   1  05 04 1  F        37189.89
DP   1  05 05 0  F        37202.26
DP   1  05 05 1  F        37236.58
DP   1  05 06 0  F        37319.20
DP   1  05 06 1  F        37542.25
DP   1  05 07 0  F        38165.74
DP   1  05 07 1  F        39364.90
DP   1  05 08 0  F        40808.27
DP   1  05 08 1  F        42112.09
DP   1  05 09 0  F        43190.23
DP   1  05 09 1  F        44046.39
DP   1  05 10 0  F        44746.08
DP   1  05 10 1  F        45337.22
DP   1  05 11 0  F        45735.77
DP   1  05 11 1  F        45868.57
DP   1  05 12 0  F        45837.88
DP   1  05 12 1  F        45802.50
DP   1  05 13 0  F        45971.73
DP   1  05 13 1  F        46473.18
DP   1  05 14 0  F        47057.31
DP   1  05 14 1  F        47451.34
DP   1  05 15 0  F        47666.81
DP   1  05 15 1  F        47770.33
DP   1  05 16 0  F        47764.31
DP   1  05 16 1  F        47613.38
DP   1  05 17 0  F        47195.14
DP   1  05 17 1  F        46447.05
DP   1  05 18 0  F        45632.87
DP   1  05 18 1  F        45112.09
DP   1  05 19 0  F        45300.82
DP   1  05 19 1  F        46373.71
DP   1  05 20 0  F        47482.96
DP   1  05 20 1  F        47796.62
DP   1  05 21 0  F        47568.52
DP   1  05 21 1  F        47210.97
DP   1  05 22 0  F        46684.32
DP   1  05 22 1  F        45888.20
DP   1  05 23 0  F        44931.23
DP   1  05 23 1  F        43974.25
DP   2  05 00 0  F        12995.69
DP   2  05 00 1  F        12558.75
DP   2  05 01 0  F        12151.26
DP   2  05 01 1  F        11797.32
DP   2  05 02 0  F        11499.73
DP   2  05 02 1  F        11255.89
DP   2  05 03 0  F        11062.88
DP   2  05 03 1  F        10918.26
DP   2  05 04 0  F        10821.83
DP   2  05 04 1  F        10776.15
DP   2  05 05 0  F        10792.67
DP   2  05 05 1  F        10877.24
DP   2  05 06 0  F        11004.27
DP   2  05 06 1  F        11170.12
DP   2  05 07 0  F        11490.36
DP   2  05 07 1  F        12051.01
DP   2  05 08 0  F        12700.82
DP   2  05 08 1  F        13257.13
DP   2  05 09 0  F        13649.06
DP   2  05 09 1  F        13864.03
DP   2  05 10 0  F        14011.06
DP   2  05 10 1  F        14200.83
DP   2  05 11 0  F        14429.05
DP   2  05 11 1  F        14625.18
DP   2  05 12 0  F        14568.59
DP   2  05 12 1  F        14150.18
DP   2  05 13 0  F        13857.21
DP   2  05 13 1  F        14128.26
DP   2  05 14 0  F        14610.98
DP   2  05 14 1  F        14871.64
DP   2  05 15 0  F        14942.03
DP   2  05 15 1  F        14950.34
DP   2  05 16 0  F        14944.93
DP   2  05 16 1  F        14940.67
DP   2  05 17 0  F        14898.36
DP   2  05 17 1  F        14765.41
DP   2  05 18 0  F        14489.51
DP   2  05 18 1  F        14083.81
DP   2  05 19 0  F        13822.83
DP   2  05 19 1  F        13937.50
DP   2  05 20 0  F        14223.03
DP   2  05 20 1  F        14421.88
DP   2  05 21 0  F        14501.24
DP   2  05 21 1  F        14481.01
DP   2  05 22 0  F        14367.22
DP   2  05 22 1  F        14169.55
DP   2  05 23 0  F        13926.35
DP   2  05 23 1  F        13683.16
DP   3  05 00 0  F        14149.46
DP   3  05 00 1  F        13888.92
DP   3  05 01 0  F        13647.62
DP   3  05 01 1  F        13440.79
DP   3  05 02 0  F        13267.53
DP   3  05 02 1  F        13120.82
DP   3  05 03 0  F        12985.30
DP   3  05 03 1  F        12854.00
DP   3  05 04 0  F        12761.99
DP   3  05 04 1  F        12721.23
DP   3  05 05 0  F        12609.27
DP   3  05 05 1  F        12325.16
DP   3  05 06 0  F        11988.48
DP   3  05 06 1  F        11758.88
DP   3  05 07 0  F        11735.86
DP   3  05 07 1  F        11969.28
DP   3  05 08 0  F        12370.62
DP   3  05 08 1  F        12819.16
DP   3  05 09 0  F        13203.92
DP   3  05 09 1  F        13449.57
DP   3  05 10 0  F        13613.64
DP   3  05 10 1  F        13766.00
DP   3  05 11 0  F        13893.01
DP   3  05 11 1  F        13958.42
DP   3  05 12 0  F        13919.18
DP   3  05 12 1  F        13773.39
DP   3  05 13 0  F        13690.55
DP   3  05 13 1  F        13819.94
DP   3  05 14 0  F        14058.56
DP   3  05 14 1  F        14263.22
DP   3  05 15 0  F        14382.33
DP   3  05 15 1  F        14398.35
DP   3  05 16 0  F        14338.21
DP   3  05 16 1  F        14214.31
DP   3  05 17 0  F        13936.25
DP   3  05 17 1  F        13475.71
DP   3  05 18 0  F        13155.40
DP   3  05 18 1  F        13251.69
DP   3  05 19 0  F        13504.54
DP   3  05 19 1  F        13602.00
DP   3  05 20 0  F        13560.75
DP   3  05 20 1  F        13490.29
DP   3  05 21 0  F        13542.73
DP   3  05 21 1  F        13810.94
DP   3  05 22 0  F        14108.32
DP   3  05 22 1  F        14240.07
DP   3  05 23 0  F        14258.17
DP   3  05 23 1  F        14276.26
DP   4  05 00 0  F        7722.00
DP   4  05 00 1  F        7680.01
DP   4  05 01 0  F        7629.94
DP   4  05 01 1  F        7565.81
DP   4  05 02 0  F        7490.10
DP   4  05 02 1  F        7407.52
DP   4  05 03 0  F        7323.22
DP   4  05 03 1  F        7241.94
DP   4  05 04 0  F        7166.18
DP   4  05 04 1  F        7098.08
DP   4  05 05 0  F        7040.44
DP   4  05 05 1  F        6988.51
DP   4  05 06 0  F        6906.46
DP   4  05 06 1  F        6769.33
DP   4  05 07 0  F        6626.58
DP   4  05 07 1  F        6540.19
DP   4  05 08 0  F        6547.69
DP   4  05 08 1  F        6658.57
DP   4  05 09 0  F        6794.42
DP   4  05 09 1  F        6877.90
DP   4  05 10 0  F        6923.93
DP   4  05 10 1  F        6961.87
DP   4  05 11 0  F        6986.78
DP   4  05 11 1  F        6987.46
DP   4  05 12 0  F        6962.01
DP   4  05 12 1  F        6918.61
DP   4  05 13 0  F        6896.68
DP   4  05 13 1  F        6932.22
DP   4  05 14 0  F        7016.53
DP   4  05 14 1  F        7124.46
DP   4  05 15 0  F        7209.81
DP   4  05 15 1  F        7234.42
DP   4  05 16 0  F        7213.43
DP   4  05 16 1  F        7168.55
DP   4  05 17 0  F        7094.55
DP   4  05 17 1  F        6985.79
DP   4  05 18 0  F        6861.93
DP   4  05 18 1  F        6756.99
DP   4  05 19 0  F        6737.15
DP   4  05 19 1  F        6842.73
DP   4  05 20 0  F        6978.50
DP   4  05 20 1  F        7047.38
DP   4  05 21 0  F        7080.29
DP   4  05 21 1  F        7127.87
DP   4  05 22 0  F        7191.38
DP   4  05 22 1  F        7261.18
DP   4  05 23 0  F        7333.41
DP   4  05 23 1  F        7405.64
