&   CARGA
&
&   ss  di hi m df hf m Demanda
&X  XX  XX XX X XX XX X XXXXXXXXXX
DP   1  09 00 0  F        44228.21
DP   1  09 00 1  F        42800.07
DP   1  09 01 0  F        41483.09
DP   1  09 01 1  F        40367.47
DP   1  09 02 0  F        39459.59
DP   1  09 02 1  F        38742.46
DP   1  09 03 0  F        38189.32
DP   1  09 03 1  F        37780.07
DP   1  09 04 0  F        37530.84
DP   1  09 04 1  F        37451.99
DP   1  09 05 0  F        37494.66
DP   1  09 05 1  F        37611.18
DP   1  09 06 0  F        37818.06
DP   1  09 06 1  F        38191.86
DP   1  09 07 0  F        38985.26
DP   1  09 07 1  F        40374.40
DP   1  09 08 0  F        42053.11
DP   1  09 08 1  F        43647.90
DP   1  09 09 0  F        44998.39
DP   1  09 09 1  F        46041.70
DP   1  09 10 0  F        46891.95
DP   1  09 10 1  F        47655.31
DP   1  09 11 0  F        48229.41
DP   1  09 11 1  F        48503.26
DP   1  09 12 0  F        48539.99
DP   1  09 12 1  F        48485.78
DP   1  09 13 0  F        48644.66
DP   1  09 13 1  F        49236.44
DP   1  09 14 0  F        49986.27
DP   1  09 14 1  F        50561.82
DP   1  09 15 0  F        50895.56
DP   1  09 15 1  F        51018.57
DP   1  09 16 0  F        51091.32
DP   1  09 16 1  F        51175.99
DP   1  09 17 0  F        50812.19
DP   1  09 17 1  F        49639.86
DP   1  09 18 0  F        48222.90
DP   1  09 18 1  F        47283.43
DP   1  09 19 0  F        47252.61
DP   1  09 19 1  F        48237.83
DP   1  09 20 0  F        49342.38
DP   1  09 20 1  F        49703.25
DP   1  09 21 0  F        49596.49
DP   1  09 21 1  F        49436.54
DP   1  09 22 0  F        49052.45
DP   1  09 22 1  F        48224.89
DP   1  09 23 0  F        47126.60
DP   1  09 23 1  F        46028.31
DP   2  09 00 0  F        15190.64
DP   2  09 00 1  F        14635.06
DP   2  09 01 0  F        14144.13
DP   2  09 01 1  F        13758.35
DP   2  09 02 0  F        13421.62
DP   2  09 02 1  F        13079.60
DP   2  09 03 0  F        12781.68
DP   2  09 03 1  F        12582.83
DP   2  09 04 0  F        12456.58
DP   2  09 04 1  F        12369.40
DP   2  09 05 0  F        12340.73
DP   2  09 05 1  F        12386.65
DP   2  09 06 0  F        12456.70
DP   2  09 06 1  F        12534.11
DP   2  09 07 0  F        12803.66
DP   2  09 07 1  F        13420.08
DP   2  09 08 0  F        14216.53
DP   2  09 08 1  F        14968.66
DP   2  09 09 0  F        15543.69
DP   2  09 09 1  F        15882.22
DP   2  09 10 0  F        16126.84
DP   2  09 10 1  F        16425.07
DP   2  09 11 0  F        16742.33
DP   2  09 11 1  F        16974.44
DP   2  09 12 0  F        16920.85
DP   2  09 12 1  F        16511.73
DP   2  09 13 0  F        16296.29
DP   2  09 13 1  F        16750.93
DP   2  09 14 0  F        17441.73
DP   2  09 14 1  F        17843.43
DP   2  09 15 0  F        17975.59
DP   2  09 15 1  F        17977.51
DP   2  09 16 0  F        17922.55
DP   2  09 16 1  F        17844.09
DP   2  09 17 0  F        17681.25
DP   2  09 17 1  F        17348.80
DP   2  09 18 0  F        16758.30
DP   2  09 18 1  F        15934.56
DP   2  09 19 0  F        15358.67
DP   2  09 19 1  F        15435.83
DP   2  09 20 0  F        15811.20
DP   2  09 20 1  F        16051.94
DP   2  09 21 0  F        16173.25
DP   2  09 21 1  F        16268.09
DP   2  09 22 0  F        16292.55
DP   2  09 22 1  F        16193.89
DP   2  09 23 0  F        16020.97
DP   2  09 23 1  F        15848.06
DP   3  09 00 0  F        14139.50
DP   3  09 00 1  F        13899.59
DP   3  09 01 0  F        13664.84
DP   3  09 01 1  F        13442.89
DP   3  09 02 0  F        13251.22
DP   3  09 02 1  F        13102.43
DP   3  09 03 0  F        12979.81
DP   3  09 03 1  F        12869.48
DP   3  09 04 0  F        12798.35
DP   3  09 04 1  F        12770.51
DP   3  09 05 0  F        12658.25
DP   3  09 05 1  F        12361.14
DP   3  09 06 0  F        12019.78
DP   3  09 06 1  F        11813.65
DP   3  09 07 0  F        11836.61
DP   3  09 07 1  F        12127.26
DP   3  09 08 0  F        12588.80
DP   3  09 08 1  F        13091.14
DP   3  09 09 0  F        13506.52
DP   3  09 09 1  F        13749.08
DP   3  09 10 0  F        13898.38
DP   3  09 10 1  F        14048.67
DP   3  09 11 0  F        14187.81
DP   3  09 11 1  F        14272.62
DP   3  09 12 0  F        14242.23
DP   3  09 12 1  F        14082.19
DP   3  09 13 0  F        13981.45
DP   3  09 13 1  F        14109.77
DP   3  09 14 0  F        14356.92
DP   3  09 14 1  F        14569.27
DP   3  09 15 0  F        14699.74
DP   3  09 15 1  F        14735.93
DP   3  09 16 0  F        14697.55
DP   3  09 16 1  F        14586.20
DP   3  09 17 0  F        14298.63
DP   3  09 17 1  F        13799.52
DP   3  09 18 0  F        13429.85
DP   3  09 18 1  F        13486.13
DP   3  09 19 0  F        13710.80
DP   3  09 19 1  F        13788.89
DP   3  09 20 0  F        13729.95
DP   3  09 20 1  F        13640.84
DP   3  09 21 0  F        13693.01
DP   3  09 21 1  F        13992.46
DP   3  09 22 0  F        14318.65
DP   3  09 22 1  F        14442.73
DP   3  09 23 0  F        14429.11
DP   3  09 23 1  F        14415.49
DP   4  09 00 0  F        7576.20
DP   4  09 00 1  F        7531.91
DP   4  09 01 0  F        7475.38
DP   4  09 01 1  F        7399.86
DP   4  09 02 0  F        7320.52
DP   4  09 02 1  F        7251.30
DP   4  09 03 0  F        7179.37
DP   4  09 03 1  F        7092.76
DP   4  09 04 0  F        7009.67
DP   4  09 04 1  F        6949.91
DP   4  09 05 0  F        6909.48
DP   4  09 05 1  F        6872.92
DP   4  09 06 0  F        6802.65
DP   4  09 06 1  F        6675.37
DP   4  09 07 0  F        6546.99
DP   4  09 07 1  F        6484.66
DP   4  09 08 0  F        6521.28
DP   4  09 08 1  F        6661.83
DP   4  09 09 0  F        6833.76
DP   4  09 09 1  F        6964.25
DP   4  09 10 0  F        7056.92
DP   4  09 10 1  F        7128.64
DP   4  09 11 0  F        7173.06
DP   4  09 11 1  F        7180.38
DP   4  09 12 0  F        7150.44
DP   4  09 12 1  F        7096.33
DP   4  09 13 0  F        7074.48
DP   4  09 13 1  F        7133.79
DP   4  09 14 0  F        7249.57
DP   4  09 14 1  F        7379.33
DP   4  09 15 0  F        7482.75
DP   4  09 15 1  F        7529.87
DP   4  09 16 0  F        7529.80
DP   4  09 16 1  F        7494.78
DP   4  09 17 0  F        7410.38
DP   4  09 17 1  F        7265.51
DP   4  09 18 0  F        7089.30
DP   4  09 18 1  F        6929.20
DP   4  09 19 0  F        6866.03
DP   4  09 19 1  F        6950.99
DP   4  09 20 0  F        7083.52
DP   4  09 20 1  F        7158.57
DP   4  09 21 0  F        7204.73
DP   4  09 21 1  F        7269.89
DP   4  09 22 0  F        7345.19
DP   4  09 22 1  F        7412.56
DP   4  09 23 0  F        7473.49
DP   4  09 23 1  F        7534.43
