&   CARGA
&
&   ss  di hi m df hf m Demanda
&X  XX  XX XX X XX XX X XXXXXXXXXX
DP   1  04 00 0  F        42852.79
DP   1  04 00 1  F        41511.17
DP   1  04 01 0  F        40278.24
DP   1  04 01 1  F        39239.72
DP   1  04 02 0  F        38389.61
DP   1  04 02 1  F        37697.78
DP   1  04 03 0  F        37129.46
DP   1  04 03 1  F        36674.91
DP   1  04 04 0  F        36428.97
DP   1  04 04 1  F        36449.17
DP   1  04 05 0  F        36538.87
DP   1  04 05 1  F        36519.88
DP   1  04 06 0  F        36541.94
DP   1  04 06 1  F        36825.00
DP   1  04 07 0  F        37542.10
DP   1  04 07 1  F        38770.56
DP   1  04 08 0  F        40251.73
DP   1  04 08 1  F        41677.66
DP   1  04 09 0  F        42879.05
DP   1  04 09 1  F        43775.30
DP   1  04 10 0  F        44502.09
DP   1  04 10 1  F        45188.24
DP   1  04 11 0  F        45718.84
DP   1  04 11 1  F        45972.17
DP   1  04 12 0  F        46042.91
DP   1  04 12 1  F        46094.41
DP   1  04 13 0  F        46348.27
DP   1  04 13 1  F        46941.62
DP   1  04 14 0  F        47615.53
DP   1  04 14 1  F        48096.30
DP   1  04 15 0  F        48447.34
DP   1  04 15 1  F        48779.60
DP   1  04 16 0  F        49057.09
DP   1  04 16 1  F        49169.19
DP   1  04 17 0  F        48853.79
DP   1  04 17 1  F        47958.60
DP   1  04 18 0  F        46922.13
DP   1  04 18 1  F        46297.17
DP   1  04 19 0  F        46502.84
DP   1  04 19 1  F        47660.86
DP   1  04 20 0  F        48837.00
DP   1  04 20 1  F        49138.12
DP   1  04 21 0  F        48891.33
DP   1  04 21 1  F        48582.25
DP   1  04 22 0  F        48110.21
DP   1  04 22 1  F        47303.38
DP   1  04 23 0  F        46291.45
DP   1  04 23 1  F        45279.53
DP   2  04 00 0  F        13201.30
DP   2  04 00 1  F        12726.52
DP   2  04 01 0  F        12297.90
DP   2  04 01 1  F        11948.05
DP   2  04 02 0  F        11655.47
DP   2  04 02 1  F        11395.72
DP   2  04 03 0  F        11186.62
DP   2  04 03 1  F        11048.09
DP   2  04 04 0  F        10966.09
DP   2  04 04 1  F        10920.92
DP   2  04 05 0  F        10904.14
DP   2  04 05 1  F        10914.72
DP   2  04 06 0  F        10970.08
DP   2  04 06 1  F        11105.12
DP   2  04 07 0  F        11406.20
DP   2  04 07 1  F        11926.26
DP   2  04 08 0  F        12532.89
DP   2  04 08 1  F        13067.68
DP   2  04 09 0  F        13453.42
DP   2  04 09 1  F        13666.27
DP   2  04 10 0  F        13814.60
DP   2  04 10 1  F        14011.19
DP   2  04 11 0  F        14254.10
DP   2  04 11 1  F        14476.06
DP   2  04 12 0  F        14463.17
DP   2  04 12 1  F        14102.65
DP   2  04 13 0  F        13832.71
DP   2  04 13 1  F        14058.07
DP   2  04 14 0  F        14498.60
DP   2  04 14 1  F        14788.32
DP   2  04 15 0  F        14903.02
DP   2  04 15 1  F        14910.03
DP   2  04 16 0  F        14901.34
DP   2  04 16 1  F        14941.21
DP   2  04 17 0  F        14958.23
DP   2  04 17 1  F        14856.36
DP   2  04 18 0  F        14576.51
DP   2  04 18 1  F        14143.34
DP   2  04 19 0  F        13879.39
DP   2  04 19 1  F        14052.49
DP   2  04 20 0  F        14413.51
DP   2  04 20 1  F        14653.48
DP   2  04 21 0  F        14740.75
DP   2  04 21 1  F        14708.98
DP   2  04 22 0  F        14575.51
DP   2  04 22 1  F        14358.80
DP   2  04 23 0  F        14097.88
DP   2  04 23 1  F        13836.97
DP   3  04 00 0  F        14023.86
DP   3  04 00 1  F        13764.87
DP   3  04 01 0  F        13525.09
DP   3  04 01 1  F        13319.37
DP   3  04 02 0  F        13145.27
DP   3  04 02 1  F        12995.48
DP   3  04 03 0  F        12860.63
DP   3  04 03 1  F        12738.47
DP   3  04 04 0  F        12657.15
DP   3  04 04 1  F        12621.41
DP   3  04 05 0  F        12512.02
DP   3  04 05 1  F        12232.51
DP   3  04 06 0  F        11901.62
DP   3  04 06 1  F        11678.50
DP   3  04 07 0  F        11668.66
DP   3  04 07 1  F        11926.63
DP   3  04 08 0  F        12356.48
DP   3  04 08 1  F        12828.50
DP   3  04 09 0  F        13228.28
DP   3  04 09 1  F        13479.28
DP   3  04 10 0  F        13641.21
DP   3  04 10 1  F        13788.32
DP   3  04 11 0  F        13916.92
DP   3  04 11 1  F        13996.71
DP   3  04 12 0  F        13968.82
DP   3  04 12 1  F        13818.10
DP   3  04 13 0  F        13732.82
DP   3  04 13 1  F        13880.09
DP   3  04 14 0  F        14138.99
DP   3  04 14 1  F        14347.82
DP   3  04 15 0  F        14469.74
DP   3  04 15 1  F        14504.08
DP   3  04 16 0  F        14469.98
DP   3  04 16 1  F        14366.13
DP   3  04 17 0  F        14089.72
DP   3  04 17 1  F        13604.87
DP   3  04 18 0  F        13244.95
DP   3  04 18 1  F        13301.37
DP   3  04 19 0  F        13528.49
DP   3  04 19 1  F        13622.62
DP   3  04 20 0  F        13585.05
DP   3  04 20 1  F        13511.72
DP   3  04 21 0  F        13572.42
DP   3  04 21 1  F        13874.90
DP   3  04 22 0  F        14204.95
DP   3  04 22 1  F        14339.27
DP   3  04 23 0  F        14340.04
DP   3  04 23 1  F        14340.82
DP   4  04 00 0  F        7798.88
DP   4  04 00 1  F        7753.81
DP   4  04 01 0  F        7698.19
DP   4  04 01 1  F        7624.98
DP   4  04 02 0  F        7541.21
DP   4  04 02 1  F        7455.85
DP   4  04 03 0  F        7371.64
DP   4  04 03 1  F        7289.89
DP   4  04 04 0  F        7212.57
DP   4  04 04 1  F        7143.21
DP   4  04 05 0  F        7090.82
DP   4  04 05 1  F        7053.64
DP   4  04 06 0  F        6981.30
DP   4  04 06 1  F        6836.36
DP   4  04 07 0  F        6681.44
DP   4  04 07 1  F        6594.67
DP   4  04 08 0  F        6616.03
DP   4  04 08 1  F        6753.56
DP   4  04 09 0  F        6925.82
DP   4  04 09 1  F        7050.56
DP   4  04 10 0  F        7131.74
DP   4  04 10 1  F        7190.62
DP   4  04 11 0  F        7231.36
DP   4  04 11 1  F        7252.68
DP   4  04 12 0  F        7248.81
DP   4  04 12 1  F        7224.03
DP   4  04 13 0  F        7227.27
DP   4  04 13 1  F        7303.06
DP   4  04 14 0  F        7433.49
DP   4  04 14 1  F        7581.97
DP   4  04 15 0  F        7699.60
DP   4  04 15 1  F        7748.54
DP   4  04 16 0  F        7747.28
DP   4  04 16 1  F        7718.43
DP   4  04 17 0  F        7644.66
DP   4  04 17 1  F        7508.70
DP   4  04 18 0  F        7333.49
DP   4  04 18 1  F        7164.11
DP   4  04 19 0  F        7094.24
DP   4  04 19 1  F        7186.75
DP   4  04 20 0  F        7332.99
DP   4  04 20 1  F        7418.35
DP   4  04 21 0  F        7475.99
DP   4  04 21 1  F        7558.85
DP   4  04 22 0  F        7651.02
DP   4  04 22 1  F        7726.94
DP   4  04 23 0  F        7790.98
DP   4  04 23 1  F        7855.01
