&   CARGA
&
&   ss  di hi m df hf m Demanda
&X  XX  XX XX X XX XX X XXXXXXXXXX
DP   1  04 00 0  F        43263.95
DP   1  04 00 1  F        42065.49
DP   1  04 01 0  F        40946.90
DP   1  04 01 1  F        39968.30
DP   1  04 02 0  F        39110.92
DP   1  04 02 1  F        38354.29
DP   1  04 03 0  F        37750.29
DP   1  04 03 1  F        37351.78
DP   1  04 04 0  F        37143.20
DP   1  04 04 1  F        37086.84
DP   1  04 05 0  F        37124.82
DP   1  04 05 1  F        37204.81
DP   1  04 06 0  F        37316.76
DP   1  04 06 1  F        37516.81
DP   1  04 07 0  F        38083.40
DP   1  04 07 1  F        39214.41
DP   1  04 08 0  F        40563.01
DP   1  04 08 1  F        41729.86
DP   1  04 09 0  F        42650.38
DP   1  04 09 1  F        43349.55
DP   1  04 10 0  F        43875.79
DP   1  04 10 1  F        44275.95
DP   1  04 11 0  F        44566.98
DP   1  04 11 1  F        44774.46
DP   1  04 12 0  F        44988.24
DP   1  04 12 1  F        45285.15
DP   1  04 13 0  F        45625.60
DP   1  04 13 1  F        45968.74
DP   1  04 14 0  F        46385.06
DP   1  04 14 1  F        46912.39
DP   1  04 15 0  F        47346.29
DP   1  04 15 1  F        47506.88
DP   1  04 16 0  F        47554.60
DP   1  04 16 1  F        47626.60
DP   1  04 17 0  F        47426.46
DP   1  04 17 1  F        46707.07
DP   1  04 18 0  F        45852.10
DP   1  04 18 1  F        45368.26
DP   1  04 19 0  F        45623.43
DP   1  04 19 1  F        46717.72
DP   1  04 20 0  F        47818.72
DP   1  04 20 1  F        48128.03
DP   1  04 21 0  F        47915.65
DP   1  04 21 1  F        47598.89
DP   1  04 22 0  F        47115.86
DP   1  04 22 1  F        46344.17
DP   1  04 23 0  F        45398.49
DP   1  04 23 1  F        44452.82
DP   2  04 00 0  F        13477.32
DP   2  04 00 1  F        12978.23
DP   2  04 01 0  F        12519.31
DP   2  04 01 1  F        12131.78
DP   2  04 02 0  F        11811.14
DP   2  04 02 1  F        11547.00
DP   2  04 03 0  F        11341.31
DP   2  04 03 1  F        11196.76
DP   2  04 04 0  F        11106.64
DP   2  04 04 1  F        11060.92
DP   2  04 05 0  F        11045.80
DP   2  04 05 1  F        11055.37
DP   2  04 06 0  F        11119.39
DP   2  04 06 1  F        11286.37
DP   2  04 07 0  F        11644.42
DP   2  04 07 1  F        12241.48
DP   2  04 08 0  F        12925.35
DP   2  04 08 1  F        13519.07
DP   2  04 09 0  F        13947.04
DP   2  04 09 1  F        14195.16
DP   2  04 10 0  F        14394.01
DP   2  04 10 1  F        14675.44
DP   2  04 11 0  F        15031.57
DP   2  04 11 1  F        15379.19
DP   2  04 12 0  F        15473.41
DP   2  04 12 1  F        15177.05
DP   2  04 13 0  F        14945.57
DP   2  04 13 1  F        15202.70
DP   2  04 14 0  F        15652.77
DP   2  04 14 1  F        15909.17
DP   2  04 15 0  F        15941.00
DP   2  04 15 1  F        15820.46
DP   2  04 16 0  F        15676.26
DP   2  04 16 1  F        15610.64
DP   2  04 17 0  F        15563.16
DP   2  04 17 1  F        15438.98
DP   2  04 18 0  F        15168.16
DP   2  04 18 1  F        14756.82
DP   2  04 19 0  F        14490.43
DP   2  04 19 1  F        14617.35
DP   2  04 20 0  F        14958.32
DP   2  04 20 1  F        15262.77
DP   2  04 21 0  F        15422.56
DP   2  04 21 1  F        15389.36
DP   2  04 22 0  F        15211.47
DP   2  04 22 1  F        14955.31
DP   2  04 23 0  F        14663.05
DP   2  04 23 1  F        14370.78
DP   3  04 00 0  F        14126.58
DP   3  04 00 1  F        13898.60
DP   3  04 01 0  F        13697.48
DP   3  04 01 1  F        13539.72
DP   3  04 02 0  F        13400.34
DP   3  04 02 1  F        13252.37
DP   3  04 03 0  F        13102.46
DP   3  04 03 1  F        12967.94
DP   3  04 04 0  F        12875.42
DP   3  04 04 1  F        12821.99
DP   3  04 05 0  F        12677.37
DP   3  04 05 1  F        12343.17
DP   3  04 06 0  F        11975.93
DP   3  04 06 1  F        11766.68
DP   3  04 07 0  F        11789.62
DP   3  04 07 1  F        12061.27
DP   3  04 08 0  F        12484.35
DP   3  04 08 1  F        12927.46
DP   3  04 09 0  F        13236.58
DP   3  04 09 1  F        13322.40
DP   3  04 10 0  F        13377.09
DP   3  04 10 1  F        13580.49
DP   3  04 11 0  F        13781.67
DP   3  04 11 1  F        13804.86
DP   3  04 12 0  F        13705.73
DP   3  04 12 1  F        13592.73
DP   3  04 13 0  F        13554.20
DP   3  04 13 1  F        13649.82
DP   3  04 14 0  F        13844.90
DP   3  04 14 1  F        14067.58
DP   3  04 15 0  F        14191.74
DP   3  04 15 1  F        14136.33
DP   3  04 16 0  F        14054.91
DP   3  04 16 1  F        14073.63
DP   3  04 17 0  F        13974.50
DP   3  04 17 1  F        13591.54
DP   3  04 18 0  F        13311.15
DP   3  04 18 1  F        13496.37
DP   3  04 19 0  F        13864.66
DP   3  04 19 1  F        14060.47
DP   3  04 20 0  F        14081.92
DP   3  04 20 1  F        14027.72
DP   3  04 21 0  F        14045.27
DP   3  04 21 1  F        14232.51
DP   3  04 22 0  F        14440.65
DP   3  04 22 1  F        14510.09
DP   3  04 23 0  F        14484.75
DP   3  04 23 1  F        14459.40
DP   4  04 00 0  F        7743.42
DP   4  04 00 1  F        7729.15
DP   4  04 01 0  F        7670.06
DP   4  04 01 1  F        7540.13
DP   4  04 02 0  F        7388.54
DP   4  04 02 1  F        7272.87
DP   4  04 03 0  F        7209.11
DP   4  04 03 1  F        7192.29
DP   4  04 04 0  F        7175.22
DP   4  04 04 1  F        7119.11
DP   4  04 05 0  F        7060.90
DP   4  04 05 1  F        7032.38
DP   4  04 06 0  F        6969.02
DP   4  04 06 1  F        6816.04
DP   4  04 07 0  F        6653.99
DP   4  04 07 1  F        6576.54
DP   4  04 08 0  F        6594.28
DP   4  04 08 1  F        6690.00
DP   4  04 09 0  F        6818.22
DP   4  04 09 1  F        6933.77
DP   4  04 10 0  F        7021.10
DP   4  04 10 1  F        7079.02
DP   4  04 11 0  F        7134.04
DP   4  04 11 1  F        7203.87
DP   4  04 12 0  F        7243.17
DP   4  04 12 1  F        7218.45
DP   4  04 13 0  F        7206.61
DP   4  04 13 1  F        7287.20
DP   4  04 14 0  F        7440.00
DP   4  04 14 1  F        7616.40
DP   4  04 15 0  F        7754.04
DP   4  04 15 1  F        7804.91
DP   4  04 16 0  F        7792.17
DP   4  04 16 1  F        7744.77
DP   4  04 17 0  F        7643.71
DP   4  04 17 1  F        7475.32
DP   4  04 18 0  F        7295.38
DP   4  04 18 1  F        7171.21
DP   4  04 19 0  F        7146.99
DP   4  04 19 1  F        7237.96
DP   4  04 20 0  F        7366.83
DP   4  04 20 1  F        7456.57
DP   4  04 21 0  F        7523.75
DP   4  04 21 1  F        7600.03
DP   4  04 22 0  F        7683.78
DP   4  04 22 1  F        7766.93
DP   4  04 23 0  F        7848.86
DP   4  04 23 1  F        7930.79
