&   CARGA
&
&   ss  di hi m df hf m Demanda
&X  XX  XX XX X XX XX X XXXXXXXXXX
DP   1  16 00 0  F        45960.62
DP   1  16 00 1  F        44535.00
DP   1  16 01 0  F        43227.36
DP   1  16 01 1  F        42131.29
DP   1  16 02 0  F        41242.83
DP   1  16 02 1  F        40532.60
DP   1  16 03 0  F        39967.31
DP   1  16 03 1  F        39524.43
DP   1  16 04 0  F        39228.55
DP   1  16 04 1  F        39104.88
DP   1  16 05 0  F        39133.89
DP   1  16 05 1  F        39285.06
DP   1  16 06 0  F        39528.50
DP   1  16 06 1  F        39900.62
DP   1  16 07 0  F        40702.11
DP   1  16 07 1  F        42160.22
DP   1  16 08 0  F        43944.04
DP   1  16 08 1  F        45642.34
DP   1  16 09 0  F        47080.84
DP   1  16 09 1  F        48190.66
DP   1  16 10 0  F        49087.53
DP   1  16 10 1  F        49879.36
DP   1  16 11 0  F        50458.09
DP   1  16 11 1  F        50707.98
DP   1  16 12 0  F        50698.62
DP   1  16 12 1  F        50590.14
DP   1  16 13 0  F        50719.47
DP   1  16 13 1  F        51323.96
DP   1  16 14 0  F        52065.56
DP   1  16 14 1  F        52558.13
DP   1  16 15 0  F        52798.42
DP   1  16 15 1  F        52880.63
DP   1  16 16 0  F        52905.74
DP   1  16 16 1  F        52869.64
DP   1  16 17 0  F        52340.93
DP   1  16 17 1  F        51003.07
DP   1  16 18 0  F        49426.10
DP   1  16 18 1  F        48336.47
DP   1  16 19 0  F        48199.59
DP   1  16 19 1  F        49155.50
DP   1  16 20 0  F        50303.97
DP   1  16 20 1  F        50762.72
DP   1  16 21 0  F        50761.75
DP   1  16 21 1  F        50674.00
DP   1  16 22 0  F        50331.88
DP   1  16 22 1  F        49529.55
DP   1  16 23 0  F        48448.68
DP   1  16 23 1  F        47367.80
DP   2  16 00 0  F        16047.93
DP   2  16 00 1  F        15459.57
DP   2  16 01 0  F        14924.37
DP   2  16 01 1  F        14483.38
DP   2  16 02 0  F        14129.30
DP   2  16 02 1  F        13842.55
DP   2  16 03 0  F        13602.86
DP   2  16 03 1  F        13397.59
DP   2  16 04 0  F        13245.21
DP   2  16 04 1  F        13168.12
DP   2  16 05 0  F        13173.44
DP   2  16 05 1  F        13255.91
DP   2  16 06 0  F        13376.00
DP   2  16 06 1  F        13531.04
DP   2  16 07 0  F        13899.99
DP   2  16 07 1  F        14628.07
DP   2  16 08 0  F        15543.75
DP   2  16 08 1  F        16414.62
DP   2  16 09 0  F        17081.20
DP   2  16 09 1  F        17464.52
DP   2  16 10 0  F        17734.64
DP   2  16 10 1  F        18071.33
DP   2  16 11 0  F        18444.14
DP   2  16 11 1  F        18738.39
DP   2  16 12 0  F        18712.60
DP   2  16 12 1  F        18267.85
DP   2  16 13 0  F        18002.32
DP   2  16 13 1  F        18442.55
DP   2  16 14 0  F        19131.51
DP   2  16 14 1  F        19508.63
DP   2  16 15 0  F        19582.88
DP   2  16 15 1  F        19495.60
DP   2  16 16 0  F        19348.08
DP   2  16 16 1  F        19198.76
DP   2  16 17 0  F        18974.51
DP   2  16 17 1  F        18574.49
DP   2  16 18 0  F        17918.51
DP   2  16 18 1  F        17043.17
DP   2  16 19 0  F        16431.74
DP   2  16 19 1  F        16485.81
DP   2  16 20 0  F        16833.76
DP   2  16 20 1  F        17027.87
DP   2  16 21 0  F        17089.27
DP   2  16 21 1  F        17120.00
DP   2  16 22 0  F        17076.95
DP   2  16 22 1  F        16906.70
DP   2  16 23 0  F        16659.86
DP   2  16 23 1  F        16413.02
DP   3  16 00 0  F        14038.47
DP   3  16 00 1  F        13792.82
DP   3  16 01 0  F        13558.83
DP   3  16 01 1  F        13346.48
DP   3  16 02 0  F        13158.96
DP   3  16 02 1  F        12996.58
DP   3  16 03 0  F        12854.78
DP   3  16 03 1  F        12734.66
DP   3  16 04 0  F        12664.80
DP   3  16 04 1  F        12646.73
DP   3  16 05 0  F        12546.22
DP   3  16 05 1  F        12257.25
DP   3  16 06 0  F        11922.44
DP   3  16 06 1  F        11724.25
DP   3  16 07 0  F        11755.72
DP   3  16 07 1  F        12056.27
DP   3  16 08 0  F        12540.10
DP   3  16 08 1  F        13086.49
DP   3  16 09 0  F        13560.43
DP   3  16 09 1  F        13862.02
DP   3  16 10 0  F        14046.23
DP   3  16 10 1  F        14192.23
DP   3  16 11 0  F        14321.42
DP   3  16 11 1  F        14422.21
DP   3  16 12 0  F        14408.89
DP   3  16 12 1  F        14238.64
DP   3  16 13 0  F        14114.30
DP   3  16 13 1  F        14224.78
DP   3  16 14 0  F        14457.64
DP   3  16 14 1  F        14654.21
DP   3  16 15 0  F        14772.37
DP   3  16 15 1  F        14804.01
DP   3  16 16 0  F        14760.77
DP   3  16 16 1  F        14636.45
DP   3  16 17 0  F        14333.98
DP   3  16 17 1  F        13822.47
DP   3  16 18 0  F        13426.57
DP   3  16 18 1  F        13431.67
DP   3  16 19 0  F        13610.28
DP   3  16 19 1  F        13678.36
DP   3  16 20 0  F        13638.36
DP   3  16 20 1  F        13578.45
DP   3  16 21 0  F        13643.08
DP   3  16 21 1  F        13919.66
DP   3  16 22 0  F        14211.01
DP   3  16 22 1  F        14314.70
DP   3  16 23 0  F        14291.62
DP   3  16 23 1  F        14268.55
DP   4  16 00 0  F        8040.45
DP   4  16 00 1  F        7985.57
DP   4  16 01 0  F        7918.28
DP   4  16 01 1  F        7832.14
DP   4  16 02 0  F        7744.49
DP   4  16 02 1  F        7672.68
DP   4  16 03 0  F        7610.12
DP   4  16 03 1  F        7545.27
DP   4  16 04 0  F        7470.60
DP   4  16 04 1  F        7387.43
DP   4  16 05 0  F        7328.37
DP   4  16 05 1  F        7311.40
DP   4  16 06 0  F        7264.52
DP   4  16 06 1  F        7127.37
DP   4  16 07 0  F        6976.20
DP   4  16 07 1  F        6908.99
DP   4  16 08 0  F        6974.05
DP   4  16 08 1  F        7179.42
DP   4  16 09 0  F        7421.73
DP   4  16 09 1  F        7597.39
DP   4  16 10 0  F        7713.26
DP   4  16 10 1  F        7801.11
DP   4  16 11 0  F        7881.86
DP   4  16 11 1  F        7960.25
DP   4  16 12 0  F        7987.10
DP   4  16 12 1  F        7933.56
DP   4  16 13 0  F        7906.15
DP   4  16 13 1  F        8007.60
DP   4  16 14 0  F        8190.35
DP   4  16 14 1  F        8376.91
DP   4  16 15 0  F        8520.39
DP   4  16 15 1  F        8591.32
DP   4  16 16 0  F        8599.06
DP   4  16 16 1  F        8557.00
DP   4  16 17 0  F        8455.67
DP   4  16 17 1  F        8289.00
DP   4  16 18 0  F        8087.54
DP   4  16 18 1  F        7901.18
DP   4  16 19 0  F        7820.55
DP   4  16 19 1  F        7903.87
DP   4  16 20 0  F        8038.80
DP   4  16 20 1  F        8106.21
DP   4  16 21 0  F        8130.33
DP   4  16 21 1  F        8160.66
DP   4  16 22 0  F        8204.46
DP   4  16 22 1  F        8258.10
DP   4  16 23 0  F        8316.81
DP   4  16 23 1  F        8375.51
