&   CARGA
&
&   ss  di hi m df hf m Demanda
&X  XX  XX XX X XX XX X XXXXXXXXXX
DP   1  12 00 0  F        46859.06
DP   1  12 00 1  F        45479.87
DP   1  12 01 0  F        44201.85
DP   1  12 01 1  F        43105.26
DP   1  12 02 0  F        42186.75
DP   1  12 02 1  F        41427.32
DP   1  12 03 0  F        40829.01
DP   1  12 03 1  F        40396.43
DP   1  12 04 0  F        40123.52
DP   1  12 04 1  F        39997.78
DP   1  12 05 0  F        39991.75
DP   1  12 05 1  F        40084.45
DP   1  12 06 0  F        40295.99
DP   1  12 06 1  F        40693.35
DP   1  12 07 0  F        41489.88
DP   1  12 07 1  F        42837.21
DP   1  12 08 0  F        44493.94
DP   1  12 08 1  F        46141.23
DP   1  12 09 0  F        47543.83
DP   1  12 09 1  F        48563.04
DP   1  12 10 0  F        49362.99
DP   1  12 10 1  F        50107.42
DP   1  12 11 0  F        50655.75
DP   1  12 11 1  F        50848.98
DP   1  12 12 0  F        50758.73
DP   1  12 12 1  F        50556.82
DP   1  12 13 0  F        50585.34
DP   1  12 13 1  F        51086.70
DP   1  12 14 0  F        51734.52
DP   1  12 14 1  F        52154.06
DP   1  12 15 0  F        52345.84
DP   1  12 15 1  F        52377.60
DP   1  12 16 0  F        52210.56
DP   1  12 16 1  F        51778.46
DP   1  12 17 0  F        51011.62
DP   1  12 17 1  F        49909.81
DP   1  12 18 0  F        48753.74
DP   1  12 18 1  F        47915.66
DP   1  12 19 0  F        47852.75
DP   1  12 19 1  F        48771.25
DP   1  12 20 0  F        49788.73
DP   1  12 20 1  F        50044.72
DP   1  12 21 0  F        49855.28
DP   1  12 21 1  F        49677.71
DP   1  12 22 0  F        49357.84
DP   1  12 22 1  F        48677.25
DP   1  12 23 0  F        47771.98
DP   1  12 23 1  F        46866.72
DP   2  12 00 0  F        15890.75
DP   2  12 00 1  F        15320.43
DP   2  12 01 0  F        14798.02
DP   2  12 01 1  F        14361.05
DP   2  12 02 0  F        14005.52
DP   2  12 02 1  F        13716.56
DP   2  12 03 0  F        13477.28
DP   2  12 03 1  F        13276.09
DP   2  12 04 0  F        13124.43
DP   2  12 04 1  F        13037.99
DP   2  12 05 0  F        13026.57
DP   2  12 05 1  F        13090.53
DP   2  12 06 0  F        13198.56
DP   2  12 06 1  F        13350.48
DP   2  12 07 0  F        13702.22
DP   2  12 07 1  F        14381.86
DP   2  12 08 0  F        15250.00
DP   2  12 08 1  F        16105.55
DP   2  12 09 0  F        16768.29
DP   2  12 09 1  F        17131.62
DP   2  12 10 0  F        17362.77
DP   2  12 10 1  F        17646.20
DP   2  12 11 0  F        17961.63
DP   2  12 11 1  F        18205.07
DP   2  12 12 0  F        18142.40
DP   2  12 12 1  F        17675.39
DP   2  12 13 0  F        17379.54
DP   2  12 13 1  F        17764.48
DP   2  12 14 0  F        18402.77
DP   2  12 14 1  F        18763.70
DP   2  12 15 0  F        18840.41
DP   2  12 15 1  F        18749.69
DP   2  12 16 0  F        18578.83
DP   2  12 16 1  F        18382.26
DP   2  12 17 0  F        18112.27
DP   2  12 17 1  F        17699.09
DP   2  12 18 0  F        17086.84
DP   2  12 18 1  F        16313.76
DP   2  12 19 0  F        15780.77
DP   2  12 19 1  F        15818.41
DP   2  12 20 0  F        16112.98
DP   2  12 20 1  F        16286.11
DP   2  12 21 0  F        16344.86
DP   2  12 21 1  F        16365.48
DP   2  12 22 0  F        16315.62
DP   2  12 22 1  F        16156.50
DP   2  12 23 0  F        15932.37
DP   2  12 23 1  F        15708.25
DP   3  12 00 0  F        14112.62
DP   3  12 00 1  F        13866.23
DP   3  12 01 0  F        13632.99
DP   3  12 01 1  F        13424.23
DP   3  12 02 0  F        13244.03
DP   3  12 02 1  F        13091.13
DP   3  12 03 0  F        12950.04
DP   3  12 03 1  F        12812.48
DP   3  12 04 0  F        12713.07
DP   3  12 04 1  F        12665.62
DP   3  12 05 0  F        12557.62
DP   3  12 05 1  F        12293.95
DP   3  12 06 0  F        11975.48
DP   3  12 06 1  F        11743.62
DP   3  12 07 0  F        11706.08
DP   3  12 07 1  F        11926.82
DP   3  12 08 0  F        12328.42
DP   3  12 08 1  F        12797.13
DP   3  12 09 0  F        13215.16
DP   3  12 09 1  F        13495.28
DP   3  12 10 0  F        13676.37
DP   3  12 10 1  F        13818.45
DP   3  12 11 0  F        13939.84
DP   3  12 11 1  F        14033.48
DP   3  12 12 0  F        14032.52
DP   3  12 12 1  F        13902.68
DP   3  12 13 0  F        13799.83
DP   3  12 13 1  F        13872.97
DP   3  12 14 0  F        14053.66
DP   3  12 14 1  F        14232.39
DP   3  12 15 0  F        14353.01
DP   3  12 15 1  F        14383.73
DP   3  12 16 0  F        14336.77
DP   3  12 16 1  F        14213.88
DP   3  12 17 0  F        13930.73
DP   3  12 17 1  F        13461.89
DP   3  12 18 0  F        13103.55
DP   3  12 18 1  F        13119.71
DP   3  12 19 0  F        13323.99
DP   3  12 19 1  F        13467.67
DP   3  12 20 0  F        13503.01
DP   3  12 20 1  F        13463.27
DP   3  12 21 0  F        13504.45
DP   3  12 21 1  F        13743.08
DP   3  12 22 0  F        14014.79
DP   3  12 22 1  F        14140.89
DP   3  12 23 0  F        14166.23
DP   3  12 23 1  F        14191.57
DP   4  12 00 0  F        8238.19
DP   4  12 00 1  F        8181.53
DP   4  12 01 0  F        8107.33
DP   4  12 01 1  F        8007.21
DP   4  12 02 0  F        7909.49
DP   4  12 02 1  F        7839.51
DP   4  12 03 0  F        7774.01
DP   4  12 03 1  F        7687.70
DP   4  12 04 0  F        7595.73
DP   4  12 04 1  F        7520.58
DP   4  12 05 0  F        7473.68
DP   4  12 05 1  F        7449.80
DP   4  12 06 0  F        7387.91
DP   4  12 06 1  F        7242.11
DP   4  12 07 0  F        7082.63
DP   4  12 07 1  F        6998.28
DP   4  12 08 0  F        7035.95
DP   4  12 08 1  F        7204.52
DP   4  12 09 0  F        7402.73
DP   4  12 09 1  F        7531.40
DP   4  12 10 0  F        7609.80
DP   4  12 10 1  F        7678.31
DP   4  12 11 0  F        7743.08
DP   4  12 11 1  F        7796.45
DP   4  12 12 0  F        7809.59
DP   4  12 12 1  F        7770.87
DP   4  12 13 0  F        7758.60
DP   4  12 13 1  F        7844.76
DP   4  12 14 0  F        7986.02
DP   4  12 14 1  F        8118.29
DP   4  12 15 0  F        8209.93
DP   4  12 15 1  F        8244.64
DP   4  12 16 0  F        8235.24
DP   4  12 16 1  F        8195.04
DP   4  12 17 0  F        8110.24
DP   4  12 17 1  F        7970.82
DP   4  12 18 0  F        7808.91
DP   4  12 18 1  F        7673.40
DP   4  12 19 0  F        7638.02
DP   4  12 19 1  F        7744.53
DP   4  12 20 0  F        7881.98
DP   4  12 20 1  F        7938.56
DP   4  12 21 0  F        7951.60
DP   4  12 21 1  F        7981.21
DP   4  12 22 0  F        8029.38
DP   4  12 22 1  F        8085.16
DP   4  12 23 0  F        8143.95
DP   4  12 23 1  F        8202.75
