&   CARGA
&
&   ss  di hi m df hf m Demanda
&X  XX  XX XX X XX XX X XXXXXXXXXX
DP   1  17 00 0  F        46729.58
DP   1  17 00 1  F        45264.12
DP   1  17 01 0  F        43911.75
DP   1  17 01 1  F        42764.10
DP   1  17 02 0  F        41826.84
DP   1  17 02 1  F        41080.01
DP   1  17 03 0  F        40487.06
DP   1  17 03 1  F        40021.24
DP   1  17 04 0  F        39711.82
DP   1  17 04 1  F        39588.57
DP   1  17 05 0  F        39627.39
DP   1  17 05 1  F        39791.09
DP   1  17 06 0  F        40043.97
DP   1  17 06 1  F        40418.04
DP   1  17 07 0  F        41214.79
DP   1  17 07 1  F        42666.48
DP   1  17 08 0  F        44459.07
DP   1  17 08 1  F        46193.67
DP   1  17 09 0  F        47678.55
DP   1  17 09 1  F        48821.14
DP   1  17 10 0  F        49718.61
DP   1  17 10 1  F        50473.62
DP   1  17 11 0  F        51021.32
DP   1  17 11 1  F        51283.32
DP   1  17 12 0  F        51294.69
DP   1  17 12 1  F        51178.21
DP   1  17 13 0  F        51294.09
DP   1  17 13 1  F        51908.96
DP   1  17 14 0  F        52677.60
DP   1  17 14 1  F        53197.11
DP   1  17 15 0  F        53445.52
DP   1  17 15 1  F        53502.52
DP   1  17 16 0  F        53473.40
DP   1  17 16 1  F        53369.42
DP   1  17 17 0  F        52800.11
DP   1  17 17 1  F        51477.76
DP   1  17 18 0  F        49927.37
DP   1  17 18 1  F        48825.68
DP   1  17 19 0  F        48643.58
DP   1  17 19 1  F        49537.63
DP   1  17 20 0  F        50612.84
DP   1  17 20 1  F        50987.24
DP   1  17 21 0  F        50882.44
DP   1  17 21 1  F        50675.16
DP   1  17 22 0  F        50258.91
DP   1  17 22 1  F        49480.68
DP   1  17 23 0  F        48484.34
DP   1  17 23 1  F        47487.99
DP   2  17 00 0  F        15264.40
DP   2  17 00 1  F        14648.47
DP   2  17 01 0  F        14114.07
DP   2  17 01 1  F        13716.97
DP   2  17 02 0  F        13409.87
DP   2  17 02 1  F        13135.52
DP   2  17 03 0  F        12899.78
DP   2  17 03 1  F        12720.27
DP   2  17 04 0  F        12598.57
DP   2  17 04 1  F        12535.87
DP   2  17 05 0  F        12547.94
DP   2  17 05 1  F        12642.00
DP   2  17 06 0  F        12776.62
DP   2  17 06 1  F        12941.44
DP   2  17 07 0  F        13299.13
DP   2  17 07 1  F        13979.74
DP   2  17 08 0  F        14809.78
DP   2  17 08 1  F        15563.37
DP   2  17 09 0  F        16108.51
DP   2  17 09 1  F        16389.78
DP   2  17 10 0  F        16564.29
DP   2  17 10 1  F        16795.26
DP   2  17 11 0  F        17057.75
DP   2  17 11 1  F        17248.79
DP   2  17 12 0  F        17141.44
DP   2  17 12 1  F        16638.61
DP   2  17 13 0  F        16286.78
DP   2  17 13 1  F        16571.90
DP   2  17 14 0  F        17094.38
DP   2  17 14 1  F        17361.69
DP   2  17 15 0  F        17395.07
DP   2  17 15 1  F        17329.63
DP   2  17 16 0  F        17242.04
DP   2  17 16 1  F        17168.59
DP   2  17 17 0  F        17042.31
DP   2  17 17 1  F        16779.51
DP   2  17 18 0  F        16332.83
DP   2  17 18 1  F        15741.24
DP   2  17 19 0  F        15352.72
DP   2  17 19 1  F        15448.78
DP   2  17 20 0  F        15736.05
DP   2  17 20 1  F        15866.20
DP   2  17 21 0  F        15846.08
DP   2  17 21 1  F        15751.87
DP   2  17 22 0  F        15581.95
DP   2  17 22 1  F        15326.82
DP   2  17 23 0  F        15023.29
DP   2  17 23 1  F        14719.76
DP   3  17 00 0  F        13853.53
DP   3  17 00 1  F        13605.50
DP   3  17 01 0  F        13370.91
DP   3  17 01 1  F        13161.38
DP   3  17 02 0  F        12981.13
DP   3  17 02 1  F        12829.51
DP   3  17 03 0  F        12693.64
DP   3  17 03 1  F        12567.90
DP   3  17 04 0  F        12487.68
DP   3  17 04 1  F        12463.78
DP   3  17 05 0  F        12367.52
DP   3  17 05 1  F        12093.73
DP   3  17 06 0  F        11771.01
DP   3  17 06 1  F        11570.32
DP   3  17 07 0  F        11598.37
DP   3  17 07 1  F        11906.59
DP   3  17 08 0  F        12389.61
DP   3  17 08 1  F        12908.35
DP   3  17 09 0  F        13345.83
DP   3  17 09 1  F        13623.08
DP   3  17 10 0  F        13791.11
DP   3  17 10 1  F        13921.04
DP   3  17 11 0  F        14034.31
DP   3  17 11 1  F        14122.22
DP   3  17 12 0  F        14105.18
DP   3  17 12 1  F        13943.35
DP   3  17 13 0  F        13826.92
DP   3  17 13 1  F        13933.85
DP   3  17 14 0  F        14163.25
DP   3  17 14 1  F        14367.05
DP   3  17 15 0  F        14487.38
DP   3  17 15 1  F        14501.86
DP   3  17 16 0  F        14439.95
DP   3  17 16 1  F        14315.41
DP   3  17 17 0  F        14027.46
DP   3  17 17 1  F        13537.73
DP   3  17 18 0  F        13171.93
DP   3  17 18 1  F        13215.85
DP   3  17 19 0  F        13431.43
DP   3  17 19 1  F        13524.19
DP   3  17 20 0  F        13497.69
DP   3  17 20 1  F        13444.08
DP   3  17 21 0  F        13511.53
DP   3  17 21 1  F        13789.73
DP   3  17 22 0  F        14078.43
DP   3  17 22 1  F        14172.17
DP   3  17 23 0  F        14134.77
DP   3  17 23 1  F        14097.37
DP   4  17 00 0  F        8098.23
DP   4  17 00 1  F        8028.95
DP   4  17 01 0  F        7950.56
DP   4  17 01 1  F        7858.74
DP   4  17 02 0  F        7768.47
DP   4  17 02 1  F        7694.13
DP   4  17 03 0  F        7628.67
DP   4  17 03 1  F        7560.61
DP   4  17 04 0  F        7482.30
DP   4  17 04 1  F        7394.86
DP   4  17 05 0  F        7330.85
DP   4  17 05 1  F        7309.25
DP   4  17 06 0  F        7263.42
DP   4  17 06 1  F        7136.03
DP   4  17 07 0  F        6992.70
DP   4  17 07 1  F        6920.13
DP   4  17 08 0  F        6966.30
DP   4  17 08 1  F        7143.80
DP   4  17 09 0  F        7362.26
DP   4  17 09 1  F        7528.59
DP   4  17 10 0  F        7641.59
DP   4  17 10 1  F        7724.28
DP   4  17 11 0  F        7804.73
DP   4  17 11 1  F        7894.57
DP   4  17 12 0  F        7934.84
DP   4  17 12 1  F        7885.34
DP   4  17 13 0  F        7851.61
DP   4  17 13 1  F        7938.11
DP   4  17 14 0  F        8099.21
DP   4  17 14 1  F        8260.03
DP   4  17 15 0  F        8378.73
DP   4  17 15 1  F        8430.45
DP   4  17 16 0  F        8424.95
DP   4  17 16 1  F        8375.46
DP   4  17 17 0  F        8274.30
DP   4  17 17 1  F        8117.01
DP   4  17 18 0  F        7932.90
DP   4  17 18 1  F        7768.20
DP   4  17 19 0  F        7703.04
DP   4  17 19 1  F        7788.23
DP   4  17 20 0  F        7923.43
DP   4  17 20 1  F        8000.81
DP   4  17 21 0  F        8033.74
DP   4  17 21 1  F        8060.49
DP   4  17 22 0  F        8097.76
DP   4  17 22 1  F        8153.14
DP   4  17 23 0  F        8219.43
DP   4  17 23 1  F        8285.71
