&   CARGA
&
&   ss  di hi m df hf m Demanda
&X  XX  XX XX X XX XX X XXXXXXXXXX
DP   1  14 00 0  F        42143.52
DP   1  14 00 1  F        41078.19
DP   1  14 01 0  F        40072.00
DP   1  14 01 1  F        39170.24
DP   1  14 02 0  F        38362.81
DP   1  14 02 1  F        37634.98
DP   1  14 03 0  F        37008.81
DP   1  14 03 1  F        36509.53
DP   1  14 04 0  F        36138.12
DP   1  14 04 1  F        35869.79
DP   1  14 05 0  F        35600.82
DP   1  14 05 1  F        35228.65
DP   1  14 06 0  F        34734.39
DP   1  14 06 1  F        34188.48
DP   1  14 07 0  F        33934.91
DP   1  14 07 1  F        34255.56
DP   1  14 08 0  F        34910.11
DP   1  14 08 1  F        35589.05
DP   1  14 09 0  F        36228.17
DP   1  14 09 1  F        36827.79
DP   1  14 10 0  F        37401.07
DP   1  14 10 1  F        37955.76
DP   1  14 11 0  F        38465.17
DP   1  14 11 1  F        38899.68
DP   1  14 12 0  F        39252.28
DP   1  14 12 1  F        39518.89
DP   1  14 13 0  F        39684.36
DP   1  14 13 1  F        39742.35
DP   1  14 14 0  F        39732.82
DP   1  14 14 1  F        39707.72
DP   1  14 15 0  F        39720.90
DP   1  14 15 1  F        39821.77
DP   1  14 16 0  F        40040.20
DP   1  14 16 1  F        40380.19
DP   1  14 17 0  F        40761.79
DP   1  14 17 1  F        41103.33
DP   1  14 18 0  F        41400.15
DP   1  14 18 1  F        41738.63
DP   1  14 19 0  F        42492.34
DP   1  14 19 1  F        43873.88
DP   1  14 20 0  F        45164.73
DP   1  14 20 1  F        45657.49
DP   1  14 21 0  F        45620.48
DP   1  14 21 1  F        45461.76
DP   1  14 22 0  F        45172.61
DP   1  14 22 1  F        44679.20
DP   1  14 23 0  F        44064.12
DP   1  14 23 1  F        43449.04
DP   2  14 00 0  F        14087.96
DP   2  14 00 1  F        13627.65
DP   2  14 01 0  F        13206.37
DP   2  14 01 1  F        12853.32
DP   2  14 02 0  F        12558.27
DP   2  14 02 1  F        12302.27
DP   2  14 03 0  F        12070.78
DP   2  14 03 1  F        11858.93
DP   2  14 04 0  F        11696.11
DP   2  14 04 1  F        11606.31
DP   2  14 05 0  F        11557.60
DP   2  14 05 1  F        11507.46
DP   2  14 06 0  F        11426.89
DP   2  14 06 1  F        11329.18
DP   2  14 07 0  F        11383.21
DP   2  14 07 1  F        11726.30
DP   2  14 08 0  F        12213.81
DP   2  14 08 1  F        12663.12
DP   2  14 09 0  F        13021.69
DP   2  14 09 1  F        13284.69
DP   2  14 10 0  F        13508.34
DP   2  14 10 1  F        13751.78
DP   2  14 11 0  F        14024.89
DP   2  14 11 1  F        14296.80
DP   2  14 12 0  F        14422.87
DP   2  14 12 1  F        14315.47
DP   2  14 13 0  F        14228.77
DP   2  14 13 1  F        14401.12
DP   2  14 14 0  F        14665.94
DP   2  14 14 1  F        14810.01
DP   2  14 15 0  F        14838.55
DP   2  14 15 1  F        14808.52
DP   2  14 16 0  F        14765.27
DP   2  14 16 1  F        14745.56
DP   2  14 17 0  F        14763.33
DP   2  14 17 1  F        14798.31
DP   2  14 18 0  F        14716.18
DP   2  14 18 1  F        14453.92
DP   2  14 19 0  F        14347.86
DP   2  14 19 1  F        14685.16
DP   2  14 20 0  F        15156.94
DP   2  14 20 1  F        15399.23
DP   2  14 21 0  F        15423.66
DP   2  14 21 1  F        15325.47
DP   2  14 22 0  F        15158.72
DP   2  14 22 1  F        14961.97
DP   2  14 23 0  F        14752.84
DP   2  14 23 1  F        14543.70
DP   3  14 00 0  F        13443.35
DP   3  14 00 1  F        13254.68
DP   3  14 01 0  F        13076.55
DP   3  14 01 1  F        12915.91
DP   3  14 02 0  F        12765.22
DP   3  14 02 1  F        12615.97
DP   3  14 03 0  F        12470.12
DP   3  14 03 1  F        12336.32
DP   3  14 04 0  F        12239.31
DP   3  14 04 1  F        12179.97
DP   3  14 05 0  F        12047.56
DP   3  14 05 1  F        11747.55
DP   3  14 06 0  F        11361.77
DP   3  14 06 1  F        11008.82
DP   3  14 07 0  F        10777.89
DP   3  14 07 1  F        10721.22
DP   3  14 08 0  F        10772.45
DP   3  14 08 1  F        10848.22
DP   3  14 09 0  F        10915.58
DP   3  14 09 1  F        10960.38
DP   3  14 10 0  F        10993.42
DP   3  14 10 1  F        11031.12
DP   3  14 11 0  F        11087.76
DP   3  14 11 1  F        11167.40
DP   3  14 12 0  F        11235.59
DP   3  14 12 1  F        11261.87
DP   3  14 13 0  F        11270.23
DP   3  14 13 1  F        11290.56
DP   3  14 14 0  F        11321.92
DP   3  14 14 1  F        11355.45
DP   3  14 15 0  F        11381.46
DP   3  14 15 1  F        11393.92
DP   3  14 16 0  F        11402.06
DP   3  14 16 1  F        11412.02
DP   3  14 17 0  F        11402.20
DP   3  14 17 1  F        11391.83
DP   3  14 18 0  F        11591.37
DP   3  14 18 1  F        12141.92
DP   3  14 19 0  F        12715.94
DP   3  14 19 1  F        12977.86
DP   3  14 20 0  F        13028.74
DP   3  14 20 1  F        13046.96
DP   3  14 21 0  F        13083.63
DP   3  14 21 1  F        13147.52
DP   3  14 22 0  F        13205.43
DP   3  14 22 1  F        13225.08
DP   3  14 23 0  F        13219.89
DP   3  14 23 1  F        13214.70
DP   4  14 00 0  F        7716.00
DP   4  14 00 1  F        7678.27
DP   4  14 01 0  F        7630.88
DP   4  14 01 1  F        7567.76
DP   4  14 02 0  F        7497.34
DP   4  14 02 1  F        7430.29
DP   4  14 03 0  F        7371.78
DP   4  14 03 1  F        7322.03
DP   4  14 04 0  F        7266.92
DP   4  14 04 1  F        7196.83
DP   4  14 05 0  F        7134.61
DP   4  14 05 1  F        7095.88
DP   4  14 06 0  F        7034.92
DP   4  14 06 1  F        6910.20
DP   4  14 07 0  F        6758.37
DP   4  14 07 1  F        6629.46
DP   4  14 08 0  F        6548.79
DP   4  14 08 1  F        6526.23
DP   4  14 09 0  F        6534.63
DP   4  14 09 1  F        6544.55
DP   4  14 10 0  F        6554.55
DP   4  14 10 1  F        6570.95
DP   4  14 11 0  F        6603.02
DP   4  14 11 1  F        6653.13
DP   4  14 12 0  F        6692.95
DP   4  14 12 1  F        6699.95
DP   4  14 13 0  F        6705.46
DP   4  14 13 1  F        6743.77
DP   4  14 14 0  F        6807.02
DP   4  14 14 1  F        6878.42
DP   4  14 15 0  F        6947.53
DP   4  14 15 1  F        7005.80
DP   4  14 16 0  F        7045.99
DP   4  14 16 1  F        7061.90
DP   4  14 17 0  F        7050.08
DP   4  14 17 1  F        7016.96
DP   4  14 18 0  F        7005.80
DP   4  14 18 1  F        7059.39
DP   4  14 19 0  F        7181.86
DP   4  14 19 1  F        7354.08
DP   4  14 20 0  F        7502.34
DP   4  14 20 1  F        7564.02
DP   4  14 21 0  F        7575.10
DP   4  14 21 1  F        7587.03
DP   4  14 22 0  F        7614.25
DP   4  14 22 1  F        7659.40
DP   4  14 23 0  F        7714.79
DP   4  14 23 1  F        7770.19
