&   CARGA
&
&   ss  di hi m df hf m Demanda
&X  XX  XX XX X XX XX X XXXXXXXXXX
DP   1  15 00 0  F        42388.71
DP   1  15 00 1  F        41256.38
DP   1  15 01 0  F        40217.32
DP   1  15 01 1  F        39341.32
DP   1  15 02 0  F        38604.36
DP   1  15 02 1  F        37973.19
DP   1  15 03 0  F        37471.57
DP   1  15 03 1  F        37129.30
DP   1  15 04 0  F        36943.43
DP   1  15 04 1  F        36899.66
DP   1  15 05 0  F        36971.16
DP   1  15 05 1  F        37146.41
DP   1  15 06 0  F        37487.99
DP   1  15 06 1  F        38091.39
DP   1  15 07 0  F        39109.71
DP   1  15 07 1  F        40630.65
DP   1  15 08 0  F        42422.55
DP   1  15 08 1  F        44196.84
DP   1  15 09 0  F        45756.80
DP   1  15 09 1  F        46983.29
DP   1  15 10 0  F        47975.55
DP   1  15 10 1  F        48841.88
DP   1  15 11 0  F        49508.57
DP   1  15 11 1  F        49879.67
DP   1  15 12 0  F        49952.52
DP   1  15 12 1  F        49824.82
DP   1  15 13 0  F        49902.53
DP   1  15 13 1  F        50498.91
DP   1  15 14 0  F        51248.39
DP   1  15 14 1  F        51726.85
DP   1  15 15 0  F        51954.81
DP   1  15 15 1  F        52054.52
DP   1  15 16 0  F        52110.34
DP   1  15 16 1  F        52100.65
DP   1  15 17 0  F        51617.54
DP   1  15 17 1  F        50359.60
DP   1  15 18 0  F        48837.66
DP   1  15 18 1  F        47736.56
DP   1  15 19 0  F        47624.95
DP   1  15 19 1  F        48732.50
DP   1  15 20 0  F        50049.36
DP   1  15 20 1  F        50575.31
DP   1  15 21 0  F        50588.31
DP   1  15 21 1  F        50531.34
DP   1  15 22 0  F        50229.27
DP   1  15 22 1  F        49455.30
DP   1  15 23 0  F        48393.96
DP   1  15 23 1  F        47332.62
DP   2  15 00 0  F        14477.09
DP   2  15 00 1  F        14048.44
DP   2  15 01 0  F        13660.65
DP   2  15 01 1  F        13344.18
DP   2  15 02 0  F        13087.88
DP   2  15 02 1  F        12872.73
DP   2  15 03 0  F        12689.80
DP   2  15 03 1  F        12536.78
DP   2  15 04 0  F        12427.71
DP   2  15 04 1  F        12380.65
DP   2  15 05 0  F        12413.23
DP   2  15 05 1  F        12531.05
DP   2  15 06 0  F        12692.14
DP   2  15 06 1  F        12888.49
DP   2  15 07 0  F        13295.67
DP   2  15 07 1  F        14051.12
DP   2  15 08 0  F        14956.26
DP   2  15 08 1  F        15766.93
DP   2  15 09 0  F        16392.76
DP   2  15 09 1  F        16811.48
DP   2  15 10 0  F        17119.71
DP   2  15 10 1  F        17423.33
DP   2  15 11 0  F        17746.59
DP   2  15 11 1  F        18038.74
DP   2  15 12 0  F        18030.62
DP   2  15 12 1  F        17582.86
DP   2  15 13 0  F        17293.71
DP   2  15 13 1  F        17701.99
DP   2  15 14 0  F        18371.22
DP   2  15 14 1  F        18756.68
DP   2  15 15 0  F        18855.98
DP   2  15 15 1  F        18797.06
DP   2  15 16 0  F        18686.77
DP   2  15 16 1  F        18589.96
DP   2  15 17 0  F        18424.44
DP   2  15 17 1  F        18079.41
DP   2  15 18 0  F        17476.43
DP   2  15 18 1  F        16655.23
DP   2  15 19 0  F        16095.65
DP   2  15 19 1  F        16195.41
DP   2  15 20 0  F        16583.51
DP   2  15 20 1  F        16810.74
DP   2  15 21 0  F        16883.73
DP   2  15 21 1  F        16893.98
DP   2  15 22 0  F        16816.48
DP   2  15 22 1  F        16617.93
DP   2  15 23 0  F        16348.44
DP   2  15 23 1  F        16078.95
DP   3  15 00 0  F        13411.73
DP   3  15 00 1  F        13191.71
DP   3  15 01 0  F        12979.77
DP   3  15 01 1  F        12784.93
DP   3  15 02 0  F        12620.08
DP   3  15 02 1  F        12491.55
DP   3  15 03 0  F        12375.76
DP   3  15 03 1  F        12255.80
DP   3  15 04 0  F        12171.46
DP   3  15 04 1  F        12142.10
DP   3  15 05 0  F        12048.64
DP   3  15 05 1  F        11793.13
DP   3  15 06 0  F        11500.52
DP   3  15 06 1  F        11332.84
DP   3  15 07 0  F        11377.32
DP   3  15 07 1  F        11674.21
DP   3  15 08 0  F        12150.38
DP   3  15 08 1  F        12695.15
DP   3  15 09 0  F        13160.82
DP   3  15 09 1  F        13437.70
DP   3  15 10 0  F        13605.11
DP   3  15 10 1  F        13763.68
DP   3  15 11 0  F        13910.12
DP   3  15 11 1  F        14007.49
DP   3  15 12 0  F        13988.22
DP   3  15 12 1  F        13830.89
DP   3  15 13 0  F        13729.18
DP   3  15 13 1  F        13857.45
DP   3  15 14 0  F        14097.72
DP   3  15 14 1  F        14289.27
DP   3  15 15 0  F        14392.99
DP   3  15 15 1  F        14406.76
DP   3  15 16 0  F        14354.99
DP   3  15 16 1  F        14242.50
DP   3  15 17 0  F        13969.16
DP   3  15 17 1  F        13497.26
DP   3  15 18 0  F        13143.52
DP   3  15 18 1  F        13185.80
DP   3  15 19 0  F        13391.93
DP   3  15 19 1  F        13474.95
DP   3  15 20 0  F        13438.54
DP   3  15 20 1  F        13375.35
DP   3  15 21 0  F        13443.12
DP   3  15 21 1  F        13738.30
DP   3  15 22 0  F        14047.22
DP   3  15 22 1  F        14150.32
DP   3  15 23 0  F        14114.67
DP   3  15 23 1  F        14079.02
DP   4  15 00 0  F        7852.40
DP   4  15 00 1  F        7814.33
DP   4  15 01 0  F        7760.31
DP   4  15 01 1  F        7682.60
DP   4  15 02 0  F        7606.21
DP   4  15 02 1  F        7554.07
DP   4  15 03 0  F        7507.97
DP   4  15 03 1  F        7445.78
DP   4  15 04 0  F        7370.83
DP   4  15 04 1  F        7295.99
DP   4  15 05 0  F        7246.78
DP   4  15 05 1  F        7234.13
DP   4  15 06 0  F        7197.79
DP   4  15 06 1  F        7087.45
DP   4  15 07 0  F        6963.63
DP   4  15 07 1  F        6904.54
DP   4  15 08 0  F        6948.26
DP   4  15 08 1  F        7102.89
DP   4  15 09 0  F        7296.71
DP   4  15 09 1  F        7454.46
DP   4  15 10 0  F        7566.55
DP   4  15 10 1  F        7642.62
DP   4  15 11 0  F        7703.51
DP   4  15 11 1  F        7760.61
DP   4  15 12 0  F        7776.52
DP   4  15 12 1  F        7727.45
DP   4  15 13 0  F        7692.94
DP   4  15 13 1  F        7751.83
DP   4  15 14 0  F        7876.75
DP   4  15 14 1  F        8016.61
DP   4  15 15 0  F        8131.49
DP   4  15 15 1  F        8192.29
DP   4  15 16 0  F        8201.84
DP   4  15 16 1  F        8167.49
DP   4  15 17 0  F        8082.82
DP   4  15 17 1  F        7943.64
DP   4  15 18 0  F        7768.36
DP   4  15 18 1  F        7594.87
DP   4  15 19 0  F        7516.51
DP   4  15 19 1  F        7597.83
DP   4  15 20 0  F        7732.85
DP   4  15 20 1  F        7807.54
DP   4  15 21 0  F        7846.06
DP   4  15 21 1  F        7894.80
DP   4  15 22 0  F        7950.70
DP   4  15 22 1  F        8001.62
DP   4  15 23 0  F        8048.43
DP   4  15 23 1  F        8095.24
