&   CARGA
&
&   ss  di hi m df hf m Demanda
&X  XX  XX XX X XX XX X XXXXXXXXXX
DP   1  18 00 0  F        45992.00
DP   1  18 00 1  F        44549.68
DP   1  18 01 0  F        43219.22
DP   1  18 01 1  F        42092.91
DP   1  18 02 0  F        41184.82
DP   1  18 02 1  F        40477.66
DP   1  18 03 0  F        39907.12
DP   1  18 03 1  F        39427.10
DP   1  18 04 0  F        39111.52
DP   1  18 04 1  F        39029.98
DP   1  18 05 0  F        39114.79
DP   1  18 05 1  F        39280.35
DP   1  18 06 0  F        39506.63
DP   1  18 06 1  F        39851.20
DP   1  18 07 0  F        40616.33
DP   1  18 07 1  F        42026.31
DP   1  18 08 0  F        43748.69
DP   1  18 08 1  F        45375.58
DP   1  18 09 0  F        46753.80
DP   1  18 09 1  F        47828.71
DP   1  18 10 0  F        48684.82
DP   1  18 10 1  F        49404.41
DP   1  18 11 0  F        49921.66
DP   1  18 11 1  F        50160.11
DP   1  18 12 0  F        50148.91
DP   1  18 12 1  F        50001.77
DP   1  18 13 0  F        50065.03
DP   1  18 13 1  F        50602.37
DP   1  18 14 0  F        51314.26
DP   1  18 14 1  F        51836.78
DP   1  18 15 0  F        52111.47
DP   1  18 15 1  F        52177.41
DP   1  18 16 0  F        52158.29
DP   1  18 16 1  F        52092.10
DP   1  18 17 0  F        51589.55
DP   1  18 17 1  F        50365.20
DP   1  18 18 0  F        48976.55
DP   1  18 18 1  F        48111.25
DP   1  18 19 0  F        48134.89
DP   1  18 19 1  F        49102.13
DP   1  18 20 0  F        50146.07
DP   1  18 20 1  F        50445.90
DP   1  18 21 0  F        50286.82
DP   1  18 21 1  F        50085.80
DP   1  18 22 0  F        49680.81
DP   1  18 22 1  F        48858.79
DP   1  18 23 0  F        47781.39
DP   1  18 23 1  F        46704.00
DP   2  18 00 0  F        14427.41
DP   2  18 00 1  F        13853.79
DP   2  18 01 0  F        13349.91
DP   2  18 01 1  F        12965.88
DP   2  18 02 0  F        12673.40
DP   2  18 02 1  F        12432.03
DP   2  18 03 0  F        12231.42
DP   2  18 03 1  F        12071.24
DP   2  18 04 0  F        11961.40
DP   2  18 04 1  F        11915.95
DP   2  18 05 0  F        11955.37
DP   2  18 05 1  F        12087.45
DP   2  18 06 0  F        12263.00
DP   2  18 06 1  F        12463.35
DP   2  18 07 0  F        12848.84
DP   2  18 07 1  F        13545.07
DP   2  18 08 0  F        14359.43
DP   2  18 08 1  F        15055.79
DP   2  18 09 0  F        15541.83
DP   2  18 09 1  F        15801.74
DP   2  18 10 0  F        15981.71
DP   2  18 10 1  F        16226.74
DP   2  18 11 0  F        16514.90
DP   2  18 11 1  F        16747.57
DP   2  18 12 0  F        16686.23
DP   2  18 12 1  F        16219.35
DP   2  18 13 0  F        15883.26
DP   2  18 13 1  F        16162.75
DP   2  18 14 0  F        16688.78
DP   2  18 14 1  F        16994.84
DP   2  18 15 0  F        17078.54
DP   2  18 15 1  F        17048.75
DP   2  18 16 0  F        16995.36
DP   2  18 16 1  F        16971.45
DP   2  18 17 0  F        16901.91
DP   2  18 17 1  F        16690.52
DP   2  18 18 0  F        16284.55
DP   2  18 18 1  F        15719.45
DP   2  18 19 0  F        15339.90
DP   2  18 19 1  F        15427.64
DP   2  18 20 0  F        15703.30
DP   2  18 20 1  F        15831.92
DP   2  18 21 0  F        15817.22
DP   2  18 21 1  F        15728.52
DP   2  18 22 0  F        15558.97
DP   2  18 22 1  F        15295.87
DP   2  18 23 0  F        14979.40
DP   2  18 23 1  F        14662.92
DP   3  18 00 0  F        14015.31
DP   3  18 00 1  F        13759.90
DP   3  18 01 0  F        13522.89
DP   3  18 01 1  F        13318.07
DP   3  18 02 0  F        13140.85
DP   3  18 02 1  F        12982.68
DP   3  18 03 0  F        12837.60
DP   3  18 03 1  F        12708.02
DP   3  18 04 0  F        12627.39
DP   3  18 04 1  F        12602.58
DP   3  18 05 0  F        12503.12
DP   3  18 05 1  F        12222.60
DP   3  18 06 0  F        11888.14
DP   3  18 06 1  F        11669.96
DP   3  18 07 0  F        11677.14
DP   3  18 07 1  F        11963.00
DP   3  18 08 0  F        12418.97
DP   3  18 08 1  F        12905.54
DP   3  18 09 0  F        13321.36
DP   3  18 09 1  F        13600.36
DP   3  18 10 0  F        13779.53
DP   3  18 10 1  F        13913.43
DP   3  18 11 0  F        14023.68
DP   3  18 11 1  F        14107.16
DP   3  18 12 0  F        14094.52
DP   3  18 12 1  F        13952.01
DP   3  18 13 0  F        13854.44
DP   3  18 13 1  F        13964.09
DP   3  18 14 0  F        14184.53
DP   3  18 14 1  F        14376.97
DP   3  18 15 0  F        14491.99
DP   3  18 15 1  F        14512.35
DP   3  18 16 0  F        14460.21
DP   3  18 16 1  F        14340.44
DP   3  18 17 0  F        14049.23
DP   3  18 17 1  F        13549.70
DP   3  18 18 0  F        13181.47
DP   3  18 18 1  F        13241.63
DP   3  18 19 0  F        13480.68
DP   3  18 19 1  F        13589.55
DP   3  18 20 0  F        13567.34
DP   3  18 20 1  F        13507.05
DP   3  18 21 0  F        13569.02
DP   3  18 21 1  F        13853.74
DP   3  18 22 0  F        14154.87
DP   3  18 22 1  F        14258.75
DP   3  18 23 0  F        14229.31
DP   3  18 23 1  F        14199.86
DP   4  18 00 0  F        8140.56
DP   4  18 00 1  F        8075.22
DP   4  18 01 0  F        7999.62
DP   4  18 01 1  F        7909.07
DP   4  18 02 0  F        7821.14
DP   4  18 02 1  F        7751.60
DP   4  18 03 0  F        7686.97
DP   4  18 03 1  F        7611.20
DP   4  18 04 0  F        7527.48
DP   4  18 04 1  F        7446.57
DP   4  18 05 0  F        7390.43
DP   4  18 05 1  F        7366.08
DP   4  18 06 0  F        7309.72
DP   4  18 06 1  F        7170.66
DP   4  18 07 0  F        7021.50
DP   4  18 07 1  F        6952.54
DP   4  18 08 0  F        7001.54
DP   4  18 08 1  F        7170.43
DP   4  18 09 0  F        7370.59
DP   4  18 09 1  F        7514.51
DP   4  18 10 0  F        7609.93
DP   4  18 10 1  F        7684.72
DP   4  18 11 0  F        7752.09
DP   4  18 11 1  F        7812.75
DP   4  18 12 0  F        7832.28
DP   4  18 12 1  F        7792.52
DP   4  18 13 0  F        7775.48
DP   4  18 13 1  F        7860.45
DP   4  18 14 0  F        8015.64
DP   4  18 14 1  F        8182.37
DP   4  18 15 0  F        8305.75
DP   4  18 15 1  F        8348.44
DP   4  18 16 0  F        8339.79
DP   4  18 16 1  F        8310.06
DP   4  18 17 0  F        8226.56
DP   4  18 17 1  F        8062.36
DP   4  18 18 0  F        7876.19
DP   4  18 18 1  F        7742.27
DP   4  18 19 0  F        7710.79
DP   4  18 19 1  F        7799.03
DP   4  18 20 0  F        7916.57
DP   4  18 20 1  F        7974.03
DP   4  18 21 0  F        7993.92
DP   4  18 21 1  F        8019.26
DP   4  18 22 0  F        8063.20
DP   4  18 22 1  F        8128.43
DP   4  18 23 0  F        8205.79
DP   4  18 23 1  F        8283.14
