&   CARGA
&
&   ss  di hi m df hf m Demanda
&X  XX  XX XX X XX XX X XXXXXXXXXX
DP   1  13 00 0  F        45474.75
DP   1  13 00 1  F        44233.34
DP   1  13 01 0  F        43076.52
DP   1  13 01 1  F        42067.87
DP   1  13 02 0  F        41186.98
DP   1  13 02 1  F        40405.58
DP   1  13 03 0  F        39747.94
DP   1  13 03 1  F        39244.41
DP   1  13 04 0  F        38897.25
DP   1  13 04 1  F        38684.30
DP   1  13 05 0  F        38513.92
DP   1  13 05 1  F        38293.69
DP   1  13 06 0  F        37997.60
DP   1  13 06 1  F        37689.13
DP   1  13 07 0  F        37723.45
DP   1  13 07 1  F        38384.42
DP   1  13 08 0  F        39378.92
DP   1  13 08 1  F        40341.66
DP   1  13 09 0  F        41195.60
DP   1  13 09 1  F        41936.24
DP   1  13 10 0  F        42560.90
DP   1  13 10 1  F        43059.22
DP   1  13 11 0  F        43388.36
DP   1  13 11 1  F        43528.31
DP   1  13 12 0  F        43583.05
DP   1  13 12 1  F        43653.70
DP   1  13 13 0  F        43706.06
DP   1  13 13 1  F        43689.10
DP   1  13 14 0  F        43619.82
DP   1  13 14 1  F        43532.95
DP   1  13 15 0  F        43466.14
DP   1  13 15 1  F        43448.15
DP   1  13 16 0  F        43469.37
DP   1  13 16 1  F        43507.54
DP   1  13 17 0  F        43528.34
DP   1  13 17 1  F        43526.26
DP   1  13 18 0  F        43623.29
DP   1  13 18 1  F        43982.41
DP   1  13 19 0  F        44803.18
DP   1  13 19 1  F        46110.79
DP   1  13 20 0  F        47196.41
DP   1  13 20 1  F        47399.63
DP   1  13 21 0  F        46987.68
DP   1  13 21 1  F        46373.59
DP   1  13 22 0  F        45626.03
DP   1  13 22 1  F        44743.03
DP   1  13 23 0  F        43784.58
DP   1  13 23 1  F        42826.12
DP   2  13 00 0  F        14985.73
DP   2  13 00 1  F        14453.24
DP   2  13 01 0  F        13972.97
DP   2  13 01 1  F        13581.98
DP   2  13 02 0  F        13256.74
DP   2  13 02 1  F        12966.28
DP   2  13 03 0  F        12710.60
DP   2  13 03 1  F        12499.25
DP   2  13 04 0  F        12349.20
DP   2  13 04 1  F        12270.81
DP   2  13 05 0  F        12240.61
DP   2  13 05 1  F        12227.99
DP   2  13 06 0  F        12207.50
DP   2  13 06 1  F        12192.72
DP   2  13 07 0  F        12348.12
DP   2  13 07 1  F        12803.32
DP   2  13 08 0  F        13397.59
DP   2  13 08 1  F        13929.94
DP   2  13 09 0  F        14328.64
DP   2  13 09 1  F        14577.95
DP   2  13 10 0  F        14756.89
DP   2  13 10 1  F        14949.48
DP   2  13 11 0  F        15165.17
DP   2  13 11 1  F        15365.87
DP   2  13 12 0  F        15398.21
DP   2  13 12 1  F        15172.18
DP   2  13 13 0  F        14966.68
DP   2  13 13 1  F        15046.70
DP   2  13 14 0  F        15252.84
DP   2  13 14 1  F        15367.15
DP   2  13 15 0  F        15361.99
DP   2  13 15 1  F        15268.21
DP   2  13 16 0  F        15160.41
DP   2  13 16 1  F        15103.89
DP   2  13 17 0  F        15083.26
DP   2  13 17 1  F        15051.23
DP   2  13 18 0  F        14913.79
DP   2  13 18 1  F        14640.52
DP   2  13 19 0  F        14502.04
DP   2  13 19 1  F        14725.64
DP   2  13 20 0  F        15064.14
DP   2  13 20 1  F        15221.20
DP   2  13 21 0  F        15178.15
DP   2  13 21 1  F        14986.89
DP   2  13 22 0  F        14703.85
DP   2  13 22 1  F        14379.88
DP   2  13 23 0  F        14038.80
DP   2  13 23 1  F        13697.73
DP   3  13 00 0  F        13848.14
DP   3  13 00 1  F        13653.01
DP   3  13 01 0  F        13458.55
DP   3  13 01 1  F        13268.39
DP   3  13 02 0  F        13097.92
DP   3  13 02 1  F        12957.70
DP   3  13 03 0  F        12827.35
DP   3  13 03 1  F        12692.18
DP   3  13 04 0  F        12591.29
DP   3  13 04 1  F        12542.54
DP   3  13 05 0  F        12425.05
DP   3  13 05 1  F        12133.74
DP   3  13 06 0  F        11765.62
DP   3  13 06 1  F        11456.98
DP   3  13 07 0  F        11299.22
DP   3  13 07 1  F        11344.18
DP   3  13 08 0  F        11530.33
DP   3  13 08 1  F        11768.07
DP   3  13 09 0  F        11968.74
DP   3  13 09 1  F        12072.03
DP   3  13 10 0  F        12130.00
DP   3  13 10 1  F        12205.79
DP   3  13 11 0  F        12294.63
DP   3  13 11 1  F        12371.19
DP   3  13 12 0  F        12395.84
DP   3  13 12 1  F        12347.74
DP   3  13 13 0  F        12295.31
DP   3  13 13 1  F        12305.63
DP   3  13 14 0  F        12351.17
DP   3  13 14 1  F        12388.80
DP   3  13 15 0  F        12407.89
DP   3  13 15 1  F        12405.37
DP   3  13 16 0  F        12376.19
DP   3  13 16 1  F        12316.81
DP   3  13 17 0  F        12231.78
DP   3  13 17 1  F        12163.83
DP   3  13 18 0  F        12300.33
DP   3  13 18 1  F        12762.44
DP   3  13 19 0  F        13261.79
DP   3  13 19 1  F        13497.86
DP   3  13 20 0  F        13530.95
DP   3  13 20 1  F        13496.45
DP   3  13 21 0  F        13469.29
DP   3  13 21 1  F        13489.34
DP   3  13 22 0  F        13517.01
DP   3  13 22 1  F        13507.03
DP   3  13 23 0  F        13471.11
DP   3  13 23 1  F        13435.19
DP   4  13 00 0  F        8084.82
DP   4  13 00 1  F        8048.58
DP   4  13 01 0  F        7999.27
DP   4  13 01 1  F        7929.08
DP   4  13 02 0  F        7851.24
DP   4  13 02 1  F        7780.23
DP   4  13 03 0  F        7714.50
DP   4  13 03 1  F        7648.13
DP   4  13 04 0  F        7573.92
DP   4  13 04 1  F        7491.53
DP   4  13 05 0  F        7429.46
DP   4  13 05 1  F        7404.24
DP   4  13 06 0  F        7355.73
DP   4  13 06 1  F        7230.26
DP   4  13 07 0  F        7076.61
DP   4  13 07 1  F        6960.86
DP   4  13 08 0  F        6915.72
DP   4  13 08 1  F        6951.08
DP   4  13 09 0  F        7018.88
DP   4  13 09 1  F        7070.47
DP   4  13 10 0  F        7112.94
DP   4  13 10 1  F        7162.32
DP   4  13 11 0  F        7214.78
DP   4  13 11 1  F        7258.96
DP   4  13 12 0  F        7273.06
DP   4  13 12 1  F        7246.66
DP   4  13 13 0  F        7225.13
DP   4  13 13 1  F        7253.54
DP   4  13 14 0  F        7319.81
DP   4  13 14 1  F        7398.09
DP   4  13 15 0  F        7464.48
DP   4  13 15 1  F        7500.06
DP   4  13 16 0  F        7503.71
DP   4  13 16 1  F        7478.96
DP   4  13 17 0  F        7430.03
DP   4  13 17 1  F        7367.07
DP   4  13 18 0  F        7323.36
DP   4  13 18 1  F        7333.16
DP   4  13 19 0  F        7411.56
DP   4  13 19 1  F        7552.82
DP   4  13 20 0  F        7686.82
DP   4  13 20 1  F        7749.05
DP   4  13 21 0  F        7761.82
DP   4  13 21 1  F        7764.12
DP   4  13 22 0  F        7775.06
DP   4  13 22 1  F        7804.50
DP   4  13 23 0  F        7845.33
DP   4  13 23 1  F        7886.15
