&   CARGA
&
&   ss  di hi m df hf m Demanda
&X  XX  XX XX X XX XX X XXXXXXXXXX
DP   1  12 00 0  F        47377.88
DP   1  12 00 1  F        46624.71
DP   1  12 01 0  F        45832.99
DP   1  12 01 1  F        44989.38
DP   1  12 02 0  F        44181.34
DP   1  12 02 1  F        43494.24
DP   1  12 03 0  F        42904.25
DP   1  12 03 1  F        42390.49
DP   1  12 04 0  F        42053.19
DP   1  12 04 1  F        41967.95
DP   1  12 05 0  F        41990.90
DP   1  12 05 1  F        41970.74
DP   1  12 06 0  F        41946.02
DP   1  12 06 1  F        42062.64
DP   1  12 07 0  F        42706.04
DP   1  12 07 1  F        44158.56
DP   1  12 08 0  F        46050.57
DP   1  12 08 1  F        47900.65
DP   1  12 09 0  F        49432.02
DP   1  12 09 1  F        50499.44
DP   1  12 10 0  F        51279.08
DP   1  12 10 1  F        51963.24
DP   1  12 11 0  F        52487.22
DP   1  12 11 1  F        52745.52
DP   1  12 12 0  F        52726.30
DP   1  12 12 1  F        52509.76
DP   1  12 13 0  F        52450.45
DP   1  12 13 1  F        52839.63
DP   1  12 14 0  F        53440.89
DP   1  12 14 1  F        53919.25
DP   1  12 15 0  F        54073.16
DP   1  12 15 1  F        53813.86
DP   1  12 16 0  F        53370.22
DP   1  12 16 1  F        52955.44
DP   1  12 17 0  F        52402.26
DP   1  12 17 1  F        51545.52
DP   1  12 18 0  F        50608.90
DP   1  12 18 1  F        49908.68
DP   1  12 19 0  F        49742.59
DP   1  12 19 1  F        50239.30
DP   1  12 20 0  F        50869.84
DP   1  12 20 1  F        51095.47
DP   1  12 21 0  F        50995.91
DP   1  12 21 1  F        50748.52
DP   1  12 22 0  F        50302.80
DP   1  12 22 1  F        49594.66
DP   1  12 23 0  F        48733.60
DP   1  12 23 1  F        47872.54
DP   2  12 00 0  F        15368.65
DP   2  12 00 1  F        14914.21
DP   2  12 01 0  F        14466.33
DP   2  12 01 1  F        14031.93
DP   2  12 02 0  F        13619.24
DP   2  12 02 1  F        13243.01
DP   2  12 03 0  F        12942.64
DP   2  12 03 1  F        12747.64
DP   2  12 04 0  F        12623.35
DP   2  12 04 1  F        12534.69
DP   2  12 05 0  F        12509.24
DP   2  12 05 1  F        12576.53
DP   2  12 06 0  F        12711.43
DP   2  12 06 1  F        12913.26
DP   2  12 07 0  F        13333.87
DP   2  12 07 1  F        14087.09
DP   2  12 08 0  F        14982.14
DP   2  12 08 1  F        15784.20
DP   2  12 09 0  F        16386.88
DP   2  12 09 1  F        16754.13
DP   2  12 10 0  F        17002.84
DP   2  12 10 1  F        17265.29
DP   2  12 11 0  F        17582.27
DP   2  12 11 1  F        17911.24
DP   2  12 12 0  F        17967.63
DP   2  12 12 1  F        17583.45
DP   2  12 13 0  F        17299.06
DP   2  12 13 1  F        17612.55
DP   2  12 14 0  F        18144.58
DP   2  12 14 1  F        18418.85
DP   2  12 15 0  F        18448.71
DP   2  12 15 1  F        18354.30
DP   2  12 16 0  F        18193.26
DP   2  12 16 1  F        17990.22
DP   2  12 17 0  F        17700.16
DP   2  12 17 1  F        17273.22
DP   2  12 18 0  F        16709.85
DP   2  12 18 1  F        16074.50
DP   2  12 19 0  F        15637.28
DP   2  12 19 1  F        15617.01
DP   2  12 20 0  F        15821.67
DP   2  12 20 1  F        16000.86
DP   2  12 21 0  F        16081.30
DP   2  12 21 1  F        16041.55
DP   2  12 22 0  F        15890.49
DP   2  12 22 1  F        15649.68
DP   2  12 23 0  F        15361.42
DP   2  12 23 1  F        15073.16
DP   3  12 00 0  F        13940.39
DP   3  12 00 1  F        13702.39
DP   3  12 01 0  F        13456.97
DP   3  12 01 1  F        13207.06
DP   3  12 02 0  F        12996.92
DP   3  12 02 1  F        12860.39
DP   3  12 03 0  F        12748.14
DP   3  12 03 1  F        12614.25
DP   3  12 04 0  F        12509.70
DP   3  12 04 1  F        12471.29
DP   3  12 05 0  F        12382.12
DP   3  12 05 1  F        12137.90
DP   3  12 06 0  F        11838.36
DP   3  12 06 1  F        11630.11
DP   3  12 07 0  F        11643.31
DP   3  12 07 1  F        11948.83
DP   3  12 08 0  F        12396.82
DP   3  12 08 1  F        12812.69
DP   3  12 09 0  F        13143.45
DP   3  12 09 1  F        13375.66
DP   3  12 10 0  F        13532.47
DP   3  12 10 1  F        13644.49
DP   3  12 11 0  F        13735.82
DP   3  12 11 1  F        13803.20
DP   3  12 12 0  F        13740.33
DP   3  12 12 1  F        13494.12
DP   3  12 13 0  F        13327.16
DP   3  12 13 1  F        13476.89
DP   3  12 14 0  F        13764.31
DP   3  12 14 1  F        13962.68
DP   3  12 15 0  F        14070.61
DP   3  12 15 1  F        14130.23
DP   3  12 16 0  F        14132.43
DP   3  12 16 1  F        14041.94
DP   3  12 17 0  F        13770.12
DP   3  12 17 1  F        13300.90
DP   3  12 18 0  F        12961.77
DP   3  12 18 1  F        13047.07
DP   3  12 19 0  F        13374.92
DP   3  12 19 1  F        13675.36
DP   3  12 20 0  F        13802.31
DP   3  12 20 1  F        13713.18
DP   3  12 21 0  F        13655.40
DP   3  12 21 1  F        13848.11
DP   3  12 22 0  F        14107.17
DP   3  12 22 1  F        14213.34
DP   3  12 23 0  F        14210.21
DP   3  12 23 1  F        14207.07
DP   4  12 00 0  F        7637.79
DP   4  12 00 1  F        7230.60
DP   4  12 01 0  F        6909.05
DP   4  12 01 1  F        6729.00
DP   4  12 02 0  F        6627.26
DP   4  12 02 1  F        6533.17
DP   4  12 03 0  F        6465.31
DP   4  12 03 1  F        6447.52
DP   4  12 04 0  F        6435.23
DP   4  12 04 1  F        6385.47
DP   4  12 05 0  F        6329.94
DP   4  12 05 1  F        6318.53
DP   4  12 06 0  F        6399.04
DP   4  12 06 1  F        6581.08
DP   4  12 07 0  F        6723.35
DP   4  12 07 1  F        6713.95
DP   4  12 08 0  F        6709.29
DP   4  12 08 1  F        6863.36
DP   4  12 09 0  F        7051.96
DP   4  12 09 1  F        7131.69
DP   4  12 10 0  F        7160.50
DP   4  12 10 1  F        7220.36
DP   4  12 11 0  F        7287.86
DP   4  12 11 1  F        7323.15
DP   4  12 12 0  F        7325.94
DP   4  12 12 1  F        7311.15
DP   4  12 13 0  F        7314.82
DP   4  12 13 1  F        7367.10
DP   4  12 14 0  F        7453.34
DP   4  12 14 1  F        7548.43
DP   4  12 15 0  F        7630.38
DP   4  12 15 1  F        7678.04
DP   4  12 16 0  F        7670.76
DP   4  12 16 1  F        7589.76
DP   4  12 17 0  F        7423.31
DP   4  12 17 1  F        7175.94
DP   4  12 18 0  F        6910.08
DP   4  12 18 1  F        6711.90
DP   4  12 19 0  F        6704.49
DP   4  12 19 1  F        6947.52
DP   4  12 20 0  F        7209.78
DP   4  12 20 1  F        7270.81
DP   4  12 21 0  F        7243.84
DP   4  12 21 1  F        7279.83
DP   4  12 22 0  F        7346.73
DP   4  12 22 1  F        7383.63
DP   4  12 23 0  F        7397.10
DP   4  12 23 1  F        7410.57
