&   CARGA
&
&   ss  di hi m df hf m Demanda
&X  XX  XX XX X XX XX X XXXXXXXXXX
DP   1  08 00 0  F        42241.52
DP   1  08 00 1  F        41249.80
DP   1  08 01 0  F        40276.44
DP   1  08 01 1  F        39351.30
DP   1  08 02 0  F        38550.45
DP   1  08 02 1  F        37936.78
DP   1  08 03 0  F        37474.58
DP   1  08 03 1  F        37119.67
DP   1  08 04 0  F        36892.72
DP   1  08 04 1  F        36814.72
DP   1  08 05 0  F        36843.08
DP   1  08 05 1  F        36943.74
DP   1  08 06 0  F        37180.59
DP   1  08 06 1  F        37651.41
DP   1  08 07 0  F        38491.81
DP   1  08 07 1  F        39787.49
DP   1  08 08 0  F        41386.66
DP   1  08 08 1  F        43070.21
DP   1  08 09 0  F        44587.12
DP   1  08 09 1  F        45754.32
DP   1  08 10 0  F        46692.37
DP   1  08 10 1  F        47536.69
DP   1  08 11 0  F        48178.30
DP   1  08 11 1  F        48496.70
DP   1  08 12 0  F        48569.49
DP   1  08 12 1  F        48559.53
DP   1  08 13 0  F        48772.35
DP   1  08 13 1  F        49420.61
DP   1  08 14 0  F        50202.77
DP   1  08 14 1  F        50771.77
DP   1  08 15 0  F        51112.50
DP   1  08 15 1  F        51295.03
DP   1  08 16 0  F        51397.99
DP   1  08 16 1  F        51412.44
DP   1  08 17 0  F        50970.60
DP   1  08 17 1  F        49795.66
DP   1  08 18 0  F        48333.48
DP   1  08 18 1  F        47188.41
DP   1  08 19 0  F        46875.99
DP   1  08 19 1  F        47640.73
DP   1  08 20 0  F        48731.79
DP   1  08 20 1  F        49369.61
DP   1  08 21 0  F        49654.98
DP   1  08 21 1  F        49812.27
DP   1  08 22 0  F        49679.64
DP   1  08 22 1  F        49087.49
DP   1  08 23 0  F        48221.21
DP   1  08 23 1  F        47354.94
DP   2  08 00 0  F        14333.19
DP   2  08 00 1  F        13934.43
DP   2  08 01 0  F        13562.31
DP   2  08 01 1  F        13238.30
DP   2  08 02 0  F        12963.29
DP   2  08 02 1  F        12732.71
DP   2  08 03 0  F        12540.93
DP   2  08 03 1  F        12383.56
DP   2  08 04 0  F        12262.35
DP   2  08 04 1  F        12182.34
DP   2  08 05 0  F        12155.57
DP   2  08 05 1  F        12185.44
DP   2  08 06 0  F        12233.65
DP   2  08 06 1  F        12299.74
DP   2  08 07 0  F        12576.39
DP   2  08 07 1  F        13221.59
DP   2  08 08 0  F        14061.48
DP   2  08 08 1  F        14866.42
DP   2  08 09 0  F        15515.60
DP   2  08 09 1  F        15952.25
DP   2  08 10 0  F        16267.02
DP   2  08 10 1  F        16572.45
DP   2  08 11 0  F        16921.00
DP   2  08 11 1  F        17285.63
DP   2  08 12 0  F        17381.20
DP   2  08 12 1  F        17045.37
DP   2  08 13 0  F        16864.92
DP   2  08 13 1  F        17372.04
DP   2  08 14 0  F        18131.47
DP   2  08 14 1  F        18597.43
DP   2  08 15 0  F        18749.56
DP   2  08 15 1  F        18702.00
DP   2  08 16 0  F        18581.46
DP   2  08 16 1  F        18474.21
DP   2  08 17 0  F        18292.28
DP   2  08 17 1  F        17912.21
DP   2  08 18 0  F        17243.12
DP   2  08 18 1  F        16326.60
DP   2  08 19 0  F        15701.76
DP   2  08 19 1  F        15820.24
DP   2  08 20 0  F        16286.35
DP   2  08 20 1  F        16617.74
DP   2  08 21 0  F        16832.52
DP   2  08 21 1  F        17030.94
DP   2  08 22 0  F        17141.17
DP   2  08 22 1  F        17084.44
DP   2  08 23 0  F        16926.19
DP   2  08 23 1  F        16767.95
DP   3  08 00 0  F        13675.30
DP   3  08 00 1  F        13460.97
DP   3  08 01 0  F        13254.09
DP   3  08 01 1  F        13062.96
DP   3  08 02 0  F        12899.34
DP   3  08 02 1  F        12768.73
DP   3  08 03 0  F        12648.25
DP   3  08 03 1  F        12522.20
DP   3  08 04 0  F        12431.97
DP   3  08 04 1  F        12397.71
DP   3  08 05 0  F        12297.51
DP   3  08 05 1  F        12030.42
DP   3  08 06 0  F        11721.24
DP   3  08 06 1  F        11533.55
DP   3  08 07 0  F        11560.17
DP   3  08 07 1  F        11845.82
DP   3  08 08 0  F        12313.44
DP   3  08 08 1  F        12848.29
DP   3  08 09 0  F        13306.48
DP   3  08 09 1  F        13582.60
DP   3  08 10 0  F        13754.25
DP   3  08 10 1  F        13918.48
DP   3  08 11 0  F        14067.30
DP   3  08 11 1  F        14160.61
DP   3  08 12 0  F        14135.14
DP   3  08 12 1  F        13974.52
DP   3  08 13 0  F        13873.22
DP   3  08 13 1  F        14006.48
DP   3  08 14 0  F        14261.86
DP   3  08 14 1  F        14481.45
DP   3  08 15 0  F        14613.24
DP   3  08 15 1  F        14642.74
DP   3  08 16 0  F        14599.63
DP   3  08 16 1  F        14493.22
DP   3  08 17 0  F        14206.98
DP   3  08 17 1  F        13692.24
DP   3  08 18 0  F        13297.48
DP   3  08 18 1  F        13332.45
DP   3  08 19 0  F        13554.82
DP   3  08 19 1  F        13658.32
DP   3  08 20 0  F        13633.12
DP   3  08 20 1  F        13566.24
DP   3  08 21 0  F        13635.81
DP   3  08 21 1  F        13957.12
DP   3  08 22 0  F        14303.17
DP   3  08 22 1  F        14437.46
DP   3  08 23 0  F        14427.84
DP   3  08 23 1  F        14418.22
DP   4  08 00 0  F        7629.55
DP   4  08 00 1  F        7592.39
DP   4  08 01 0  F        7543.65
DP   4  08 01 1  F        7477.73
DP   4  08 02 0  F        7412.90
DP   4  08 02 1  F        7363.44
DP   4  08 03 0  F        7303.70
DP   4  08 03 1  F        7211.78
DP   4  08 04 0  F        7120.62
DP   4  08 04 1  F        7066.84
DP   4  08 05 0  F        7047.07
DP   4  08 05 1  F        7037.74
DP   4  08 06 0  F        6974.52
DP   4  08 06 1  F        6817.34
DP   4  08 07 0  F        6663.93
DP   4  08 07 1  F        6623.87
DP   4  08 08 0  F        6716.53
DP   4  08 08 1  F        6920.82
DP   4  08 09 0  F        7143.98
DP   4  08 09 1  F        7299.79
DP   4  08 10 0  F        7399.73
DP   4  08 10 1  F        7473.59
DP   4  08 11 0  F        7526.71
DP   4  08 11 1  F        7557.14
DP   4  08 12 0  F        7558.21
DP   4  08 12 1  F        7534.77
DP   4  08 13 0  F        7542.65
DP   4  08 13 1  F        7631.14
DP   4  08 14 0  F        7772.37
DP   4  08 14 1  F        7919.95
DP   4  08 15 0  F        8030.32
DP   4  08 15 1  F        8072.57
DP   4  08 16 0  F        8063.41
DP   4  08 16 1  F        8021.36
DP   4  08 17 0  F        7924.47
DP   4  08 17 1  F        7756.21
DP   4  08 18 0  F        7562.10
DP   4  08 18 1  F        7405.32
DP   4  08 19 0  F        7357.80
DP   4  08 19 1  F        7457.12
DP   4  08 20 0  F        7594.95
DP   4  08 20 1  F        7664.80
DP   4  08 21 0  F        7713.52
DP   4  08 21 1  F        7802.50
DP   4  08 22 0  F        7897.81
DP   4  08 22 1  F        7955.63
DP   4  08 23 0  F        7987.76
DP   4  08 23 1  F        8019.89
DP   1  09 00 0  F        46161.92
DP   1  09 00 1  F        44775.63
DP   1  09 01 0  F        43473.64
DP   1  09 01 1  F        42329.13
DP   1  09 02 0  F        41370.74
DP   1  09 02 1  F        40607.71
DP   1  09 03 0  F        40016.03
DP   1  09 03 1  F        39571.34
DP   1  09 04 0  F        39281.18
DP   1  09 04 1  F        39147.91
DP   1  09 05 0  F        39121.50
DP   1  09 05 1  F        39157.55
DP   1  09 06 0  F        39286.77
DP   1  09 06 1  F        39594.34
DP   1  09 07 0  F        40308.45
DP   1  09 07 1  F        41597.06
DP   1  09 08 0  F        43244.46
DP   1  09 08 1  F        44950.72
DP   1  09 09 0  F        46462.89
DP   1  09 09 1  F        47612.15
DP   1  09 10 0  F        48519.07
DP   1  09 10 1  F        49320.66
DP   1  09 11 0  F        49930.07
DP   1  09 11 1  F        50243.29
DP   1  09 12 0  F        50311.40
DP   1  09 12 1  F        50274.42
DP   1  09 13 0  F        50473.12
DP   1  09 13 1  F        51156.12
DP   1  09 14 0  F        52002.82
DP   1  09 14 1  F        52632.26
DP   1  09 15 0  F        52991.27
DP   1  09 15 1  F        53129.39
DP   1  09 16 0  F        53179.29
DP   1  09 16 1  F        53176.61
DP   1  09 17 0  F        52685.91
DP   1  09 17 1  F        51369.85
DP   1  09 18 0  F        49754.78
DP   1  09 18 1  F        48534.95
DP   1  09 19 0  F        48212.67
DP   1  09 19 1  F        48989.56
DP   1  09 20 0  F        50056.32
DP   1  09 20 1  F        50594.05
DP   1  09 21 0  F        50756.24
DP   1  09 21 1  F        50827.65
DP   1  09 22 0  F        50645.80
DP   1  09 22 1  F        50026.09
DP   1  09 23 0  F        49142.61
DP   1  09 23 1  F        48259.13
DP   2  09 00 0  F        15667.45
DP   2  09 00 1  F        15151.44
DP   2  09 01 0  F        14678.71
DP   2  09 01 1  F        14280.37
DP   2  09 02 0  F        13938.73
DP   2  09 02 1  F        13631.59
DP   2  09 03 0  F        13367.32
DP   2  09 03 1  F        13158.06
DP   2  09 04 0  F        13000.47
DP   2  09 04 1  F        12890.77
DP   2  09 05 0  F        12838.94
DP   2  09 05 1  F        12847.59
DP   2  09 06 0  F        12875.87
DP   2  09 06 1  F        12918.84
DP   2  09 07 0  F        13158.56
DP   2  09 07 1  F        13746.25
DP   2  09 08 0  F        14522.96
DP   2  09 08 1  F        15272.69
DP   2  09 09 0  F        15861.60
DP   2  09 09 1  F        16222.25
DP   2  09 10 0  F        16470.85
DP   2  09 10 1  F        16739.02
DP   2  09 11 0  F        17036.60
DP   2  09 11 1  F        17299.46
DP   2  09 12 0  F        17289.55
DP   2  09 12 1  F        16887.87
DP   2  09 13 0  F        16625.52
DP   2  09 13 1  F        16981.03
DP   2  09 14 0  F        17572.42
DP   2  09 14 1  F        17918.50
DP   2  09 15 0  F        18001.64
DP   2  09 15 1  F        17922.20
DP   2  09 16 0  F        17788.79
DP   2  09 16 1  F        17673.58
DP   2  09 17 0  F        17494.89
DP   2  09 17 1  F        17145.92
DP   2  09 18 0  F        16573.36
DP   2  09 18 1  F        15830.98
DP   2  09 19 0  F        15347.37
DP   2  09 19 1  F        15474.22
DP   2  09 20 0  F        15880.80
DP   2  09 20 1  F        16166.09
DP   2  09 21 0  F        16330.40
DP   2  09 21 1  F        16445.98
DP   2  09 22 0  F        16471.57
DP   2  09 22 1  F        16362.44
DP   2  09 23 0  F        16173.50
DP   2  09 23 1  F        15984.56
DP   3  09 00 0  F        14161.49
DP   3  09 00 1  F        13922.69
DP   3  09 01 0  F        13690.87
DP   3  09 01 1  F        13474.34
DP   3  09 02 0  F        13286.51
DP   3  09 02 1  F        13135.56
DP   3  09 03 0  F        13003.32
DP   3  09 03 1  F        12877.25
DP   3  09 04 0  F        12793.61
DP   3  09 04 1  F        12765.32
DP   3  09 05 0  F        12663.17
DP   3  09 05 1  F        12380.77
DP   3  09 06 0  F        12045.09
DP   3  09 06 1  F        11825.17
DP   3  09 07 0  F        11825.02
DP   3  09 07 1  F        12096.48
DP   3  09 08 0  F        12547.79
DP   3  09 08 1  F        13051.91
DP   3  09 09 0  F        13484.16
DP   3  09 09 1  F        13756.21
DP   3  09 10 0  F        13922.76
DP   3  09 10 1  F        14059.18
DP   3  09 11 0  F        14180.65
DP   3  09 11 1  F        14272.86
DP   3  09 12 0  F        14263.92
DP   3  09 12 1  F        14119.55
DP   3  09 13 0  F        14013.53
DP   3  09 13 1  F        14109.75
DP   3  09 14 0  F        14324.35
DP   3  09 14 1  F        14529.20
DP   3  09 15 0  F        14666.77
DP   3  09 15 1  F        14708.18
DP   3  09 16 0  F        14668.55
DP   3  09 16 1  F        14550.34
DP   3  09 17 0  F        14261.22
DP   3  09 17 1  F        13771.01
DP   3  09 18 0  F        13392.93
DP   3  09 18 1  F        13404.63
DP   3  09 19 0  F        13598.13
DP   3  09 19 1  F        13705.08
DP   3  09 20 0  F        13701.37
DP   3  09 20 1  F        13647.85
DP   3  09 21 0  F        13700.98
DP   3  09 21 1  F        13967.41
DP   3  09 22 0  F        14258.75
DP   3  09 22 1  F        14376.34
DP   3  09 23 0  F        14375.33
DP   3  09 23 1  F        14374.32
DP   4  09 00 0  F        7947.93
DP   4  09 00 1  F        7910.37
DP   4  09 01 0  F        7852.99
DP   4  09 01 1  F        7765.17
DP   4  09 02 0  F        7673.17
DP   4  09 02 1  F        7601.78
DP   4  09 03 0  F        7533.04
DP   4  09 03 1  F        7447.16
DP   4  09 04 0  F        7359.77
DP   4  09 04 1  F        7291.48
DP   4  09 05 0  F        7247.49
DP   4  09 05 1  F        7218.22
DP   4  09 06 0  F        7150.22
DP   4  09 06 1  F        7006.14
DP   4  09 07 0  F        6856.73
DP   4  09 07 1  F        6786.06
DP   4  09 08 0  F        6823.46
DP   4  09 08 1  F        6967.64
DP   4  09 09 0  F        7149.57
DP   4  09 09 1  F        7298.51
DP   4  09 10 0  F        7404.58
DP   4  09 10 1  F        7474.52
DP   4  09 11 0  F        7520.71
DP   4  09 11 1  F        7549.81
DP   4  09 12 0  F        7539.89
DP   4  09 12 1  F        7482.96
DP   4  09 13 0  F        7455.23
DP   4  09 13 1  F        7527.09
DP   4  09 14 0  F        7661.38
DP   4  09 14 1  F        7799.47
DP   4  09 15 0  F        7904.42
DP   4  09 15 1  F        7951.39
DP   4  09 16 0  F        7942.14
DP   4  09 16 1  F        7883.54
DP   4  09 17 0  F        7776.05
DP   4  09 17 1  F        7622.95
DP   4  09 18 0  F        7445.01
DP   4  09 18 1  F        7279.21
DP   4  09 19 0  F        7209.75
DP   4  09 19 1  F        7293.94
DP   4  09 20 0  F        7434.24
DP   4  09 20 1  F        7525.27
DP   4  09 21 0  F        7585.18
DP   4  09 21 1  F        7652.38
DP   4  09 22 0  F        7722.94
DP   4  09 22 1  F        7785.69
DP   4  09 23 0  F        7842.85
DP   4  09 23 1  F        7900.01
DP   1  10 00 0  F        47209.88
DP   1  10 00 1  F        45846.85
DP   1  10 01 0  F        44555.27
DP   1  10 01 1  F        43399.34
DP   1  10 02 0  F        42414.47
DP   1  10 02 1  F        41618.13
DP   1  10 03 0  F        40985.00
DP   1  10 03 1  F        40492.37
DP   1  10 04 0  F        40170.78
DP   1  10 04 1  F        40038.32
DP   1  10 05 0  F        40009.84
DP   1  10 05 1  F        40005.33
DP   1  10 06 0  F        40068.36
DP   1  10 06 1  F        40310.12
DP   1  10 07 0  F        40988.81
DP   1  10 07 1  F        42292.02
DP   1  10 08 0  F        43978.03
DP   1  10 08 1  F        45716.27
DP   1  10 09 0  F        47249.99
DP   1  10 09 1  F        48413.04
DP   1  10 10 0  F        49327.91
DP   1  10 10 1  F        50129.87
DP   1  10 11 0  F        50716.60
DP   1  10 11 1  F        50978.39
DP   1  10 12 0  F        51013.35
DP   1  10 12 1  F        51003.74
DP   1  10 13 0  F        51260.60
DP   1  10 13 1  F        51995.42
DP   1  10 14 0  F        52892.75
DP   1  10 14 1  F        53578.91
DP   1  10 15 0  F        53974.16
DP   1  10 15 1  F        54099.63
DP   1  10 16 0  F        54085.93
DP   1  10 16 1  F        53978.76
DP   1  10 17 0  F        53374.74
DP   1  10 17 1  F        51974.59
DP   1  10 18 0  F        50344.36
DP   1  10 18 1  F        49190.52
DP   1  10 19 0  F        48915.98
DP   1  10 19 1  F        49635.00
DP   1  10 20 0  F        50610.88
DP   1  10 20 1  F        51108.95
DP   1  10 21 0  F        51253.77
DP   1  10 21 1  F        51289.32
DP   1  10 22 0  F        51078.24
DP   1  10 22 1  F        50466.55
DP   1  10 23 0  F        49615.20
DP   1  10 23 1  F        48763.84
DP   2  10 00 0  F        14570.03
DP   2  10 00 1  F        14079.85
DP   2  10 01 0  F        13635.40
DP   2  10 01 1  F        13269.62
DP   2  10 02 0  F        12964.06
DP   2  10 02 1  F        12695.42
DP   2  10 03 0  F        12472.26
DP   2  10 03 1  F        12305.64
DP   2  10 04 0  F        12184.78
DP   2  10 04 1  F        12098.41
DP   2  10 05 0  F        12055.32
DP   2  10 05 1  F        12060.49
DP   2  10 06 0  F        12083.78
DP   2  10 06 1  F        12127.34
DP   2  10 07 0  F        12357.62
DP   2  10 07 1  F        12907.53
DP   2  10 08 0  F        13611.67
DP   2  10 08 1  F        14260.16
DP   2  10 09 0  F        14763.61
DP   2  10 09 1  F        15090.89
DP   2  10 10 0  F        15323.27
DP   2  10 10 1  F        15554.39
DP   2  10 11 0  F        15814.96
DP   2  10 11 1  F        16069.93
DP   2  10 12 0  F        16084.28
DP   2  10 12 1  F        15727.51
DP   2  10 13 0  F        15487.26
DP   2  10 13 1  F        15807.36
DP   2  10 14 0  F        16338.19
DP   2  10 14 1  F        16640.68
DP   2  10 15 0  F        16711.22
DP   2  10 15 1  F        16652.98
DP   2  10 16 0  F        16560.74
DP   2  10 16 1  F        16494.38
DP   2  10 17 0  F        16382.44
DP   2  10 17 1  F        16128.49
DP   2  10 18 0  F        15667.30
DP   2  10 18 1  F        15036.94
DP   2  10 19 0  F        14657.51
DP   2  10 19 1  F        14872.76
DP   2  10 20 0  F        15338.92
DP   2  10 20 1  F        15647.22
DP   2  10 21 0  F        15816.16
DP   2  10 21 1  F        15937.82
DP   2  10 22 0  F        15971.01
DP   2  10 22 1  F        15867.29
DP   2  10 23 0  F        15682.11
DP   2  10 23 1  F        15496.92
DP   3  10 00 0  F        13827.38
DP   3  10 00 1  F        13591.02
DP   3  10 01 0  F        13363.43
DP   3  10 01 1  F        13154.19
DP   3  10 02 0  F        12976.21
DP   3  10 02 1  F        12835.11
DP   3  10 03 0  F        12704.23
DP   3  10 03 1  F        12565.84
DP   3  10 04 0  F        12470.58
DP   3  10 04 1  F        12446.61
DP   3  10 05 0  F        12364.01
DP   3  10 05 1  F        12109.67
DP   3  10 06 0  F        11795.52
DP   3  10 06 1  F        11578.32
DP   3  10 07 0  F        11568.86
DP   3  10 07 1  F        11827.30
DP   3  10 08 0  F        12257.23
DP   3  10 08 1  F        12729.63
DP   3  10 09 0  F        13141.54
DP   3  10 09 1  F        13422.04
DP   3  10 10 0  F        13602.50
DP   3  10 10 1  F        13734.04
DP   3  10 11 0  F        13844.77
DP   3  10 11 1  F        13936.87
DP   3  10 12 0  F        13931.77
DP   3  10 12 1  F        13785.86
DP   3  10 13 0  F        13676.16
DP   3  10 13 1  F        13770.93
DP   3  10 14 0  F        13983.06
DP   3  10 14 1  F        14179.90
DP   3  10 15 0  F        14302.15
DP   3  10 15 1  F        14322.75
DP   3  10 16 0  F        14270.15
DP   3  10 16 1  F        14159.25
DP   3  10 17 0  F        13895.34
DP   3  10 17 1  F        13439.80
DP   3  10 18 0  F        13087.90
DP   3  10 18 1  F        13104.28
DP   3  10 19 0  F        13297.28
DP   3  10 19 1  F        13417.10
DP   3  10 20 0  F        13437.88
DP   3  10 20 1  F        13411.37
DP   3  10 21 0  F        13475.64
DP   3  10 21 1  F        13724.45
DP   3  10 22 0  F        13987.65
DP   3  10 22 1  F        14086.95
DP   3  10 23 0  F        14075.40
DP   3  10 23 1  F        14063.85
DP   4  10 00 0  F        7648.89
DP   4  10 00 1  F        7603.65
DP   4  10 01 0  F        7549.92
DP   4  10 01 1  F        7482.93
DP   4  10 02 0  F        7412.81
DP   4  10 02 1  F        7348.73
DP   4  10 03 0  F        7280.88
DP   4  10 03 1  F        7200.00
DP   4  10 04 0  F        7117.84
DP   4  10 04 1  F        7050.37
DP   4  10 05 0  F        7009.30
DP   4  10 05 1  F        6991.63
DP   4  10 06 0  F        6939.57
DP   4  10 06 1  F        6810.57
DP   4  10 07 0  F        6677.73
DP   4  10 07 1  F        6627.18
DP   4  10 08 0  F        6681.46
DP   4  10 08 1  F        6832.50
DP   4  10 09 0  F        7013.20
DP   4  10 09 1  F        7156.48
DP   4  10 10 0  F        7254.33
DP   4  10 10 1  F        7314.93
DP   4  10 11 0  F        7352.20
DP   4  10 11 1  F        7374.81
DP   4  10 12 0  F        7364.70
DP   4  10 12 1  F        7314.60
DP   4  10 13 0  F        7287.20
DP   4  10 13 1  F        7342.77
DP   4  10 14 0  F        7462.10
DP   4  10 14 1  F        7603.98
DP   4  10 15 0  F        7718.60
DP   4  10 15 1  F        7765.96
DP   4  10 16 0  F        7753.81
DP   4  10 16 1  F        7697.36
DP   4  10 17 0  F        7594.11
DP   4  10 17 1  F        7445.57
DP   4  10 18 0  F        7287.02
DP   4  10 18 1  F        7164.30
DP   4  10 19 0  F        7131.51
DP   4  10 19 1  F        7216.73
DP   4  10 20 0  F        7335.74
DP   4  10 20 1  F        7403.43
DP   4  10 21 0  F        7443.48
DP   4  10 21 1  F        7496.20
DP   4  10 22 0  F        7559.45
DP   4  10 22 1  F        7622.84
DP   4  10 23 0  F        7685.14
DP   4  10 23 1  F        7747.43
DP   1  11 00 0  F        47482.87
DP   1  11 00 1  F        46128.87
DP   1  11 01 0  F        44851.98
DP   1  11 01 1  F        43716.19
DP   1  11 02 0  F        42733.12
DP   1  11 02 1  F        41905.01
DP   1  11 03 0  F        41248.84
DP   1  11 03 1  F        40779.36
DP   1  11 04 0  F        40487.62
DP   1  11 04 1  F        40349.65
DP   1  11 05 0  F        40305.00
DP   1  11 05 1  F        40301.23
DP   1  11 06 0  F        40354.32
DP   1  11 06 1  F        40547.01
DP   1  11 07 0  F        41160.50
DP   1  11 07 1  F        42409.93
DP   1  11 08 0  F        44047.70
DP   1  11 08 1  F        45727.79
DP   1  11 09 0  F        47173.22
DP   1  11 09 1  F        48213.76
DP   1  11 10 0  F        49037.20
DP   1  11 10 1  F        49832.57
DP   1  11 11 0  F        50435.92
DP   1  11 11 1  F        50668.29
DP   1  11 12 0  F        50643.83
DP   1  11 12 1  F        50574.19
DP   1  11 13 0  F        50768.02
DP   1  11 13 1  F        51429.75
DP   1  11 14 0  F        52250.09
DP   1  11 14 1  F        52865.82
DP   1  11 15 0  F        53211.79
DP   1  11 15 1  F        53314.42
DP   1  11 16 0  F        53268.59
DP   1  11 16 1  F        53100.38
DP   1  11 17 0  F        52492.43
DP   1  11 17 1  F        51214.67
DP   1  11 18 0  F        49729.62
DP   1  11 18 1  F        48640.16
DP   1  11 19 0  F        48417.84
DP   1  11 19 1  F        49247.89
DP   1  11 20 0  F        50301.53
DP   1  11 20 1  F        50754.06
DP   1  11 21 0  F        50811.25
DP   1  11 21 1  F        50813.99
DP   1  11 22 0  F        50613.14
DP   1  11 22 1  F        50021.92
DP   1  11 23 0  F        49193.07
DP   1  11 23 1  F        48364.22
DP   2  11 00 0  F        14312.84
DP   2  11 00 1  F        13860.53
DP   2  11 01 0  F        13429.13
DP   2  11 01 1  F        13040.39
DP   2  11 02 0  F        12719.49
DP   2  11 02 1  F        12480.67
DP   2  11 03 0  F        12291.06
DP   2  11 03 1  F        12117.64
DP   2  11 04 0  F        11974.00
DP   2  11 04 1  F        11881.10
DP   2  11 05 0  F        11842.75
DP   2  11 05 1  F        11850.68
DP   2  11 06 0  F        11865.50
DP   2  11 06 1  F        11883.68
DP   2  11 07 0  F        12076.26
DP   2  11 07 1  F        12583.94
DP   2  11 08 0  F        13251.45
DP   2  11 08 1  F        13876.38
DP   2  11 09 0  F        14363.96
DP   2  11 09 1  F        14675.02
DP   2  11 10 0  F        14885.32
DP   2  11 10 1  F        15088.27
DP   2  11 11 0  F        15333.06
DP   2  11 11 1  F        15599.16
DP   2  11 12 0  F        15631.51
DP   2  11 12 1  F        15272.33
DP   2  11 13 0  F        14987.60
DP   2  11 13 1  F        15217.05
DP   2  11 14 0  F        15671.84
DP   2  11 14 1  F        15966.38
DP   2  11 15 0  F        16056.91
DP   2  11 15 1  F        15999.45
DP   2  11 16 0  F        15907.42
DP   2  11 16 1  F        15865.20
DP   2  11 17 0  F        15783.63
DP   2  11 17 1  F        15551.08
DP   2  11 18 0  F        15139.70
DP   2  11 18 1  F        14611.34
DP   2  11 19 0  F        14303.00
DP   2  11 19 1  F        14483.49
DP   2  11 20 0  F        14873.92
DP   2  11 20 1  F        15143.16
DP   2  11 21 0  F        15298.90
DP   2  11 21 1  F        15405.30
DP   2  11 22 0  F        15413.66
DP   2  11 22 1  F        15274.50
DP   2  11 23 0  F        15047.86
DP   2  11 23 1  F        14821.23
DP   3  11 00 0  F        13855.00
DP   3  11 00 1  F        13608.93
DP   3  11 01 0  F        13378.30
DP   3  11 01 1  F        13175.58
DP   3  11 02 0  F        13001.21
DP   3  11 02 1  F        12851.19
DP   3  11 03 0  F        12715.70
DP   3  11 03 1  F        12591.45
DP   3  11 04 0  F        12507.17
DP   3  11 04 1  F        12470.59
DP   3  11 05 0  F        12373.45
DP   3  11 05 1  F        12124.08
DP   3  11 06 0  F        11813.02
DP   3  11 06 1  F        11575.17
DP   3  11 07 0  F        11540.52
DP   3  11 07 1  F        11788.76
DP   3  11 08 0  F        12203.43
DP   3  11 08 1  F        12636.05
DP   3  11 09 0  F        13006.40
DP   3  11 09 1  F        13268.27
DP   3  11 10 0  F        13443.39
DP   3  11 10 1  F        13568.58
DP   3  11 11 0  F        13673.28
DP   3  11 11 1  F        13764.22
DP   3  11 12 0  F        13764.64
DP   3  11 12 1  F        13630.17
DP   3  11 13 0  F        13529.37
DP   3  11 13 1  F        13623.31
DP   3  11 14 0  F        13830.15
DP   3  11 14 1  F        14024.45
DP   3  11 15 0  F        14149.06
DP   3  11 15 1  F        14177.42
DP   3  11 16 0  F        14136.81
DP   3  11 16 1  F        14040.98
DP   3  11 17 0  F        13795.44
DP   3  11 17 1  F        13361.65
DP   3  11 18 0  F        13032.98
DP   3  11 18 1  F        13070.90
DP   3  11 19 0  F        13277.42
DP   3  11 19 1  F        13397.26
DP   3  11 20 0  F        13405.57
DP   3  11 20 1  F        13359.10
DP   3  11 21 0  F        13410.70
DP   3  11 21 1  F        13665.42
DP   3  11 22 0  F        13940.94
DP   3  11 22 1  F        14044.95
DP   3  11 23 0  F        14032.31
DP   3  11 23 1  F        14019.66
DP   4  11 00 0  F        7597.02
DP   4  11 00 1  F        7545.93
DP   4  11 01 0  F        7489.54
DP   4  11 01 1  F        7425.54
DP   4  11 02 0  F        7363.63
DP   4  11 02 1  F        7310.03
DP   4  11 03 0  F        7245.27
DP   4  11 03 1  F        7153.62
DP   4  11 04 0  F        7060.00
DP   4  11 04 1  F        6993.99
DP   4  11 05 0  F        6963.06
DP   4  11 05 1  F        6955.77
DP   4  11 06 0  F        6907.26
DP   4  11 06 1  F        6771.38
DP   4  11 07 0  F        6630.31
DP   4  11 07 1  F        6578.26
DP   4  11 08 0  F        6629.39
DP   4  11 08 1  F        6766.06
DP   4  11 09 0  F        6923.50
DP   4  11 09 1  F        7040.23
DP   4  11 10 0  F        7115.08
DP   4  11 10 1  F        7161.38
DP   4  11 11 0  F        7190.12
DP   4  11 11 1  F        7205.55
DP   4  11 12 0  F        7187.36
DP   4  11 12 1  F        7128.24
DP   4  11 13 0  F        7097.56
DP   4  11 13 1  F        7159.64
DP   4  11 14 0  F        7281.89
DP   4  11 14 1  F        7410.70
DP   4  11 15 0  F        7505.17
DP   4  11 15 1  F        7538.65
DP   4  11 16 0  F        7528.70
DP   4  11 16 1  F        7495.06
DP   4  11 17 0  F        7421.90
DP   4  11 17 1  F        7295.71
DP   4  11 18 0  F        7147.57
DP   4  11 18 1  F        7024.97
DP   4  11 19 0  F        6996.14
DP   4  11 19 1  F        7099.82
DP   4  11 20 0  F        7235.82
DP   4  11 20 1  F        7302.95
DP   4  11 21 0  F        7334.76
DP   4  11 21 1  F        7384.10
DP   4  11 22 0  F        7446.05
DP   4  11 22 1  F        7505.02
DP   4  11 23 0  F        7560.62
DP   4  11 23 1  F        7616.22
DP   1  12 00 0  F        46550.77
DP   1  12 00 1  F        45231.05
DP   1  12 01 0  F        43973.53
DP   1  12 01 1  F        42837.36
DP   1  12 02 0  F        41869.54
DP   1  12 02 1  F        41099.82
DP   1  12 03 0  F        40501.22
DP   1  12 03 1  F        40044.17
DP   1  12 04 0  F        39745.59
DP   1  12 04 1  F        39619.33
DP   1  12 05 0  F        39620.52
DP   1  12 05 1  F        39700.00
DP   1  12 06 0  F        39850.24
DP   1  12 06 1  F        40124.04
DP   1  12 07 0  F        40773.73
DP   1  12 07 1  F        41987.18
DP   1  12 08 0  F        43494.75
DP   1  12 08 1  F        44954.72
DP   1  12 09 0  F        46194.59
DP   1  12 09 1  F        47129.31
DP   1  12 10 0  F        47854.62
DP   1  12 10 1  F        48466.70
DP   1  12 11 0  F        48882.89
DP   1  12 11 1  F        49011.11
DP   1  12 12 0  F        48900.30
DP   1  12 12 1  F        48681.77
DP   1  12 13 0  F        48675.27
DP   1  12 13 1  F        49111.22
DP   1  12 14 0  F        49674.37
DP   1  12 14 1  F        50008.10
DP   1  12 15 0  F        50136.12
DP   1  12 15 1  F        50144.98
DP   1  12 16 0  F        49992.52
DP   1  12 16 1  F        49611.06
DP   1  12 17 0  F        48959.82
DP   1  12 17 1  F        48052.55
DP   1  12 18 0  F        47094.31
DP   1  12 18 1  F        46370.86
DP   1  12 19 0  F        46299.30
DP   1  12 19 1  F        47093.06
DP   1  12 20 0  F        48019.51
DP   1  12 20 1  F        48340.33
DP   1  12 21 0  F        48240.48
DP   1  12 21 1  F        48036.33
DP   1  12 22 0  F        47646.54
DP   1  12 22 1  F        46950.99
DP   1  12 23 0  F        46072.25
DP   1  12 23 1  F        45193.51
DP   2  12 00 0  F        13635.68
DP   2  12 00 1  F        13162.40
DP   2  12 01 0  F        12735.12
DP   2  12 01 1  F        12387.37
DP   2  12 02 0  F        12102.69
DP   2  12 02 1  F        11857.70
DP   2  12 03 0  F        11651.46
DP   2  12 03 1  F        11488.28
DP   2  12 04 0  F        11371.14
DP   2  12 04 1  F        11302.80
DP   2  12 05 0  F        11286.38
DP   2  12 05 1  F        11318.23
DP   2  12 06 0  F        11367.44
DP   2  12 06 1  F        11435.06
DP   2  12 07 0  F        11677.54
DP   2  12 07 1  F        12217.60
DP   2  12 08 0  F        12887.63
DP   2  12 08 1  F        13479.91
DP   2  12 09 0  F        13916.54
DP   2  12 09 1  F        14179.21
DP   2  12 10 0  F        14358.23
DP   2  12 10 1  F        14550.72
DP   2  12 11 0  F        14772.65
DP   2  12 11 1  F        14973.86
DP   2  12 12 0  F        14920.96
DP   2  12 12 1  F        14487.00
DP   2  12 13 0  F        14154.05
DP   2  12 13 1  F        14365.72
DP   2  12 14 0  F        14802.62
DP   2  12 14 1  F        15057.66
DP   2  12 15 0  F        15135.80
DP   2  12 15 1  F        15131.30
DP   2  12 16 0  F        15083.66
DP   2  12 16 1  F        15011.90
DP   2  12 17 0  F        14908.08
DP   2  12 17 1  F        14745.03
DP   2  12 18 0  F        14445.77
DP   2  12 18 1  F        14006.42
DP   2  12 19 0  F        13765.55
DP   2  12 19 1  F        14000.47
DP   2  12 20 0  F        14400.99
DP   2  12 20 1  F        14609.31
DP   2  12 21 0  F        14664.52
DP   2  12 21 1  F        14672.23
DP   2  12 22 0  F        14607.07
DP   2  12 22 1  F        14431.54
DP   2  12 23 0  F        14190.52
DP   2  12 23 1  F        13949.51
DP   3  12 00 0  F        13907.37
DP   3  12 00 1  F        13662.61
DP   3  12 01 0  F        13431.16
DP   3  12 01 1  F        13225.26
DP   3  12 02 0  F        13052.92
DP   3  12 02 1  F        12914.99
DP   3  12 03 0  F        12788.02
DP   3  12 03 1  F        12655.99
DP   3  12 04 0  F        12556.92
DP   3  12 04 1  F        12510.61
DP   3  12 05 0  F        12409.91
DP   3  12 05 1  F        12161.59
DP   3  12 06 0  F        11855.07
DP   3  12 06 1  F        11621.44
DP   3  12 07 0  F        11575.76
DP   3  12 07 1  F        11789.08
DP   3  12 08 0  F        12172.37
DP   3  12 08 1  F        12601.52
DP   3  12 09 0  F        12972.03
DP   3  12 09 1  F        13212.82
DP   3  12 10 0  F        13366.91
DP   3  12 10 1  F        13494.58
DP   3  12 11 0  F        13611.06
DP   3  12 11 1  F        13705.59
DP   3  12 12 0  F        13708.52
DP   3  12 12 1  F        13583.14
DP   3  12 13 0  F        13483.15
DP   3  12 13 1  F        13556.58
DP   3  12 14 0  F        13738.26
DP   3  12 14 1  F        13920.69
DP   3  12 15 0  F        14040.45
DP   3  12 15 1  F        14060.95
DP   3  12 16 0  F        14009.15
DP   3  12 16 1  F        13902.68
DP   3  12 17 0  F        13658.30
DP   3  12 17 1  F        13245.88
DP   3  12 18 0  F        12948.69
DP   3  12 18 1  F        13015.40
DP   3  12 19 0  F        13243.17
DP   3  12 19 1  F        13374.74
DP   3  12 20 0  F        13386.89
DP   3  12 20 1  F        13337.82
DP   3  12 21 0  F        13377.39
DP   3  12 21 1  F        13610.96
DP   3  12 22 0  F        13874.17
DP   3  12 22 1  F        13990.71
DP   3  12 23 0  F        14006.17
DP   3  12 23 1  F        14021.63
DP   4  12 00 0  F        7577.40
DP   4  12 00 1  F        7534.11
DP   4  12 01 0  F        7479.39
DP   4  12 01 1  F        7407.78
DP   4  12 02 0  F        7337.78
DP   4  12 02 1  F        7284.52
DP   4  12 03 0  F        7225.62
DP   4  12 03 1  F        7140.27
DP   4  12 04 0  F        7051.38
DP   4  12 04 1  F        6986.73
DP   4  12 05 0  F        6949.90
DP   4  12 05 1  F        6928.48
DP   4  12 06 0  F        6870.15
DP   4  12 06 1  F        6739.65
DP   4  12 07 0  F        6609.58
DP   4  12 07 1  F        6563.55
DP   4  12 08 0  F        6621.24
DP   4  12 08 1  F        6771.71
DP   4  12 09 0  F        6945.46
DP   4  12 09 1  F        7075.94
DP   4  12 10 0  F        7167.01
DP   4  12 10 1  F        7237.02
DP   4  12 11 0  F        7291.98
DP   4  12 11 1  F        7329.61
DP   4  12 12 0  F        7326.70
DP   4  12 12 1  F        7275.84
DP   4  12 13 0  F        7253.69
DP   4  12 13 1  F        7332.02
DP   4  12 14 0  F        7478.92
DP   4  12 14 1  F        7637.18
DP   4  12 15 0  F        7751.97
DP   4  12 15 1  F        7785.40
DP   4  12 16 0  F        7764.94
DP   4  12 16 1  F        7721.28
DP   4  12 17 0  F        7632.62
DP   4  12 17 1  F        7479.91
DP   4  12 18 0  F        7307.50
DP   4  12 18 1  F        7175.55
DP   4  12 19 0  F        7143.87
DP   4  12 19 1  F        7240.51
DP   4  12 20 0  F        7366.84
DP   4  12 20 1  F        7425.71
DP   4  12 21 0  F        7452.70
DP   4  12 21 1  F        7501.05
DP   4  12 22 0  F        7562.12
DP   4  12 22 1  F        7616.74
DP   4  12 23 0  F        7665.66
DP   4  12 23 1  F        7714.57
DP   1  13 00 0  F        43819.17
DP   1  13 00 1  F        42557.73
DP   1  13 01 0  F        41388.91
DP   1  13 01 1  F        40382.63
DP   1  13 02 0  F        39518.05
DP   1  13 02 1  F        38763.32
DP   1  13 03 0  F        38133.60
DP   1  13 03 1  F        37651.50
DP   1  13 04 0  F        37322.63
DP   1  13 04 1  F        37131.14
DP   1  13 05 0  F        36992.36
DP   1  13 05 1  F        36817.52
DP   1  13 06 0  F        36570.29
DP   1  13 06 1  F        36296.84
DP   1  13 07 0  F        36320.97
DP   1  13 07 1  F        36905.49
DP   1  13 08 0  F        37791.76
DP   1  13 08 1  F        38656.10
DP   1  13 09 0  F        39436.08
DP   1  13 09 1  F        40128.02
DP   1  13 10 0  F        40702.08
DP   1  13 10 1  F        41126.24
DP   1  13 11 0  F        41385.93
DP   1  13 11 1  F        41490.31
DP   1  13 12 0  F        41525.95
DP   1  13 12 1  F        41572.38
DP   1  13 13 0  F        41603.83
DP   1  13 13 1  F        41577.72
DP   1  13 14 0  F        41489.82
DP   1  13 14 1  F        41357.74
DP   1  13 15 0  F        41248.21
DP   1  13 15 1  F        41223.31
DP   1  13 16 0  F        41277.49
DP   1  13 16 1  F        41384.78
DP   1  13 17 0  F        41505.14
DP   1  13 17 1  F        41624.11
DP   1  13 18 0  F        41843.55
DP   1  13 18 1  F        42298.17
DP   1  13 19 0  F        43137.69
DP   1  13 19 1  F        44363.58
DP   1  13 20 0  F        45369.22
DP   1  13 20 1  F        45582.00
DP   1  13 21 0  F        45173.43
DP   1  13 21 1  F        44456.38
DP   1  13 22 0  F        43565.16
DP   1  13 22 1  F        42581.54
DP   1  13 23 0  F        41555.67
DP   1  13 23 1  F        40529.81
DP   2  13 00 0  F        13125.79
DP   2  13 00 1  F        12655.23
DP   2  13 01 0  F        12233.71
DP   2  13 01 1  F        11895.30
DP   2  13 02 0  F        11614.22
DP   2  13 02 1  F        11358.81
DP   2  13 03 0  F        11133.67
DP   2  13 03 1  F        10952.15
DP   2  13 04 0  F        10826.24
DP   2  13 04 1  F        10758.62
DP   2  13 05 0  F        10715.85
DP   2  13 05 1  F        10659.29
DP   2  13 06 0  F        10565.33
DP   2  13 06 1  F        10451.07
DP   2  13 07 0  F        10481.37
DP   2  13 07 1  F        10785.76
DP   2  13 08 0  F        11204.80
DP   2  13 08 1  F        11549.59
DP   2  13 09 0  F        11802.54
DP   2  13 09 1  F        11991.05
DP   2  13 10 0  F        12151.14
DP   2  13 10 1  F        12318.17
DP   2  13 11 0  F        12516.24
DP   2  13 11 1  F        12734.22
DP   2  13 12 0  F        12831.23
DP   2  13 12 1  F        12708.54
DP   2  13 13 0  F        12565.64
DP   2  13 13 1  F        12603.61
DP   2  13 14 0  F        12731.68
DP   2  13 14 1  F        12815.91
DP   2  13 15 0  F        12841.42
DP   2  13 15 1  F        12829.65
DP   2  13 16 0  F        12828.06
DP   2  13 16 1  F        12878.73
DP   2  13 17 0  F        12975.98
DP   2  13 17 1  F        13089.25
DP   2  13 18 0  F        13136.09
DP   2  13 18 1  F        13087.13
DP   2  13 19 0  F        13177.15
DP   2  13 19 1  F        13592.51
DP   2  13 20 0  F        14061.82
DP   2  13 20 1  F        14281.33
DP   2  13 21 0  F        14275.58
DP   2  13 21 1  F        14137.74
DP   2  13 22 0  F        13907.27
DP   2  13 22 1  F        13611.39
DP   2  13 23 0  F        13282.19
DP   2  13 23 1  F        12953.00
DP   3  13 00 0  F        13782.42
DP   3  13 00 1  F        13594.57
DP   3  13 01 0  F        13402.44
DP   3  13 01 1  F        13207.88
DP   3  13 02 0  F        13037.22
DP   3  13 02 1  F        12909.43
DP   3  13 03 0  F        12789.62
DP   3  13 03 1  F        12649.53
DP   3  13 04 0  F        12541.34
DP   3  13 04 1  F        12497.32
DP   3  13 05 0  F        12389.62
DP   3  13 05 1  F        12103.06
DP   3  13 06 0  F        11733.39
DP   3  13 06 1  F        11419.18
DP   3  13 07 0  F        11259.59
DP   3  13 07 1  F        11311.06
DP   3  13 08 0  F        11498.62
DP   3  13 08 1  F        11720.32
DP   3  13 09 0  F        11897.47
DP   3  13 09 1  F        11982.87
DP   3  13 10 0  F        12031.83
DP   3  13 10 1  F        12106.72
DP   3  13 11 0  F        12195.76
DP   3  13 11 1  F        12267.44
DP   3  13 12 0  F        12285.60
DP   3  13 12 1  F        12235.06
DP   3  13 13 0  F        12188.96
DP   3  13 13 1  F        12215.65
DP   3  13 14 0  F        12275.93
DP   3  13 14 1  F        12316.55
DP   3  13 15 0  F        12335.71
DP   3  13 15 1  F        12340.04
DP   3  13 16 0  F        12318.36
DP   3  13 16 1  F        12260.55
DP   3  13 17 0  F        12178.66
DP   3  13 17 1  F        12124.29
DP   3  13 18 0  F        12285.19
DP   3  13 18 1  F        12777.54
DP   3  13 19 0  F        13295.11
DP   3  13 19 1  F        13523.51
DP   3  13 20 0  F        13538.15
DP   3  13 20 1  F        13493.33
DP   3  13 21 0  F        13469.10
DP   3  13 21 1  F        13504.05
DP   3  13 22 0  F        13545.26
DP   3  13 22 1  F        13535.35
DP   3  13 23 0  F        13490.66
DP   3  13 23 1  F        13445.97
DP   4  13 00 0  F        7578.53
DP   4  13 00 1  F        7547.21
DP   4  13 01 0  F        7509.58
DP   4  13 01 1  F        7461.16
DP   4  13 02 0  F        7404.58
DP   4  13 02 1  F        7343.05
DP   4  13 03 0  F        7274.67
DP   4  13 03 1  F        7198.34
DP   4  13 04 0  F        7121.03
DP   4  13 04 1  F        7052.76
DP   4  13 05 0  F        7007.65
DP   4  13 05 1  F        6985.74
DP   4  13 06 0  F        6926.73
DP   4  13 06 1  F        6784.19
DP   4  13 07 0  F        6627.65
DP   4  13 07 1  F        6536.65
DP   4  13 08 0  F        6515.09
DP   4  13 08 1  F        6543.95
DP   4  13 09 0  F        6588.14
DP   4  13 09 1  F        6617.78
DP   4  13 10 0  F        6639.72
DP   4  13 10 1  F        6665.50
DP   4  13 11 0  F        6688.83
DP   4  13 11 1  F        6699.37
DP   4  13 12 0  F        6688.62
DP   4  13 12 1  F        6657.30
DP   4  13 13 0  F        6641.02
DP   4  13 13 1  F        6672.20
DP   4  13 14 0  F        6735.62
DP   4  13 14 1  F        6805.03
DP   4  13 15 0  F        6858.00
DP   4  13 15 1  F        6878.23
DP   4  13 16 0  F        6870.20
DP   4  13 16 1  F        6841.50
DP   4  13 17 0  F        6791.29
DP   4  13 17 1  F        6726.76
DP   4  13 18 0  F        6695.48
DP   4  13 18 1  F        6743.11
DP   4  13 19 0  F        6867.25
DP   4  13 19 1  F        7041.55
DP   4  13 20 0  F        7191.83
DP   4  13 20 1  F        7255.86
DP   4  13 21 0  F        7267.08
DP   4  13 21 1  F        7273.60
DP   4  13 22 0  F        7286.66
DP   4  13 22 1  F        7307.24
DP   4  13 23 0  F        7332.10
DP   4  13 23 1  F        7356.95
DP   1  14 00 0  F        39609.84
DP   1  14 00 1  F        38495.80
DP   1  14 01 0  F        37462.12
DP   1  14 01 1  F        36569.40
DP   1  14 02 0  F        35799.14
DP   1  14 02 1  F        35121.65
DP   1  14 03 0  F        34541.45
DP   1  14 03 1  F        34072.82
DP   1  14 04 0  F        33734.82
DP   1  14 04 1  F        33521.29
DP   1  14 05 0  F        33320.31
DP   1  14 05 1  F        33018.61
DP   1  14 06 0  F        32603.05
DP   1  14 06 1  F        32137.50
DP   1  14 07 0  F        31893.48
DP   1  14 07 1  F        32097.34
DP   1  14 08 0  F        32587.16
DP   1  14 08 1  F        33141.55
DP   1  14 09 0  F        33689.52
DP   1  14 09 1  F        34206.02
DP   1  14 10 0  F        34699.27
DP   1  14 10 1  F        35179.66
DP   1  14 11 0  F        35633.22
DP   1  14 11 1  F        36039.60
DP   1  14 12 0  F        36377.48
DP   1  14 12 1  F        36623.10
DP   1  14 13 0  F        36743.93
DP   1  14 13 1  F        36724.27
DP   1  14 14 0  F        36624.42
DP   1  14 14 1  F        36521.65
DP   1  14 15 0  F        36485.12
DP   1  14 15 1  F        36574.29
DP   1  14 16 0  F        36817.93
DP   1  14 16 1  F        37221.37
DP   1  14 17 0  F        37726.84
DP   1  14 17 1  F        38269.89
DP   1  14 18 0  F        38822.45
DP   1  14 18 1  F        39415.09
DP   1  14 19 0  F        40276.73
DP   1  14 19 1  F        41523.39
DP   1  14 20 0  F        42621.07
DP   1  14 20 1  F        43046.93
DP   1  14 21 0  F        42972.57
DP   1  14 21 1  F        42682.11
DP   1  14 22 0  F        42215.34
DP   1  14 22 1  F        41571.01
DP   1  14 23 0  F        40827.88
DP   1  14 23 1  F        40084.74
DP   2  14 00 0  F        12157.34
DP   2  14 00 1  F        11761.11
DP   2  14 01 0  F        11397.74
DP   2  14 01 1  F        11091.49
DP   2  14 02 0  F        10832.37
DP   2  14 02 1  F        10603.97
DP   2  14 03 0  F        10398.31
DP   2  14 03 1  F        10213.80
DP   2  14 04 0  F        10065.79
DP   2  14 04 1  F        9962.61
DP   2  14 05 0  F        9867.26
DP   2  14 05 1  F        9735.82
DP   2  14 06 0  F        9541.87
DP   2  14 06 1  F        9299.87
DP   2  14 07 0  F        9170.29
DP   2  14 07 1  F        9283.17
DP   2  14 08 0  F        9500.73
DP   2  14 08 1  F        9663.25
DP   2  14 09 0  F        9791.04
DP   2  14 09 1  F        9939.57
DP   2  14 10 0  F        10124.93
DP   2  14 10 1  F        10350.64
DP   2  14 11 0  F        10609.16
DP   2  14 11 1  F        10873.68
DP   2  14 12 0  F        11051.46
DP   2  14 12 1  F        11075.40
DP   2  14 13 0  F        11046.99
DP   2  14 13 1  F        11076.72
DP   2  14 14 0  F        11142.42
DP   2  14 14 1  F        11200.00
DP   2  14 15 0  F        11250.47
DP   2  14 15 1  F        11305.39
DP   2  14 16 0  F        11373.45
DP   2  14 16 1  F        11467.24
DP   2  14 17 0  F        11617.70
DP   2  14 17 1  F        11835.48
DP   2  14 18 0  F        12031.83
DP   2  14 18 1  F        12152.81
DP   2  14 19 0  F        12383.00
DP   2  14 19 1  F        12873.91
DP   2  14 20 0  F        13406.08
DP   2  14 20 1  F        13730.81
DP   2  14 21 0  F        13853.41
DP   2  14 21 1  F        13837.53
DP   2  14 22 0  F        13726.21
DP   2  14 22 1  F        13555.82
DP   2  14 23 0  F        13356.65
DP   2  14 23 1  F        13157.48
DP   3  14 00 0  F        13506.35
DP   3  14 00 1  F        13328.54
DP   3  14 01 0  F        13155.47
DP   3  14 01 1  F        12991.49
DP   3  14 02 0  F        12839.33
DP   3  14 02 1  F        12698.96
DP   3  14 03 0  F        12560.80
DP   3  14 03 1  F        12421.96
DP   3  14 04 0  F        12315.93
DP   3  14 04 1  F        12253.78
DP   3  14 05 0  F        12120.53
DP   3  14 05 1  F        11815.70
DP   3  14 06 0  F        11422.90
DP   3  14 06 1  F        11064.57
DP   3  14 07 0  F        10834.44
DP   3  14 07 1  F        10786.18
DP   3  14 08 0  F        10841.72
DP   3  14 08 1  F        10907.47
DP   3  14 09 0  F        10959.43
DP   3  14 09 1  F        10994.67
DP   3  14 10 0  F        11024.84
DP   3  14 10 1  F        11064.68
DP   3  14 11 0  F        11126.72
DP   3  14 11 1  F        11212.85
DP   3  14 12 0  F        11284.75
DP   3  14 12 1  F        11309.89
DP   3  14 13 0  F        11319.05
DP   3  14 13 1  F        11348.37
DP   3  14 14 0  F        11391.95
DP   3  14 14 1  F        11434.91
DP   3  14 15 0  F        11468.49
DP   3  14 15 1  F        11488.75
DP   3  14 16 0  F        11504.91
DP   3  14 16 1  F        11521.58
DP   3  14 17 0  F        11511.62
DP   3  14 17 1  F        11490.24
DP   3  14 18 0  F        11673.62
DP   3  14 18 1  F        12210.51
DP   3  14 19 0  F        12779.06
DP   3  14 19 1  F        13046.37
DP   3  14 20 0  F        13105.98
DP   3  14 20 1  F        13128.85
DP   3  14 21 0  F        13169.21
DP   3  14 21 1  F        13240.50
DP   3  14 22 0  F        13309.72
DP   3  14 22 1  F        13343.58
DP   3  14 23 0  F        13354.08
DP   3  14 23 1  F        13364.59
DP   4  14 00 0  F        7143.87
DP   4  14 00 1  F        7107.57
DP   4  14 01 0  F        7067.77
DP   4  14 01 1  F        7022.44
DP   4  14 02 0  F        6975.47
DP   4  14 02 1  F        6930.21
DP   4  14 03 0  F        6882.14
DP   4  14 03 1  F        6826.56
DP   4  14 04 0  F        6765.78
DP   4  14 04 1  F        6705.87
DP   4  14 05 0  F        6660.79
DP   4  14 05 1  F        6633.62
DP   4  14 06 0  F        6576.26
DP   4  14 06 1  F        6449.13
DP   4  14 07 0  F        6298.24
DP   4  14 07 1  F        6177.68
DP   4  14 08 0  F        6088.57
DP   4  14 08 1  F        6020.81
DP   4  14 09 0  F        5972.36
DP   4  14 09 1  F        5940.31
DP   4  14 10 0  F        5910.01
DP   4  14 10 1  F        5871.81
DP   4  14 11 0  F        5847.55
DP   4  14 11 1  F        5856.17
DP   4  14 12 0  F        5873.50
DP   4  14 12 1  F        5875.64
DP   4  14 13 0  F        5882.84
DP   4  14 13 1  F        5918.26
DP   4  14 14 0  F        5972.42
DP   4  14 14 1  F        6029.81
DP   4  14 15 0  F        6083.23
DP   4  14 15 1  F        6128.15
DP   4  14 16 0  F        6162.24
DP   4  14 16 1  F        6183.55
DP   4  14 17 0  F        6189.45
DP   4  14 17 1  F        6186.61
DP   4  14 18 0  F        6219.79
DP   4  14 18 1  F        6329.21
DP   4  14 19 0  F        6498.94
DP   4  14 19 1  F        6691.98
DP   4  14 20 0  F        6843.37
DP   4  14 20 1  F        6905.51
DP   4  14 21 0  F        6928.25
DP   4  14 21 1  F        6969.62
DP   4  14 22 0  F        7022.84
DP   4  14 22 1  F        7069.72
DP   4  14 23 0  F        7111.05
DP   4  14 23 1  F        7152.39
