&   CARGA
&
&   ss  di hi m df hf m Demanda
&X  XX  XX XX X XX XX X XXXXXXXXXX
DP   1  04 00 0  F        42489.95
DP   1  04 00 1  F        41176.04
DP   1  04 01 0  F        39958.95
DP   1  04 01 1  F        38919.24
DP   1  04 02 0  F        38072.53
DP   1  04 02 1  F        37407.46
DP   1  04 03 0  F        36869.74
DP   1  04 03 1  F        36427.62
DP   1  04 04 0  F        36182.44
DP   1  04 04 1  F        36203.97
DP   1  04 05 0  F        36302.62
DP   1  04 05 1  F        36305.00
DP   1  04 06 0  F        36361.88
DP   1  04 06 1  F        36688.16
DP   1  04 07 0  F        37430.80
DP   1  04 07 1  F        38644.72
DP   1  04 08 0  F        40084.52
DP   1  04 08 1  F        41460.71
DP   1  04 09 0  F        42607.61
DP   1  04 09 1  F        43440.02
DP   1  04 10 0  F        44070.58
DP   1  04 10 1  F        44617.34
DP   1  04 11 0  F        45022.01
DP   1  04 11 1  F        45213.03
DP   1  04 12 0  F        45241.96
DP   1  04 12 1  F        45220.78
DP   1  04 13 0  F        45380.06
DP   1  04 13 1  F        45877.39
DP   1  04 14 0  F        46459.94
DP   1  04 14 1  F        46855.94
DP   1  04 15 0  F        47128.30
DP   1  04 15 1  F        47389.66
DP   1  04 16 0  F        47616.79
DP   1  04 16 1  F        47715.72
DP   1  04 17 0  F        47445.36
DP   1  04 17 1  F        46662.09
DP   1  04 18 0  F        45759.45
DP   1  04 18 1  F        45236.90
DP   1  04 19 0  F        45480.41
DP   1  04 19 1  F        46599.47
DP   1  04 20 0  F        47711.31
DP   1  04 20 1  F        47972.90
DP   1  04 21 0  F        47692.72
DP   1  04 21 1  F        47328.91
DP   1  04 22 0  F        46786.88
DP   1  04 22 1  F        45906.91
DP   1  04 23 0  F        44821.44
DP   1  04 23 1  F        43735.97
DP   2  04 00 0  F        11942.56
DP   2  04 00 1  F        11496.79
DP   2  04 01 0  F        11099.48
DP   2  04 01 1  F        10786.24
DP   2  04 02 0  F        10541.40
DP   2  04 02 1  F        10341.96
DP   2  04 03 0  F        10186.93
DP   2  04 03 1  F        10079.52
DP   2  04 04 0  F        10017.69
DP   2  04 04 1  F        9998.68
DP   2  04 05 0  F        10022.09
DP   2  04 05 1  F        10088.93
DP   2  04 06 0  F        10203.67
DP   2  04 06 1  F        10389.79
DP   2  04 07 0  F        10743.46
DP   2  04 07 1  F        11322.75
DP   2  04 08 0  F        11960.72
DP   2  04 08 1  F        12470.03
DP   2  04 09 0  F        12806.88
DP   2  04 09 1  F        12988.22
DP   2  04 10 0  F        13130.59
DP   2  04 10 1  F        13340.91
DP   2  04 11 0  F        13587.96
DP   2  04 11 1  F        13779.29
DP   2  04 12 0  F        13715.45
DP   2  04 12 1  F        13303.13
DP   2  04 13 0  F        12980.50
DP   2  04 13 1  F        13150.94
DP   2  04 14 0  F        13547.15
DP   2  04 14 1  F        13815.72
DP   2  04 15 0  F        13929.28
DP   2  04 15 1  F        13950.13
DP   2  04 16 0  F        13973.14
DP   2  04 16 1  F        14063.22
DP   2  04 17 0  F        14133.05
DP   2  04 17 1  F        14075.23
DP   2  04 18 0  F        13854.46
DP   2  04 18 1  F        13510.66
DP   2  04 19 0  F        13312.55
DP   2  04 19 1  F        13477.71
DP   2  04 20 0  F        13790.13
DP   2  04 20 1  F        13986.18
DP   2  04 21 0  F        14045.36
DP   2  04 21 1  F        14001.80
DP   2  04 22 0  F        13864.94
DP   2  04 22 1  F        13645.04
DP   2  04 23 0  F        13380.14
DP   2  04 23 1  F        13115.24
DP   3  04 00 0  F        13895.07
DP   3  04 00 1  F        13653.35
DP   3  04 01 0  F        13430.86
DP   3  04 01 1  F        13241.59
DP   3  04 02 0  F        13078.41
DP   3  04 02 1  F        12930.39
DP   3  04 03 0  F        12792.50
DP   3  04 03 1  F        12666.42
DP   3  04 04 0  F        12574.90
DP   3  04 04 1  F        12521.08
DP   3  04 05 0  F        12408.71
DP   3  04 05 1  F        12156.46
DP   3  04 06 0  F        11842.05
DP   3  04 06 1  F        11584.57
DP   3  04 07 0  F        11509.50
DP   3  04 07 1  F        11697.81
DP   3  04 08 0  F        12046.04
DP   3  04 08 1  F        12419.37
DP   3  04 09 0  F        12742.00
DP   3  04 09 1  F        12969.31
DP   3  04 10 0  F        13122.47
DP   3  04 10 1  F        13236.35
DP   3  04 11 0  F        13334.90
DP   3  04 11 1  F        13422.25
DP   3  04 12 0  F        13434.31
DP   3  04 12 1  F        13334.69
DP   3  04 13 0  F        13266.31
DP   3  04 13 1  F        13365.62
DP   3  04 14 0  F        13563.79
DP   3  04 14 1  F        13753.79
DP   3  04 15 0  F        13881.00
DP   3  04 15 1  F        13917.55
DP   3  04 16 0  F        13890.37
DP   3  04 16 1  F        13814.27
DP   3  04 17 0  F        13600.74
DP   3  04 17 1  F        13213.25
DP   3  04 18 0  F        12926.33
DP   3  04 18 1  F        12985.65
DP   3  04 19 0  F        13210.20
DP   3  04 19 1  F        13362.12
DP   3  04 20 0  F        13402.62
DP   3  04 20 1  F        13371.30
DP   3  04 21 0  F        13422.06
DP   3  04 21 1  F        13667.71
DP   3  04 22 0  F        13942.43
DP   3  04 22 1  F        14067.19
DP   3  04 23 0  F        14088.74
DP   3  04 23 1  F        14110.30
DP   4  04 00 0  F        7427.14
DP   4  04 00 1  F        7377.22
DP   4  04 01 0  F        7326.41
DP   4  04 01 1  F        7273.02
DP   4  04 02 0  F        7212.13
DP   4  04 02 1  F        7140.27
DP   4  04 03 0  F        7062.93
DP   4  04 03 1  F        6987.10
DP   4  04 04 0  F        6916.88
DP   4  04 04 1  F        6856.52
DP   4  04 05 0  F        6814.04
DP   4  04 05 1  F        6786.85
DP   4  04 06 0  F        6726.20
DP   4  04 06 1  F        6596.46
DP   4  04 07 0  F        6460.55
DP   4  04 07 1  F        6393.64
DP   4  04 08 0  F        6421.20
DP   4  04 08 1  F        6540.11
DP   4  04 09 0  F        6682.49
DP   4  04 09 1  F        6781.59
DP   4  04 10 0  F        6839.91
DP   4  04 10 1  F        6875.12
DP   4  04 11 0  F        6896.45
DP   4  04 11 1  F        6906.96
DP   4  04 12 0  F        6893.44
DP   4  04 12 1  F        6851.78
DP   4  04 13 0  F        6830.53
DP   4  04 13 1  F        6875.86
DP   4  04 14 0  F        6971.67
DP   4  04 14 1  F        7084.49
DP   4  04 15 0  F        7173.52
DP   4  04 15 1  F        7207.36
DP   4  04 16 0  F        7199.40
DP   4  04 16 1  F        7166.47
DP   4  04 17 0  F        7094.40
DP   4  04 17 1  F        6971.90
DP   4  04 18 0  F        6830.13
DP   4  04 18 1  F        6714.40
DP   4  04 19 0  F        6684.09
DP   4  04 19 1  F        6773.02
DP   4  04 20 0  F        6898.66
DP   4  04 20 1  F        6976.19
DP   4  04 21 0  F        7027.91
DP   4  04 21 1  F        7092.34
DP   4  04 22 0  F        7165.65
DP   4  04 22 1  F        7236.32
DP   4  04 23 0  F        7304.23
DP   4  04 23 1  F        7372.14
