&   CARGA
&
&   ss  di hi m df hf m Demanda
&X  XX  XX XX X XX XX X XXXXXXXXXX
DP   1  02 00 0  F        39831.76
DP   1  02 00 1  F        38614.84
DP   1  02 01 0  F        37487.93
DP   1  02 01 1  F        36529.61
DP   1  02 02 0  F        35772.85
DP   1  02 02 1  F        35221.58
DP   1  02 03 0  F        34809.39
DP   1  02 03 1  F        34478.40
DP   1  02 04 0  F        34275.33
DP   1  02 04 1  F        34242.13
DP   1  02 05 0  F        34297.22
DP   1  02 05 1  F        34366.64
DP   1  02 06 0  F        34530.64
DP   1  02 06 1  F        34915.46
DP   1  02 07 0  F        35677.15
DP   1  02 07 1  F        36894.56
DP   1  02 08 0  F        38307.80
DP   1  02 08 1  F        39621.56
DP   1  02 09 0  F        40737.39
DP   1  02 09 1  F        41629.81
DP   1  02 10 0  F        42368.17
DP   1  02 10 1  F        43018.78
DP   1  02 11 0  F        43540.84
DP   1  02 11 1  F        43885.85
DP   1  02 12 0  F        44081.55
DP   1  02 12 1  F        44199.68
DP   1  02 13 0  F        44411.88
DP   1  02 13 1  F        44848.94
DP   1  02 14 0  F        45378.57
DP   1  02 14 1  F        45834.08
DP   1  02 15 0  F        46174.49
DP   1  02 15 1  F        46408.54
DP   1  02 16 0  F        46618.23
DP   1  02 16 1  F        46810.90
DP   1  02 17 0  F        46622.02
DP   1  02 17 1  F        45788.80
DP   1  02 18 0  F        44827.34
DP   1  02 18 1  F        44367.13
DP   1  02 19 0  F        44712.35
DP   1  02 19 1  F        45877.69
DP   1  02 20 0  F        47045.27
DP   1  02 20 1  F        47443.01
DP   1  02 21 0  F        47314.49
DP   1  02 21 1  F        47044.29
DP   1  02 22 0  F        46565.35
DP   1  02 22 1  F        45760.13
DP   1  02 23 0  F        44760.56
DP   1  02 23 1  F        43761.00
DP   2  02 00 0  F        13168.40
DP   2  02 00 1  F        12659.55
DP   2  02 01 0  F        12212.63
DP   2  02 01 1  F        11870.36
DP   2  02 02 0  F        11598.57
DP   2  02 02 1  F        11357.62
DP   2  02 03 0  F        11163.01
DP   2  02 03 1  F        11035.40
DP   2  02 04 0  F        10961.19
DP   2  02 04 1  F        10920.40
DP   2  02 05 0  F        10902.03
DP   2  02 05 1  F        10906.36
DP   2  02 06 0  F        10970.10
DP   2  02 06 1  F        11145.32
DP   2  02 07 0  F        11509.15
DP   2  02 07 1  F        12101.29
DP   2  02 08 0  F        12786.71
DP   2  02 08 1  F        13405.88
DP   2  02 09 0  F        13876.19
DP   2  02 09 1  F        14168.16
DP   2  02 10 0  F        14388.23
DP   2  02 10 1  F        14651.50
DP   2  02 11 0  F        14971.95
DP   2  02 11 1  F        15289.86
DP   2  02 12 0  F        15351.88
DP   2  02 12 1  F        15015.30
DP   2  02 13 0  F        14773.52
DP   2  02 13 1  F        15082.97
DP   2  02 14 0  F        15615.99
DP   2  02 14 1  F        15950.98
DP   2  02 15 0  F        16074.62
DP   2  02 15 1  F        16076.47
DP   2  02 16 0  F        16049.22
DP   2  02 16 1  F        16051.46
DP   2  02 17 0  F        16002.34
DP   2  02 17 1  F        15798.87
DP   2  02 18 0  F        15389.04
DP   2  02 18 1  F        14811.64
DP   2  02 19 0  F        14417.62
DP   2  02 19 1  F        14502.36
DP   2  02 20 0  F        14826.81
DP   2  02 20 1  F        15081.20
DP   2  02 21 0  F        15207.35
DP   2  02 21 1  F        15213.71
DP   2  02 22 0  F        15123.70
DP   2  02 22 1  F        14965.71
DP   2  02 23 0  F        14773.11
DP   2  02 23 1  F        14580.51
DP   3  02 00 0  F        14067.94
DP   3  02 00 1  F        13860.01
DP   3  02 01 0  F        13650.74
DP   3  02 01 1  F        13443.67
DP   3  02 02 0  F        13261.68
DP   3  02 02 1  F        13121.47
DP   3  02 03 0  F        12995.50
DP   3  02 03 1  F        12861.05
DP   3  02 04 0  F        12758.93
DP   3  02 04 1  F        12710.65
DP   3  02 05 0  F        12596.81
DP   3  02 05 1  F        12316.01
DP   3  02 06 0  F        11979.50
DP   3  02 06 1  F        11739.01
DP   3  02 07 0  F        11695.56
DP   3  02 07 1  F        11902.67
DP   3  02 08 0  F        12274.55
DP   3  02 08 1  F        12694.13
DP   3  02 09 0  F        13058.24
DP   3  02 09 1  F        13295.97
DP   3  02 10 0  F        13451.30
DP   3  02 10 1  F        13584.83
DP   3  02 11 0  F        13708.63
DP   3  02 11 1  F        13808.92
DP   3  02 12 0  F        13817.10
DP   3  02 12 1  F        13700.94
DP   3  02 13 0  F        13628.42
DP   3  02 13 1  F        13754.14
DP   3  02 14 0  F        13978.77
DP   3  02 14 1  F        14166.45
DP   3  02 15 0  F        14289.07
DP   3  02 15 1  F        14347.12
DP   3  02 16 0  F        14347.87
DP   3  02 16 1  F        14277.70
DP   3  02 17 0  F        14032.83
DP   3  02 17 1  F        13576.78
DP   3  02 18 0  F        13232.53
DP   3  02 18 1  F        13286.27
DP   3  02 19 0  F        13517.72
DP   3  02 19 1  F        13646.64
DP   3  02 20 0  F        13659.46
DP   3  02 20 1  F        13627.82
DP   3  02 21 0  F        13697.72
DP   3  02 21 1  F        13966.24
DP   3  02 22 0  F        14260.44
DP   3  02 22 1  F        14397.87
DP   3  02 23 0  F        14427.94
DP   3  02 23 1  F        14458.01
DP   4  02 00 0  F        7651.88
DP   4  02 00 1  F        7618.62
DP   4  02 01 0  F        7568.93
DP   4  02 01 1  F        7493.38
DP   4  02 02 0  F        7410.37
DP   4  02 02 1  F        7337.92
DP   4  02 03 0  F        7264.55
DP   4  02 03 1  F        7178.53
DP   4  02 04 0  F        7096.36
DP   4  02 04 1  F        7036.39
DP   4  02 05 0  F        6996.04
DP   4  02 05 1  F        6959.73
DP   4  02 06 0  F        6880.89
DP   4  02 06 1  F        6731.06
DP   4  02 07 0  F        6585.36
DP   4  02 07 1  F        6529.87
DP   4  02 08 0  F        6591.06
DP   4  02 08 1  F        6760.58
DP   4  02 09 0  F        6950.29
DP   4  02 09 1  F        7077.78
DP   4  02 10 0  F        7163.11
DP   4  02 10 1  F        7240.42
DP   4  02 11 0  F        7297.41
DP   4  02 11 1  F        7315.52
DP   4  02 12 0  F        7297.32
DP   4  02 12 1  F        7260.55
DP   4  02 13 0  F        7262.22
DP   4  02 13 1  F        7349.94
DP   4  02 14 0  F        7494.22
DP   4  02 14 1  F        7647.15
DP   4  02 15 0  F        7764.14
DP   4  02 15 1  F        7813.25
DP   4  02 16 0  F        7809.80
DP   4  02 16 1  F        7772.07
DP   4  02 17 0  F        7683.07
DP   4  02 17 1  F        7528.27
DP   4  02 18 0  F        7338.23
DP   4  02 18 1  F        7165.13
DP   4  02 19 0  F        7102.44
DP   4  02 19 1  F        7209.28
DP   4  02 20 0  F        7365.98
DP   4  02 20 1  F        7449.05
DP   4  02 21 0  F        7498.40
DP   4  02 21 1  F        7575.11
DP   4  02 22 0  F        7661.29
DP   4  02 22 1  F        7727.93
DP   4  02 23 0  F        7780.50
DP   4  02 23 1  F        7833.07
