&   CARGA
&
&   ss  di hi m df hf m Demanda
&X  XX  XX XX X XX XX X XXXXXXXXXX
DP   1  08 00 0  F        39591.32
DP   1  08 00 1  F        38624.23
DP   1  08 01 0  F        37670.90
DP   1  08 01 1  F        36762.10
DP   1  08 02 0  F        35996.59
DP   1  08 02 1  F        35453.60
DP   1  08 03 0  F        35066.35
DP   1  08 03 1  F        34761.19
DP   1  08 04 0  F        34583.10
DP   1  08 04 1  F        34577.31
DP   1  08 05 0  F        34671.26
DP   1  08 05 1  F        34805.46
DP   1  08 06 0  F        35090.48
DP   1  08 06 1  F        35671.77
DP   1  08 07 0  F        36664.33
DP   1  08 07 1  F        38109.70
DP   1  08 08 0  F        39786.22
DP   1  08 08 1  F        41430.29
DP   1  08 09 0  F        42873.92
DP   1  08 09 1  F        44020.79
DP   1  08 10 0  F        44965.78
DP   1  08 10 1  F        45803.46
DP   1  08 11 0  F        46435.89
DP   1  08 11 1  F        46760.16
DP   1  08 12 0  F        46845.91
DP   1  08 12 1  F        46840.94
DP   1  08 13 0  F        47033.24
DP   1  08 13 1  F        47625.19
DP   1  08 14 0  F        48336.48
DP   1  08 14 1  F        48848.52
DP   1  08 15 0  F        49172.15
DP   1  08 15 1  F        49394.64
DP   1  08 16 0  F        49579.56
DP   1  08 16 1  F        49696.55
DP   1  08 17 0  F        49363.36
DP   1  08 17 1  F        48303.65
DP   1  08 18 0  F        47016.67
DP   1  08 18 1  F        46144.71
DP   1  08 19 0  F        46126.62
DP   1  08 19 1  F        47107.42
DP   1  08 20 0  F        48260.09
DP   1  08 20 1  F        48770.35
DP   1  08 21 0  F        48846.88
DP   1  08 21 1  F        48827.52
DP   1  08 22 0  F        48543.98
DP   1  08 22 1  F        47797.14
DP   1  08 23 0  F        46770.79
DP   1  08 23 1  F        45744.44
DP   2  08 00 0  F        12860.13
DP   2  08 00 1  F        12502.37
DP   2  08 01 0  F        12172.92
DP   2  08 01 1  F        11893.86
DP   2  08 02 0  F        11662.33
DP   2  08 02 1  F        11469.04
DP   2  08 03 0  F        11304.04
DP   2  08 03 1  F        11163.59
DP   2  08 04 0  F        11069.41
DP   2  08 04 1  F        11043.18
DP   2  08 05 0  F        11081.00
DP   2  08 05 1  F        11169.34
DP   2  08 06 0  F        11281.92
DP   2  08 06 1  F        11426.17
DP   2  08 07 0  F        11757.16
DP   2  08 07 1  F        12398.10
DP   2  08 08 0  F        13197.24
DP   2  08 08 1  F        13955.02
DP   2  08 09 0  F        14555.54
DP   2  08 09 1  F        14943.91
DP   2  08 10 0  F        15225.61
DP   2  08 10 1  F        15516.84
DP   2  08 11 0  F        15816.12
DP   2  08 11 1  F        16055.08
DP   2  08 12 0  F        16015.29
DP   2  08 12 1  F        15602.07
DP   2  08 13 0  F        15365.77
DP   2  08 13 1  F        15790.00
DP   2  08 14 0  F        16446.40
DP   2  08 14 1  F        16816.09
DP   2  08 15 0  F        16930.11
DP   2  08 15 1  F        16937.80
DP   2  08 16 0  F        16911.93
DP   2  08 16 1  F        16880.20
DP   2  08 17 0  F        16766.73
DP   2  08 17 1  F        16474.85
DP   2  08 18 0  F        15928.29
DP   2  08 18 1  F        15161.66
DP   2  08 19 0  F        14632.57
DP   2  08 19 1  F        14722.22
DP   2  08 20 0  F        15083.21
DP   2  08 20 1  F        15298.37
DP   2  08 21 0  F        15400.04
DP   2  08 21 1  F        15492.26
DP   2  08 22 0  F        15516.25
DP   2  08 22 1  F        15403.11
DP   2  08 23 0  F        15206.13
DP   2  08 23 1  F        15009.15
DP   3  08 00 0  F        13431.38
DP   3  08 00 1  F        13230.28
DP   3  08 01 0  F        13036.87
DP   3  08 01 1  F        12859.27
DP   3  08 02 0  F        12707.31
DP   3  08 02 1  F        12585.35
DP   3  08 03 0  F        12474.15
DP   3  08 03 1  F        12359.70
DP   3  08 04 0  F        12272.42
DP   3  08 04 1  F        12225.50
DP   3  08 05 0  F        12118.64
DP   3  08 05 1  F        11868.32
DP   3  08 06 0  F        11571.82
DP   3  08 06 1  F        11362.84
DP   3  08 07 0  F        11340.10
DP   3  08 07 1  F        11559.12
DP   3  08 08 0  F        11937.67
DP   3  08 08 1  F        12360.13
DP   3  08 09 0  F        12715.28
DP   3  08 09 1  F        12928.33
DP   3  08 10 0  F        13065.66
DP   3  08 10 1  F        13206.78
DP   3  08 11 0  F        13342.29
DP   3  08 11 1  F        13435.80
DP   3  08 12 0  F        13431.69
DP   3  08 12 1  F        13313.57
DP   3  08 13 0  F        13240.98
DP   3  08 13 1  F        13359.53
DP   3  08 14 0  F        13583.08
DP   3  08 14 1  F        13785.63
DP   3  08 15 0  F        13913.29
DP   3  08 15 1  F        13945.08
DP   3  08 16 0  F        13919.19
DP   3  08 16 1  F        13857.50
DP   3  08 17 0  F        13657.46
DP   3  08 17 1  F        13271.78
DP   3  08 18 0  F        12998.79
DP   3  08 18 1  F        13100.33
DP   3  08 19 0  F        13346.60
DP   3  08 19 1  F        13456.92
DP   3  08 20 0  F        13438.54
DP   3  08 20 1  F        13385.87
DP   3  08 21 0  F        13453.94
DP   3  08 21 1  F        13739.62
DP   3  08 22 0  F        14046.58
DP   3  08 22 1  F        14170.83
DP   3  08 23 0  F        14170.90
DP   3  08 23 1  F        14170.97
DP   4  08 00 0  F        7227.07
DP   4  08 00 1  F        7190.48
DP   4  08 01 0  F        7150.37
DP   4  08 01 1  F        7103.65
DP   4  08 02 0  F        7048.75
DP   4  08 02 1  F        6985.45
DP   4  08 03 0  F        6917.16
DP   4  08 03 1  F        6849.33
DP   4  08 04 0  F        6791.80
DP   4  08 04 1  F        6752.43
DP   4  08 05 0  F        6726.72
DP   4  08 05 1  F        6699.91
DP   4  08 06 0  F        6628.48
DP   4  08 06 1  F        6487.74
DP   4  08 07 0  F        6357.08
DP   4  08 07 1  F        6323.62
DP   4  08 08 0  F        6401.37
DP   4  08 08 1  F        6571.00
DP   4  08 09 0  F        6752.91
DP   4  08 09 1  F        6874.37
DP   4  08 10 0  F        6950.40
DP   4  08 10 1  F        7009.50
DP   4  08 11 0  F        7046.51
DP   4  08 11 1  F        7051.16
DP   4  08 12 0  F        7026.41
DP   4  08 12 1  F        6986.91
DP   4  08 13 0  F        6981.08
DP   4  08 13 1  F        7049.34
DP   4  08 14 0  F        7166.38
DP   4  08 14 1  F        7291.25
DP   4  08 15 0  F        7386.02
DP   4  08 15 1  F        7423.19
DP   4  08 16 0  F        7413.98
DP   4  08 16 1  F        7372.46
DP   4  08 17 0  F        7285.48
DP   4  08 17 1  F        7142.95
DP   4  08 18 0  F        6974.52
DP   4  08 18 1  F        6827.73
DP   4  08 19 0  F        6782.18
DP   4  08 19 1  F        6885.87
DP   4  08 20 0  F        7028.45
DP   4  08 20 1  F        7099.44
DP   4  08 21 0  F        7146.24
DP   4  08 21 1  F        7232.78
DP   4  08 22 0  F        7331.25
DP   4  08 22 1  F        7402.60
DP   4  08 23 0  F        7454.54
DP   4  08 23 1  F        7506.48
