&   CARGA
&
&   ss  di hi m df hf m Demanda
&X  XX  XX XX X XX XX X XXXXXXXXXX
DP   1  06 00 0  F        41337.02
DP   1  06 00 1  F        40016.17
DP   1  06 01 0  F        38802.68
DP   1  06 01 1  F        37779.92
DP   1  06 02 0  F        36935.24
DP   1  06 02 1  F        36235.76
DP   1  06 03 0  F        35663.64
DP   1  06 03 1  F        35215.09
DP   1  06 04 0  F        34927.65
DP   1  06 04 1  F        34813.48
DP   1  06 05 0  F        34742.01
DP   1  06 05 1  F        34583.21
DP   1  06 06 0  F        34351.84
DP   1  06 06 1  F        34153.11
DP   1  06 07 0  F        34309.23
DP   1  06 07 1  F        35060.68
DP   1  06 08 0  F        36104.15
DP   1  06 08 1  F        37080.07
DP   1  06 09 0  F        37947.80
DP   1  06 09 1  F        38731.18
DP   1  06 10 0  F        39393.16
DP   1  06 10 1  F        39890.89
DP   1  06 11 0  F        40219.30
DP   1  06 11 1  F        40398.83
DP   1  06 12 0  F        40514.14
DP   1  06 12 1  F        40646.13
DP   1  06 13 0  F        40796.40
DP   1  06 13 1  F        40940.44
DP   1  06 14 0  F        41028.64
DP   1  06 14 1  F        41030.85
DP   1  06 15 0  F        41019.77
DP   1  06 15 1  F        41075.42
DP   1  06 16 0  F        41204.09
DP   1  06 16 1  F        41382.71
DP   1  06 17 0  F        41544.37
DP   1  06 17 1  F        41659.23
DP   1  06 18 0  F        41889.65
DP   1  06 18 1  F        42423.49
DP   1  06 19 0  F        43358.41
DP   1  06 19 1  F        44630.14
DP   1  06 20 0  F        45617.05
DP   1  06 20 1  F        45750.42
DP   1  06 21 0  F        45230.58
DP   1  06 21 1  F        44401.78
DP   1  06 22 0  F        43414.84
DP   1  06 22 1  F        42359.76
DP   1  06 23 0  F        41276.83
DP   1  06 23 1  F        40193.90
DP   2  06 00 0  F        12235.91
DP   2  06 00 1  F        11771.18
DP   2  06 01 0  F        11350.38
DP   2  06 01 1  F        11006.79
DP   2  06 02 0  F        10731.01
DP   2  06 02 1  F        10505.36
DP   2  06 03 0  F        10321.58
DP   2  06 03 1  F        10176.59
DP   2  06 04 0  F        10078.50
DP   2  06 04 1  F        10032.75
DP   2  06 05 0  F        10022.87
DP   2  06 05 1  F        10024.91
DP   2  06 06 0  F        10006.85
DP   2  06 06 1  F        9973.94
DP   2  06 07 0  F        10088.68
DP   2  06 07 1  F        10477.69
DP   2  06 08 0  F        10966.70
DP   2  06 08 1  F        11355.24
DP   2  06 09 0  F        11638.75
DP   2  06 09 1  F        11861.49
DP   2  06 10 0  F        12066.93
DP   2  06 10 1  F        12287.95
DP   2  06 11 0  F        12515.55
DP   2  06 11 1  F        12712.68
DP   2  06 12 0  F        12771.84
DP   2  06 12 1  F        12637.40
DP   2  06 13 0  F        12531.84
DP   2  06 13 1  F        12661.27
DP   2  06 14 0  F        12888.23
DP   2  06 14 1  F        13033.34
DP   2  06 15 0  F        13093.07
DP   2  06 15 1  F        13110.56
DP   2  06 16 0  F        13139.68
DP   2  06 16 1  F        13219.46
DP   2  06 17 0  F        13318.67
DP   2  06 17 1  F        13385.44
DP   2  06 18 0  F        13355.66
DP   2  06 18 1  F        13219.22
DP   2  06 19 0  F        13194.30
DP   2  06 19 1  F        13460.72
DP   2  06 20 0  F        13816.54
DP   2  06 20 1  F        14017.95
DP   2  06 21 0  F        14035.40
DP   2  06 21 1  F        13899.86
DP   2  06 22 0  F        13669.90
DP   2  06 22 1  F        13402.51
DP   2  06 23 0  F        13120.65
DP   2  06 23 1  F        12838.79
DP   3  06 00 0  F        13768.19
DP   3  06 00 1  F        13598.81
DP   3  06 01 0  F        13417.25
DP   3  06 01 1  F        13220.76
DP   3  06 02 0  F        13044.16
DP   3  06 02 1  F        12916.09
DP   3  06 03 0  F        12802.81
DP   3  06 03 1  F        12672.65
DP   3  06 04 0  F        12564.64
DP   3  06 04 1  F        12502.87
DP   3  06 05 0  F        12381.17
DP   3  06 05 1  F        12103.67
DP   3  06 06 0  F        11746.08
DP   3  06 06 1  F        11424.65
DP   3  06 07 0  F        11246.25
DP   3  06 07 1  F        11277.20
DP   3  06 08 0  F        11431.09
DP   3  06 08 1  F        11598.99
DP   3  06 09 0  F        11734.55
DP   3  06 09 1  F        11818.25
DP   3  06 10 0  F        11875.31
DP   3  06 10 1  F        11937.50
DP   3  06 11 0  F        12018.06
DP   3  06 11 1  F        12111.99
DP   3  06 12 0  F        12159.88
DP   3  06 12 1  F        12120.23
DP   3  06 13 0  F        12077.63
DP   3  06 13 1  F        12116.07
DP   3  06 14 0  F        12190.99
DP   3  06 14 1  F        12240.77
DP   3  06 15 0  F        12264.24
DP   3  06 15 1  F        12273.20
DP   3  06 16 0  F        12270.92
DP   3  06 16 1  F        12254.34
DP   3  06 17 0  F        12203.51
DP   3  06 17 1  F        12140.36
DP   3  06 18 0  F        12271.23
DP   3  06 18 1  F        12739.33
DP   3  06 19 0  F        13251.14
DP   3  06 19 1  F        13496.71
DP   3  06 20 0  F        13537.46
DP   3  06 20 1  F        13512.28
DP   3  06 21 0  F        13498.92
DP   3  06 21 1  F        13538.87
DP   3  06 22 0  F        13589.84
DP   3  06 22 1  F        13603.49
DP   3  06 23 0  F        13591.03
DP   3  06 23 1  F        13578.57
DP   4  06 00 0  F        7046.98
DP   4  06 00 1  F        7013.93
DP   4  06 01 0  F        6984.38
DP   4  06 01 1  F        6958.84
DP   4  06 02 0  F        6925.73
DP   4  06 02 1  F        6874.18
DP   4  06 03 0  F        6808.22
DP   4  06 03 1  F        6736.94
DP   4  06 04 0  F        6674.87
DP   4  06 04 1  F        6633.79
DP   4  06 05 0  F        6609.11
DP   4  06 05 1  F        6585.62
DP   4  06 06 0  F        6522.15
DP   4  06 06 1  F        6392.43
DP   4  06 07 0  F        6255.64
DP   4  06 07 1  F        6177.75
DP   4  06 08 0  F        6166.38
DP   4  06 08 1  F        6208.21
DP   4  06 09 0  F        6264.73
DP   4  06 09 1  F        6301.55
DP   4  06 10 0  F        6326.10
DP   4  06 10 1  F        6351.51
DP   4  06 11 0  F        6371.83
DP   4  06 11 1  F        6377.60
DP   4  06 12 0  F        6364.53
DP   4  06 12 1  F        6335.45
DP   4  06 13 0  F        6316.71
DP   4  06 13 1  F        6333.30
DP   4  06 14 0  F        6381.24
DP   4  06 14 1  F        6446.88
DP   4  06 15 0  F        6506.95
DP   4  06 15 1  F        6540.64
DP   4  06 16 0  F        6546.72
DP   4  06 16 1  F        6528.74
DP   4  06 17 0  F        6489.81
DP   4  06 17 1  F        6439.80
DP   4  06 18 0  F        6415.96
DP   4  06 18 1  F        6455.34
DP   4  06 19 0  F        6566.65
DP   4  06 19 1  F        6734.67
DP   4  06 20 0  F        6876.74
DP   4  06 20 1  F        6922.89
DP   4  06 21 0  F        6921.20
DP   4  06 21 1  F        6933.20
DP   4  06 22 0  F        6956.10
DP   4  06 22 1  F        6974.86
DP   4  06 23 0  F        6989.64
DP   4  06 23 1  F        7004.42
