&   CARGA
&
&   ss  di hi m df hf m Demanda
&X  XX  XX XX X XX XX X XXXXXXXXXX
DP   1  05 00 0  F        42010.30
DP   1  05 00 1  F        40684.44
DP   1  05 01 0  F        39428.57
DP   1  05 01 1  F        38310.68
DP   1  05 02 0  F        37390.74
DP   1  05 02 1  F        36704.40
DP   1  05 03 0  F        36197.90
DP   1  05 03 1  F        35816.07
DP   1  05 04 0  F        35587.53
DP   1  05 04 1  F        35538.04
DP   1  05 05 0  F        35598.13
DP   1  05 05 1  F        35699.64
DP   1  05 06 0  F        35874.80
DP   1  05 06 1  F        36207.46
DP   1  05 07 0  F        36887.54
DP   1  05 07 1  F        38031.34
DP   1  05 08 0  F        39354.58
DP   1  05 08 1  F        40536.16
DP   1  05 09 0  F        41508.30
DP   1  05 09 1  F        42276.61
DP   1  05 10 0  F        42886.77
DP   1  05 10 1  F        43372.97
DP   1  05 11 0  F        43683.16
DP   1  05 11 1  F        43771.59
DP   1  05 12 0  F        43703.62
DP   1  05 12 1  F        43596.86
DP   1  05 13 0  F        43666.52
DP   1  05 13 1  F        44057.49
DP   1  05 14 0  F        44535.68
DP   1  05 14 1  F        44843.91
DP   1  05 15 0  F        45011.62
DP   1  05 15 1  F        45114.77
DP   1  05 16 0  F        45128.57
DP   1  05 16 1  F        44999.21
DP   1  05 17 0  F        44657.39
DP   1  05 17 1  F        44085.37
DP   1  05 18 0  F        43487.03
DP   1  05 18 1  F        43145.05
DP   1  05 19 0  F        43435.59
DP   1  05 19 1  F        44515.58
DP   1  05 20 0  F        45571.45
DP   1  05 20 1  F        45812.03
DP   1  05 21 0  F        45506.17
DP   1  05 21 1  F        45072.75
DP   1  05 22 0  F        44470.78
DP   1  05 22 1  F        43597.32
DP   1  05 23 0  F        42561.61
DP   1  05 23 1  F        41525.90
DP   2  05 00 0  F        11976.78
DP   2  05 00 1  F        11522.73
DP   2  05 01 0  F        11119.83
DP   2  05 01 1  F        10805.36
DP   2  05 02 0  F        10561.21
DP   2  05 02 1  F        10360.20
DP   2  05 03 0  F        10194.39
DP   2  05 03 1  F        10064.04
DP   2  05 04 0  F        9982.76
DP   2  05 04 1  F        9965.84
DP   2  05 05 0  F        10021.82
DP   2  05 05 1  F        10148.54
DP   2  05 06 0  F        10307.96
DP   2  05 06 1  F        10491.20
DP   2  05 07 0  F        10841.98
DP   2  05 07 1  F        11466.47
DP   2  05 08 0  F        12168.19
DP   2  05 08 1  F        12721.80
DP   2  05 09 0  F        13089.28
DP   2  05 09 1  F        13300.08
DP   2  05 10 0  F        13466.31
DP   2  05 10 1  F        13689.03
DP   2  05 11 0  F        13942.58
DP   2  05 11 1  F        14137.73
DP   2  05 12 0  F        14057.63
DP   2  05 12 1  F        13602.63
DP   2  05 13 0  F        13269.33
DP   2  05 13 1  F        13506.08
DP   2  05 14 0  F        13972.09
DP   2  05 14 1  F        14241.44
DP   2  05 15 0  F        14336.92
DP   2  05 15 1  F        14375.22
DP   2  05 16 0  F        14399.85
DP   2  05 16 1  F        14421.91
DP   2  05 17 0  F        14395.86
DP   2  05 17 1  F        14266.06
DP   2  05 18 0  F        13993.07
DP   2  05 18 1  F        13604.12
DP   2  05 19 0  F        13376.97
DP   2  05 19 1  F        13534.73
DP   2  05 20 0  F        13831.31
DP   2  05 20 1  F        13978.12
DP   2  05 21 0  F        13985.61
DP   2  05 21 1  F        13924.35
DP   2  05 22 0  F        13806.22
DP   2  05 22 1  F        13633.84
DP   2  05 23 0  F        13431.63
DP   2  05 23 1  F        13229.42
DP   3  05 00 0  F        13974.02
DP   3  05 00 1  F        13731.30
DP   3  05 01 0  F        13504.93
DP   3  05 01 1  F        13308.75
DP   3  05 02 0  F        13146.81
DP   3  05 02 1  F        13015.61
DP   3  05 03 0  F        12891.50
DP   3  05 03 1  F        12758.68
DP   3  05 04 0  F        12653.04
DP   3  05 04 1  F        12593.74
DP   3  05 05 0  F        12481.40
DP   3  05 05 1  F        12228.62
DP   3  05 06 0  F        11914.37
DP   3  05 06 1  F        11657.44
DP   3  05 07 0  F        11569.42
DP   3  05 07 1  F        11721.55
DP   3  05 08 0  F        12030.91
DP   3  05 08 1  F        12383.42
DP   3  05 09 0  F        12694.55
DP   3  05 09 1  F        12908.24
DP   3  05 10 0  F        13052.71
DP   3  05 10 1  F        13170.36
DP   3  05 11 0  F        13275.86
DP   3  05 11 1  F        13363.14
DP   3  05 12 0  F        13370.69
DP   3  05 12 1  F        13266.45
DP   3  05 13 0  F        13191.56
DP   3  05 13 1  F        13280.15
DP   3  05 14 0  F        13465.18
DP   3  05 14 1  F        13641.64
DP   3  05 15 0  F        13753.71
DP   3  05 15 1  F        13772.91
DP   3  05 16 0  F        13730.89
DP   3  05 16 1  F        13648.53
DP   3  05 17 0  F        13443.58
DP   3  05 17 1  F        13082.93
DP   3  05 18 0  F        12833.11
DP   3  05 18 1  F        12929.41
DP   3  05 19 0  F        13182.24
DP   3  05 19 1  F        13347.87
DP   3  05 20 0  F        13390.77
DP   3  05 20 1  F        13354.16
DP   3  05 21 0  F        13388.14
DP   3  05 21 1  F        13604.31
DP   3  05 22 0  F        13853.51
DP   3  05 22 1  F        13972.23
DP   3  05 23 0  F        14000.30
DP   3  05 23 1  F        14028.37
DP   4  05 00 0  F        7309.85
DP   4  05 00 1  F        7269.83
DP   4  05 01 0  F        7227.32
DP   4  05 01 1  F        7179.78
DP   4  05 02 0  F        7124.52
DP   4  05 02 1  F        7060.07
DP   4  05 03 0  F        6989.90
DP   4  05 03 1  F        6918.68
DP   4  05 04 0  F        6850.78
DP   4  05 04 1  F        6790.86
DP   4  05 05 0  F        6744.88
DP   4  05 05 1  F        6709.23
DP   4  05 06 0  F        6640.76
DP   4  05 06 1  F        6509.52
DP   4  05 07 0  F        6377.90
DP   4  05 07 1  F        6318.52
DP   4  05 08 0  F        6352.59
DP   4  05 08 1  F        6472.23
DP   4  05 09 0  F        6604.54
DP   4  05 09 1  F        6681.51
DP   4  05 10 0  F        6719.54
DP   4  05 10 1  F        6748.36
DP   4  05 11 0  F        6766.54
DP   4  05 11 1  F        6764.93
DP   4  05 12 0  F        6734.70
DP   4  05 12 1  F        6678.17
DP   4  05 13 0  F        6642.02
DP   4  05 13 1  F        6669.79
DP   4  05 14 0  F        6748.19
DP   4  05 14 1  F        6847.30
DP   4  05 15 0  F        6927.56
DP   4  05 15 1  F        6956.66
DP   4  05 16 0  F        6941.12
DP   4  05 16 1  F        6893.67
DP   4  05 17 0  F        6812.97
DP   4  05 17 1  F        6700.88
DP   4  05 18 0  F        6586.06
DP   4  05 18 1  F        6506.18
DP   4  05 19 0  F        6508.03
DP   4  05 19 1  F        6613.83
DP   4  05 20 0  F        6738.32
DP   4  05 20 1  F        6797.79
DP   4  05 21 0  F        6822.12
DP   4  05 21 1  F        6858.77
DP   4  05 22 0  F        6911.87
DP   4  05 22 1  F        6975.03
DP   4  05 23 0  F        7043.06
DP   4  05 23 1  F        7111.09
