&   CARGA
&
&   ss  di hi m df hf m Demanda
&X  XX  XX XX X XX XX X XXXXXXXXXX
DP   1  07 00 0  F        39515.97
DP   1  07 00 1  F        38399.28
DP   1  07 01 0  F        37338.78
DP   1  07 01 1  F        36382.69
DP   1  07 02 0  F        35547.45
DP   1  07 02 1  F        34838.00
DP   1  07 03 0  F        34245.29
DP   1  07 03 1  F        33765.26
DP   1  07 04 0  F        33427.91
DP   1  07 04 1  F        33236.27
DP   1  07 05 0  F        33051.39
DP   1  07 05 1  F        32727.43
DP   1  07 06 0  F        32232.67
DP   1  07 06 1  F        31639.80
DP   1  07 07 0  F        31324.91
DP   1  07 07 1  F        31594.51
DP   1  07 08 0  F        32173.38
DP   1  07 08 1  F        32731.82
DP   1  07 09 0  F        33303.68
DP   1  07 09 1  F        33966.28
DP   1  07 10 0  F        34607.09
DP   1  07 10 1  F        35113.13
DP   1  07 11 0  F        35559.51
DP   1  07 11 1  F        36036.64
DP   1  07 12 0  F        36508.14
DP   1  07 12 1  F        36905.42
DP   1  07 13 0  F        37157.91
DP   1  07 13 1  F        37227.55
DP   1  07 14 0  F        37208.20
DP   1  07 14 1  F        37205.53
DP   1  07 15 0  F        37240.46
DP   1  07 15 1  F        37325.42
DP   1  07 16 0  F        37523.34
DP   1  07 16 1  F        37884.96
DP   1  07 17 0  F        38361.44
DP   1  07 17 1  F        38893.19
DP   1  07 18 0  F        39477.25
DP   1  07 18 1  F        40163.23
DP   1  07 19 0  F        41154.52
DP   1  07 19 1  F        42526.06
DP   1  07 20 0  F        43685.15
DP   1  07 20 1  F        44064.11
DP   1  07 21 0  F        43863.00
DP   1  07 21 1  F        43410.27
DP   1  07 22 0  F        42780.34
DP   1  07 22 1  F        41996.15
DP   1  07 23 0  F        41128.82
DP   1  07 23 1  F        40261.49
DP   2  07 00 0  F        12205.74
DP   2  07 00 1  F        11784.57
DP   2  07 01 0  F        11401.97
DP   2  07 01 1  F        11085.02
DP   2  07 02 0  F        10814.82
DP   2  07 02 1  F        10568.02
DP   2  07 03 0  F        10349.40
DP   2  07 03 1  F        10171.68
DP   2  07 04 0  F        10051.28
DP   2  07 04 1  F        9992.30
DP   2  07 05 0  F        9945.75
DP   2  07 05 1  F        9860.24
DP   2  07 06 0  F        9727.67
DP   2  07 06 1  F        9578.32
DP   2  07 07 0  F        9552.69
DP   2  07 07 1  F        9765.92
DP   2  07 08 0  F        10121.65
DP   2  07 08 1  F        10488.15
DP   2  07 09 0  F        10803.88
DP   2  07 09 1  F        11048.03
DP   2  07 10 0  F        11292.54
DP   2  07 10 1  F        11602.90
DP   2  07 11 0  F        11926.02
DP   2  07 11 1  F        12182.22
DP   2  07 12 0  F        12303.87
DP   2  07 12 1  F        12275.41
DP   2  07 13 0  F        12277.45
DP   2  07 13 1  F        12468.73
DP   2  07 14 0  F        12724.58
DP   2  07 14 1  F        12891.30
DP   2  07 15 0  F        12982.66
DP   2  07 15 1  F        13046.77
DP   2  07 16 0  F        13101.71
DP   2  07 16 1  F        13158.75
DP   2  07 17 0  F        13231.97
DP   2  07 17 1  F        13311.95
DP   2  07 18 0  F        13292.53
DP   2  07 18 1  F        13123.20
DP   2  07 19 0  F        13072.73
DP   2  07 19 1  F        13377.86
DP   2  07 20 0  F        13828.17
DP   2  07 20 1  F        14158.52
DP   2  07 21 0  F        14332.19
DP   2  07 21 1  F        14373.44
DP   2  07 22 0  F        14321.90
DP   2  07 22 1  F        14217.91
DP   2  07 23 0  F        14089.26
DP   2  07 23 1  F        13960.62
DP   3  07 00 0  F        13466.12
DP   3  07 00 1  F        13305.72
DP   3  07 01 0  F        13136.95
DP   3  07 01 1  F        12957.61
DP   3  07 02 0  F        12790.13
DP   3  07 02 1  F        12654.48
DP   3  07 03 0  F        12536.25
DP   3  07 03 1  F        12420.10
DP   3  07 04 0  F        12321.58
DP   3  07 04 1  F        12241.41
DP   3  07 05 0  F        12090.37
DP   3  07 05 1  F        11791.73
DP   3  07 06 0  F        11408.68
DP   3  07 06 1  F        11039.82
DP   3  07 07 0  F        10785.43
DP   3  07 07 1  F        10710.66
DP   3  07 08 0  F        10738.56
DP   3  07 08 1  F        10774.75
DP   3  07 09 0  F        10797.20
DP   3  07 09 1  F        10807.15
DP   3  07 10 0  F        10826.61
DP   3  07 10 1  F        10875.91
DP   3  07 11 0  F        10948.04
DP   3  07 11 1  F        11028.68
DP   3  07 12 0  F        11101.73
DP   3  07 12 1  F        11154.30
DP   3  07 13 0  F        11188.34
DP   3  07 13 1  F        11212.03
DP   3  07 14 0  F        11243.66
DP   3  07 14 1  F        11296.03
DP   3  07 15 0  F        11349.91
DP   3  07 15 1  F        11385.48
DP   3  07 16 0  F        11412.76
DP   3  07 16 1  F        11443.20
DP   3  07 17 0  F        11464.25
DP   3  07 17 1  F        11496.34
DP   3  07 18 0  F        11716.00
DP   3  07 18 1  F        12239.04
DP   3  07 19 0  F        12782.51
DP   3  07 19 1  F        13055.97
DP   3  07 20 0  F        13137.94
DP   3  07 20 1  F        13174.30
DP   3  07 21 0  F        13211.15
DP   3  07 21 1  F        13262.78
DP   3  07 22 0  F        13315.90
DP   3  07 22 1  F        13355.23
DP   3  07 23 0  F        13385.21
DP   3  07 23 1  F        13415.18
DP   4  07 00 0  F        7094.52
DP   4  07 00 1  F        7060.13
DP   4  07 01 0  F        7025.79
DP   4  07 01 1  F        6990.54
DP   4  07 02 0  F        6949.56
DP   4  07 02 1  F        6898.71
DP   4  07 03 0  F        6840.69
DP   4  07 03 1  F        6780.33
DP   4  07 04 0  F        6724.22
DP   4  07 04 1  F        6678.04
DP   4  07 05 0  F        6642.12
DP   4  07 05 1  F        6607.65
DP   4  07 06 0  F        6534.68
DP   4  07 06 1  F        6395.10
DP   4  07 07 0  F        6239.41
DP   4  07 07 1  F        6123.52
DP   4  07 08 0  F        6046.38
DP   4  07 08 1  F        5992.90
DP   4  07 09 0  F        5948.87
DP   4  07 09 1  F        5905.45
DP   4  07 10 0  F        5874.59
DP   4  07 10 1  F        5867.30
DP   4  07 11 0  F        5869.97
DP   4  07 11 1  F        5868.39
DP   4  07 12 0  F        5870.37
DP   4  07 12 1  F        5886.45
DP   4  07 13 0  F        5916.19
DP   4  07 13 1  F        5957.92
DP   4  07 14 0  F        6016.16
DP   4  07 14 1  F        6091.78
DP   4  07 15 0  F        6164.90
DP   4  07 15 1  F        6216.78
DP   4  07 16 0  F        6253.96
DP   4  07 16 1  F        6284.74
DP   4  07 17 0  F        6299.17
DP   4  07 17 1  F        6295.16
DP   4  07 18 0  F        6320.21
DP   4  07 18 1  F        6420.65
DP   4  07 19 0  F        6588.53
DP   4  07 19 1  F        6791.60
DP   4  07 20 0  F        6954.54
DP   4  07 20 1  F        7019.62
DP   4  07 21 0  F        7042.61
DP   4  07 21 1  F        7088.89
DP   4  07 22 0  F        7148.76
DP   4  07 22 1  F        7199.73
DP   4  07 23 0  F        7243.26
DP   4  07 23 1  F        7286.80
