&   CARGA
&
&   ss  di hi m df hf m Demanda
&X  XX  XX XX X XX XX X XXXXXXXXXX
DP   1  03 00 0  F        41016.80
DP   1  03 00 1  F        39782.58
DP   1  03 01 0  F        38606.44
DP   1  03 01 1  F        37548.37
DP   1  03 02 0  F        36675.92
DP   1  03 02 1  F        36030.31
DP   1  03 03 0  F        35539.95
DP   1  03 03 1  F        35138.33
DP   1  03 04 0  F        34892.28
DP   1  03 04 1  F        34853.60
DP   1  03 05 0  F        34880.70
DP   1  03 05 1  F        34841.50
DP   1  03 06 0  F        34835.23
DP   1  03 06 1  F        35034.95
DP   1  03 07 0  F        35677.83
DP   1  03 07 1  F        36895.81
DP   1  03 08 0  F        38336.07
DP   1  03 08 1  F        39609.56
DP   1  03 09 0  F        40667.24
DP   1  03 09 1  F        41546.15
DP   1  03 10 0  F        42287.65
DP   1  03 10 1  F        42915.44
DP   1  03 11 0  F        43378.39
DP   1  03 11 1  F        43634.91
DP   1  03 12 0  F        43756.36
DP   1  03 12 1  F        43856.63
DP   1  03 13 0  F        44106.77
DP   1  03 13 1  F        44615.42
DP   1  03 14 0  F        45184.45
DP   1  03 14 1  F        45600.33
DP   1  03 15 0  F        45894.82
DP   1  03 15 1  F        46150.45
DP   1  03 16 0  F        46407.35
DP   1  03 16 1  F        46626.54
DP   1  03 17 0  F        46494.91
DP   1  03 17 1  F        45792.52
DP   1  03 18 0  F        44946.45
DP   1  03 18 1  F        44491.87
DP   1  03 19 0  F        44749.49
DP   1  03 19 1  F        45782.28
DP   1  03 20 0  F        46836.70
DP   1  03 20 1  F        47186.68
DP   1  03 21 0  F        47032.49
DP   1  03 21 1  F        46712.24
DP   1  03 22 0  F        46188.89
DP   1  03 22 1  F        45381.27
DP   1  03 23 0  F        44406.71
DP   1  03 23 1  F        43432.15
DP   2  03 00 0  F        12798.00
DP   2  03 00 1  F        12321.74
DP   2  03 01 0  F        11888.09
DP   2  03 01 1  F        11530.49
DP   2  03 02 0  F        11245.60
DP   2  03 02 1  F        11021.47
DP   2  03 03 0  F        10848.48
DP   2  03 03 1  F        10720.18
DP   2  03 04 0  F        10640.71
DP   2  03 04 1  F        10611.77
DP   2  03 05 0  F        10614.91
DP   2  03 05 1  F        10637.37
DP   2  03 06 0  F        10709.26
DP   2  03 06 1  F        10877.90
DP   2  03 07 0  F        11216.54
DP   2  03 07 1  F        11765.32
DP   2  03 08 0  F        12405.93
DP   2  03 08 1  F        12991.65
DP   2  03 09 0  F        13420.59
DP   2  03 09 1  F        13645.22
DP   2  03 10 0  F        13790.64
DP   2  03 10 1  F        13987.30
DP   2  03 11 0  F        14214.32
DP   2  03 11 1  F        14386.69
DP   2  03 12 0  F        14314.36
DP   2  03 12 1  F        13908.80
DP   2  03 13 0  F        13592.72
DP   2  03 13 1  F        13753.69
DP   2  03 14 0  F        14127.60
DP   2  03 14 1  F        14369.27
DP   2  03 15 0  F        14461.04
DP   2  03 15 1  F        14468.82
DP   2  03 16 0  F        14465.46
DP   2  03 16 1  F        14499.61
DP   2  03 17 0  F        14516.38
DP   2  03 17 1  F        14439.07
DP   2  03 18 0  F        14207.36
DP   2  03 18 1  F        13832.26
DP   2  03 19 0  F        13593.75
DP   2  03 19 1  F        13724.29
DP   2  03 20 0  F        13997.30
DP   2  03 20 1  F        14140.66
DP   2  03 21 0  F        14158.98
DP   2  03 21 1  F        14109.61
DP   2  03 22 0  F        13983.99
DP   2  03 22 1  F        13769.68
DP   2  03 23 0  F        13504.73
DP   2  03 23 1  F        13239.78
DP   3  03 00 0  F        13847.09
DP   3  03 00 1  F        13632.93
DP   3  03 01 0  F        13423.57
DP   3  03 01 1  F        13225.13
DP   3  03 02 0  F        13049.11
DP   3  03 02 1  F        12901.99
DP   3  03 03 0  F        12764.99
DP   3  03 03 1  F        12625.60
DP   3  03 04 0  F        12521.64
DP   3  03 04 1  F        12471.50
DP   3  03 05 0  F        12365.51
DP   3  03 05 1  F        12108.69
DP   3  03 06 0  F        11792.92
DP   3  03 06 1  F        11552.43
DP   3  03 07 0  F        11503.87
DP   3  03 07 1  F        11716.48
DP   3  03 08 0  F        12087.38
DP   3  03 08 1  F        12483.67
DP   3  03 09 0  F        12824.42
DP   3  03 09 1  F        13060.66
DP   3  03 10 0  F        13219.20
DP   3  03 10 1  F        13340.74
DP   3  03 11 0  F        13445.56
DP   3  03 11 1  F        13532.91
DP   3  03 12 0  F        13538.17
DP   3  03 12 1  F        13427.61
DP   3  03 13 0  F        13354.81
DP   3  03 13 1  F        13464.39
DP   3  03 14 0  F        13677.74
DP   3  03 14 1  F        13875.98
DP   3  03 15 0  F        14002.40
DP   3  03 15 1  F        14030.75
DP   3  03 16 0  F        13994.65
DP   3  03 16 1  F        13913.82
DP   3  03 17 0  F        13692.59
DP   3  03 17 1  F        13288.67
DP   3  03 18 0  F        12988.57
DP   3  03 18 1  F        13047.76
DP   3  03 19 0  F        13268.63
DP   3  03 19 1  F        13399.54
DP   3  03 20 0  F        13425.98
DP   3  03 20 1  F        13409.53
DP   3  03 21 0  F        13479.03
DP   3  03 21 1  F        13720.31
DP   3  03 22 0  F        13979.98
DP   3  03 22 1  F        14096.58
DP   3  03 23 0  F        14115.76
DP   3  03 23 1  F        14134.94
DP   4  03 00 0  F        7630.50
DP   4  03 00 1  F        7588.50
DP   4  03 01 0  F        7539.77
DP   4  03 01 1  F        7479.33
DP   4  03 02 0  F        7409.15
DP   4  03 02 1  F        7332.65
DP   4  03 03 0  F        7251.98
DP   4  03 03 1  F        7170.65
DP   4  03 04 0  F        7098.79
DP   4  03 04 1  F        7045.26
DP   4  03 05 0  F        7007.07
DP   4  03 05 1  F        6970.93
DP   4  03 06 0  F        6894.07
DP   4  03 06 1  F        6750.18
DP   4  03 07 0  F        6608.42
DP   4  03 07 1  F        6547.55
DP   4  03 08 0  F        6589.25
DP   4  03 08 1  F        6724.74
DP   4  03 09 0  F        6880.66
DP   4  03 09 1  F        6986.82
DP   4  03 10 0  F        7050.44
DP   4  03 10 1  F        7093.24
DP   4  03 11 0  F        7117.67
DP   4  03 11 1  F        7120.40
DP   4  03 12 0  F        7094.47
DP   4  03 12 1  F        7043.70
DP   4  03 13 0  F        7018.69
DP   4  03 13 1  F        7066.12
DP   4  03 14 0  F        7170.36
DP   4  03 14 1  F        7295.68
DP   4  03 15 0  F        7388.44
DP   4  03 15 1  F        7407.31
DP   4  03 16 0  F        7378.20
DP   4  03 16 1  F        7331.86
DP   4  03 17 0  F        7251.25
DP   4  03 17 1  F        7119.45
DP   4  03 18 0  F        6967.68
DP   4  03 18 1  F        6844.23
DP   4  03 19 0  F        6817.54
DP   4  03 19 1  F        6926.29
DP   4  03 20 0  F        7070.14
DP   4  03 20 1  F        7147.30
DP   4  03 21 0  F        7189.23
DP   4  03 21 1  F        7247.04
DP   4  03 22 0  F        7317.15
DP   4  03 22 1  F        7385.59
DP   4  03 23 0  F        7451.56
DP   4  03 23 1  F        7517.53
