&   CARGA
&
&   ss  di hi m df hf m Demanda
&X  XX  XX XX X XX XX X XXXXXXXXXX
DP   1  02 00 0  F        38236.03
DP   1  02 00 1  F        37424.74
DP   1  02 01 0  F        36600.65
DP   1  02 01 1  F        35770.08
DP   1  02 02 0  F        35015.80
DP   1  02 02 1  F        34417.32
DP   1  02 03 0  F        33964.89
DP   1  02 03 1  F        33639.67
DP   1  02 04 0  F        33475.94
DP   1  02 04 1  F        33487.52
DP   1  02 05 0  F        33553.17
DP   1  02 05 1  F        33573.71
DP   1  02 06 0  F        33673.09
DP   1  02 06 1  F        34019.55
DP   1  02 07 0  F        34735.44
DP   1  02 07 1  F        35875.30
DP   1  02 08 0  F        37268.27
DP   1  02 08 1  F        38692.88
DP   1  02 09 0  F        39950.59
DP   1  02 09 1  F        40913.01
DP   1  02 10 0  F        41709.52
DP   1  02 10 1  F        42463.35
DP   1  02 11 0  F        43015.48
DP   1  02 11 1  F        43210.00
DP   1  02 12 0  F        43185.56
DP   1  02 12 1  F        43163.81
DP   1  02 13 0  F        43403.75
DP   1  02 13 1  F        44061.00
DP   1  02 14 0  F        44840.18
DP   1  02 14 1  F        45410.56
DP   1  02 15 0  F        45751.04
DP   1  02 15 1  F        45946.26
DP   1  02 16 0  F        46194.17
DP   1  02 16 1  F        46588.34
DP   1  02 17 0  F        46691.58
DP   1  02 17 1  F        46131.20
DP   1  02 18 0  F        45323.20
DP   1  02 18 1  F        44839.42
DP   1  02 19 0  F        45086.31
DP   1  02 19 1  F        46193.36
DP   1  02 20 0  F        47347.63
DP   1  02 20 1  F        47756.74
DP   1  02 21 0  F        47653.10
DP   1  02 21 1  F        47416.82
DP   1  02 22 0  F        46993.99
DP   1  02 22 1  F        46278.35
DP   1  02 23 0  F        45388.24
DP   1  02 23 1  F        44498.13
DP   2  02 00 0  F        12336.80
DP   2  02 00 1  F        11998.09
DP   2  02 01 0  F        11640.47
DP   2  02 01 1  F        11264.42
DP   2  02 02 0  F        10948.02
DP   2  02 02 1  F        10759.57
DP   2  02 03 0  F        10650.66
DP   2  02 03 1  F        10559.05
DP   2  02 04 0  F        10483.78
DP   2  02 04 1  F        10434.09
DP   2  02 05 0  F        10398.65
DP   2  02 05 1  F        10374.14
DP   2  02 06 0  F        10409.72
DP   2  02 06 1  F        10565.83
DP   2  02 07 0  F        10895.48
DP   2  02 07 1  F        11413.49
DP   2  02 08 0  F        11989.43
DP   2  02 08 1  F        12492.40
DP   2  02 09 0  F        12934.95
DP   2  02 09 1  F        13348.82
DP   2  02 10 0  F        13699.06
DP   2  02 10 1  F        13963.02
DP   2  02 11 0  F        14233.81
DP   2  02 11 1  F        14568.87
DP   2  02 12 0  F        14766.99
DP   2  02 12 1  F        14658.67
DP   2  02 13 0  F        14459.70
DP   2  02 13 1  F        14421.87
DP   2  02 14 0  F        14555.60
DP   2  02 14 1  F        14792.42
DP   2  02 15 0  F        14989.46
DP   2  02 15 1  F        15025.69
DP   2  02 16 0  F        14941.80
DP   2  02 16 1  F        14807.34
DP   2  02 17 0  F        14645.59
DP   2  02 17 1  F        14455.85
DP   2  02 18 0  F        14187.70
DP   2  02 18 1  F        13838.69
DP   2  02 19 0  F        13647.94
DP   2  02 19 1  F        13818.66
DP   2  02 20 0  F        14168.97
DP   2  02 20 1  F        14457.72
DP   2  02 21 0  F        14591.69
DP   2  02 21 1  F        14536.81
DP   2  02 22 0  F        14347.50
DP   2  02 22 1  F        14092.36
DP   2  02 23 0  F        13808.26
DP   2  02 23 1  F        13524.17
DP   3  02 00 0  F        13058.50
DP   3  02 00 1  F        12850.41
DP   3  02 01 0  F        12653.88
DP   3  02 01 1  F        12479.27
DP   3  02 02 0  F        12332.01
DP   3  02 02 1  F        12210.87
DP   3  02 03 0  F        12092.70
DP   3  02 03 1  F        11965.41
DP   3  02 04 0  F        11882.84
DP   3  02 04 1  F        11871.99
DP   3  02 05 0  F        11786.47
DP   3  02 05 1  F        11506.49
DP   3  02 06 0  F        11192.06
DP   3  02 06 1  F        11035.87
DP   3  02 07 0  F        11081.80
DP   3  02 07 1  F        11322.66
DP   3  02 08 0  F        11696.14
DP   3  02 08 1  F        12119.97
DP   3  02 09 0  F        12487.17
DP   3  02 09 1  F        12717.10
DP   3  02 10 0  F        12859.35
DP   3  02 10 1  F        12981.42
DP   3  02 11 0  F        13092.39
DP   3  02 11 1  F        13173.42
DP   3  02 12 0  F        13152.43
DP   3  02 12 1  F        12994.24
DP   3  02 13 0  F        12864.70
DP   3  02 13 1  F        12922.42
DP   3  02 14 0  F        13096.19
DP   3  02 14 1  F        13274.46
DP   3  02 15 0  F        13414.32
DP   3  02 15 1  F        13500.42
DP   3  02 16 0  F        13559.06
DP   3  02 16 1  F        13600.27
DP   3  02 17 0  F        13527.36
DP   3  02 17 1  F        13289.26
DP   3  02 18 0  F        13124.17
DP   3  02 18 1  F        13250.01
DP   3  02 19 0  F        13514.46
DP   3  02 19 1  F        13713.63
DP   3  02 20 0  F        13807.69
DP   3  02 20 1  F        13821.24
DP   3  02 21 0  F        13872.47
DP   3  02 21 1  F        14050.52
DP   3  02 22 0  F        14234.46
DP   3  02 22 1  F        14293.72
DP   3  02 23 0  F        14269.20
DP   3  02 23 1  F        14244.69
DP   4  02 00 0  F        7520.24
DP   4  02 00 1  F        7496.89
DP   4  02 01 0  F        7463.57
DP   4  02 01 1  F        7414.05
DP   4  02 02 0  F        7357.14
DP   4  02 02 1  F        7302.47
DP   4  02 03 0  F        7247.84
DP   4  02 03 1  F        7190.13
DP   4  02 04 0  F        7134.38
DP   4  02 04 1  F        7085.98
DP   4  02 05 0  F        7043.58
DP   4  02 05 1  F        6998.73
DP   4  02 06 0  F        6921.41
DP   4  02 06 1  F        6793.34
DP   4  02 07 0  F        6664.69
DP   4  02 07 1  F        6590.63
DP   4  02 08 0  F        6577.96
DP   4  02 08 1  F        6619.97
DP   4  02 09 0  F        6704.28
DP   4  02 09 1  F        6817.17
DP   4  02 10 0  F        6945.00
DP   4  02 10 1  F        7069.74
DP   4  02 11 0  F        7155.63
DP   4  02 11 1  F        7173.94
DP   4  02 12 0  F        7141.70
DP   4  02 12 1  F        7087.66
DP   4  02 13 0  F        7041.52
DP   4  02 13 1  F        7034.04
DP   4  02 14 0  F        7099.41
DP   4  02 14 1  F        7249.76
DP   4  02 15 0  F        7405.88
DP   4  02 15 1  F        7487.91
DP   4  02 16 0  F        7504.84
DP   4  02 16 1  F        7480.31
DP   4  02 17 0  F        7407.69
DP   4  02 17 1  F        7281.13
DP   4  02 18 0  F        7128.03
DP   4  02 18 1  F        6990.93
DP   4  02 19 0  F        6939.60
DP   4  02 19 1  F        7019.84
DP   4  02 20 0  F        7154.42
DP   4  02 20 1  F        7258.03
DP   4  02 21 0  F        7336.23
DP   4  02 21 1  F        7411.41
DP   4  02 22 0  F        7482.36
DP   4  02 22 1  F        7544.12
DP   4  02 23 0  F        7600.22
DP   4  02 23 1  F        7656.32
