&   CARGA
&
&   ss  di hi m df hf m Demanda
&X  XX  XX XX X XX XX X XXXXXXXXXX
DP   1  04 00 0  F        42852.79
DP   1  04 00 1  F        41511.17
DP   1  04 01 0  F        40278.24
DP   1  04 01 1  F        39239.72
DP   1  04 02 0  F        38389.61
DP   1  04 02 1  F        37697.78
DP   1  04 03 0  F        37129.46
DP   1  04 03 1  F        36674.91
DP   1  04 04 0  F        36428.97
DP   1  04 04 1  F        36449.17
DP   1  04 05 0  F        36538.87
DP   1  04 05 1  F        36519.88
DP   1  04 06 0  F        36541.94
DP   1  04 06 1  F        36825.00
DP   1  04 07 0  F        37542.10
DP   1  04 07 1  F        38770.56
DP   1  04 08 0  F        40251.73
DP   1  04 08 1  F        41677.66
DP   1  04 09 0  F        42879.05
DP   1  04 09 1  F        43775.30
DP   1  04 10 0  F        44502.09
DP   1  04 10 1  F        45188.24
DP   1  04 11 0  F        45718.84
DP   1  04 11 1  F        45972.17
DP   1  04 12 0  F        46042.91
DP   1  04 12 1  F        46094.41
DP   1  04 13 0  F        46348.27
DP   1  04 13 1  F        46941.62
DP   1  04 14 0  F        47615.53
DP   1  04 14 1  F        48096.30
DP   1  04 15 0  F        48447.34
DP   1  04 15 1  F        48779.60
DP   1  04 16 0  F        49057.09
DP   1  04 16 1  F        49169.19
DP   1  04 17 0  F        48853.79
DP   1  04 17 1  F        47958.60
DP   1  04 18 0  F        46922.13
DP   1  04 18 1  F        46297.17
DP   1  04 19 0  F        46502.84
DP   1  04 19 1  F        47660.86
DP   1  04 20 0  F        48837.00
DP   1  04 20 1  F        49138.12
DP   1  04 21 0  F        48891.33
DP   1  04 21 1  F        48582.25
DP   1  04 22 0  F        48110.21
DP   1  04 22 1  F        47303.38
DP   1  04 23 0  F        46291.45
DP   1  04 23 1  F        45279.53
DP   2  04 00 0  F        13201.30
DP   2  04 00 1  F        12726.52
DP   2  04 01 0  F        12297.90
DP   2  04 01 1  F        11948.05
DP   2  04 02 0  F        11655.47
DP   2  04 02 1  F        11395.72
DP   2  04 03 0  F        11186.62
DP   2  04 03 1  F        11048.09
DP   2  04 04 0  F        10966.09
DP   2  04 04 1  F        10920.92
DP   2  04 05 0  F        10904.14
DP   2  04 05 1  F        10914.72
DP   2  04 06 0  F        10970.08
DP   2  04 06 1  F        11105.12
DP   2  04 07 0  F        11406.20
DP   2  04 07 1  F        11926.26
DP   2  04 08 0  F        12532.89
DP   2  04 08 1  F        13067.68
DP   2  04 09 0  F        13453.42
DP   2  04 09 1  F        13666.27
DP   2  04 10 0  F        13814.60
DP   2  04 10 1  F        14011.19
DP   2  04 11 0  F        14254.10
DP   2  04 11 1  F        14476.06
DP   2  04 12 0  F        14463.17
DP   2  04 12 1  F        14102.65
DP   2  04 13 0  F        13832.71
DP   2  04 13 1  F        14058.07
DP   2  04 14 0  F        14498.60
DP   2  04 14 1  F        14788.32
DP   2  04 15 0  F        14903.02
DP   2  04 15 1  F        14910.03
DP   2  04 16 0  F        14901.34
DP   2  04 16 1  F        14941.21
DP   2  04 17 0  F        14958.23
DP   2  04 17 1  F        14856.36
DP   2  04 18 0  F        14576.51
DP   2  04 18 1  F        14143.34
DP   2  04 19 0  F        13879.39
DP   2  04 19 1  F        14052.49
DP   2  04 20 0  F        14413.51
DP   2  04 20 1  F        14653.48
DP   2  04 21 0  F        14740.75
DP   2  04 21 1  F        14708.98
DP   2  04 22 0  F        14575.51
DP   2  04 22 1  F        14358.80
DP   2  04 23 0  F        14097.88
DP   2  04 23 1  F        13836.97
DP   3  04 00 0  F        14023.86
DP   3  04 00 1  F        13764.87
DP   3  04 01 0  F        13525.09
DP   3  04 01 1  F        13319.37
DP   3  04 02 0  F        13145.27
DP   3  04 02 1  F        12995.48
DP   3  04 03 0  F        12860.63
DP   3  04 03 1  F        12738.47
DP   3  04 04 0  F        12657.15
DP   3  04 04 1  F        12621.41
DP   3  04 05 0  F        12512.02
DP   3  04 05 1  F        12232.51
DP   3  04 06 0  F        11901.62
DP   3  04 06 1  F        11678.50
DP   3  04 07 0  F        11668.66
DP   3  04 07 1  F        11926.63
DP   3  04 08 0  F        12356.48
DP   3  04 08 1  F        12828.50
DP   3  04 09 0  F        13228.28
DP   3  04 09 1  F        13479.28
DP   3  04 10 0  F        13641.21
DP   3  04 10 1  F        13788.32
DP   3  04 11 0  F        13916.92
DP   3  04 11 1  F        13996.71
DP   3  04 12 0  F        13968.82
DP   3  04 12 1  F        13818.10
DP   3  04 13 0  F        13732.82
DP   3  04 13 1  F        13880.09
DP   3  04 14 0  F        14138.99
DP   3  04 14 1  F        14347.82
DP   3  04 15 0  F        14469.74
DP   3  04 15 1  F        14504.08
DP   3  04 16 0  F        14469.98
DP   3  04 16 1  F        14366.13
DP   3  04 17 0  F        14089.72
DP   3  04 17 1  F        13604.87
DP   3  04 18 0  F        13244.95
DP   3  04 18 1  F        13301.37
DP   3  04 19 0  F        13528.49
DP   3  04 19 1  F        13622.62
DP   3  04 20 0  F        13585.05
DP   3  04 20 1  F        13511.72
DP   3  04 21 0  F        13572.42
DP   3  04 21 1  F        13874.90
DP   3  04 22 0  F        14204.95
DP   3  04 22 1  F        14339.27
DP   3  04 23 0  F        14340.04
DP   3  04 23 1  F        14340.82
DP   4  04 00 0  F        7798.88
DP   4  04 00 1  F        7753.81
DP   4  04 01 0  F        7698.19
DP   4  04 01 1  F        7624.98
DP   4  04 02 0  F        7541.21
DP   4  04 02 1  F        7455.85
DP   4  04 03 0  F        7371.64
DP   4  04 03 1  F        7289.89
DP   4  04 04 0  F        7212.57
DP   4  04 04 1  F        7143.21
DP   4  04 05 0  F        7090.82
DP   4  04 05 1  F        7053.64
DP   4  04 06 0  F        6981.30
DP   4  04 06 1  F        6836.36
DP   4  04 07 0  F        6681.44
DP   4  04 07 1  F        6594.67
DP   4  04 08 0  F        6616.03
DP   4  04 08 1  F        6753.56
DP   4  04 09 0  F        6925.82
DP   4  04 09 1  F        7050.56
DP   4  04 10 0  F        7131.74
DP   4  04 10 1  F        7190.62
DP   4  04 11 0  F        7231.36
DP   4  04 11 1  F        7252.68
DP   4  04 12 0  F        7248.81
DP   4  04 12 1  F        7224.03
DP   4  04 13 0  F        7227.27
DP   4  04 13 1  F        7303.06
DP   4  04 14 0  F        7433.49
DP   4  04 14 1  F        7581.97
DP   4  04 15 0  F        7699.60
DP   4  04 15 1  F        7748.54
DP   4  04 16 0  F        7747.28
DP   4  04 16 1  F        7718.43
DP   4  04 17 0  F        7644.66
DP   4  04 17 1  F        7508.70
DP   4  04 18 0  F        7333.49
DP   4  04 18 1  F        7164.11
DP   4  04 19 0  F        7094.24
DP   4  04 19 1  F        7186.75
DP   4  04 20 0  F        7332.99
DP   4  04 20 1  F        7418.35
DP   4  04 21 0  F        7475.99
DP   4  04 21 1  F        7558.85
DP   4  04 22 0  F        7651.02
DP   4  04 22 1  F        7726.94
DP   4  04 23 0  F        7790.98
DP   4  04 23 1  F        7855.01
DP   1  05 00 0  F        43868.59
DP   1  05 00 1  F        42520.34
DP   1  05 01 0  F        41261.16
DP   1  05 01 1  F        40165.19
DP   1  05 02 0  F        39246.90
DP   1  05 02 1  F        38504.16
DP   1  05 03 0  F        37928.38
DP   1  05 03 1  F        37513.29
DP   1  05 04 0  F        37268.52
DP   1  05 04 1  F        37189.89
DP   1  05 05 0  F        37202.26
DP   1  05 05 1  F        37236.58
DP   1  05 06 0  F        37319.20
DP   1  05 06 1  F        37542.25
DP   1  05 07 0  F        38165.74
DP   1  05 07 1  F        39364.90
DP   1  05 08 0  F        40808.27
DP   1  05 08 1  F        42112.09
DP   1  05 09 0  F        43190.23
DP   1  05 09 1  F        44046.39
DP   1  05 10 0  F        44746.08
DP   1  05 10 1  F        45337.22
DP   1  05 11 0  F        45735.77
DP   1  05 11 1  F        45868.57
DP   1  05 12 0  F        45837.88
DP   1  05 12 1  F        45802.50
DP   1  05 13 0  F        45971.73
DP   1  05 13 1  F        46473.18
DP   1  05 14 0  F        47057.31
DP   1  05 14 1  F        47451.34
DP   1  05 15 0  F        47666.81
DP   1  05 15 1  F        47770.33
DP   1  05 16 0  F        47764.31
DP   1  05 16 1  F        47613.38
DP   1  05 17 0  F        47195.14
DP   1  05 17 1  F        46447.05
DP   1  05 18 0  F        45632.87
DP   1  05 18 1  F        45112.09
DP   1  05 19 0  F        45300.82
DP   1  05 19 1  F        46373.71
DP   1  05 20 0  F        47482.96
DP   1  05 20 1  F        47796.62
DP   1  05 21 0  F        47568.52
DP   1  05 21 1  F        47210.97
DP   1  05 22 0  F        46684.32
DP   1  05 22 1  F        45888.20
DP   1  05 23 0  F        44931.23
DP   1  05 23 1  F        43974.25
DP   2  05 00 0  F        12995.69
DP   2  05 00 1  F        12558.75
DP   2  05 01 0  F        12151.26
DP   2  05 01 1  F        11797.32
DP   2  05 02 0  F        11499.73
DP   2  05 02 1  F        11255.89
DP   2  05 03 0  F        11062.88
DP   2  05 03 1  F        10918.26
DP   2  05 04 0  F        10821.83
DP   2  05 04 1  F        10776.15
DP   2  05 05 0  F        10792.67
DP   2  05 05 1  F        10877.24
DP   2  05 06 0  F        11004.27
DP   2  05 06 1  F        11170.12
DP   2  05 07 0  F        11490.36
DP   2  05 07 1  F        12051.01
DP   2  05 08 0  F        12700.82
DP   2  05 08 1  F        13257.13
DP   2  05 09 0  F        13649.06
DP   2  05 09 1  F        13864.03
DP   2  05 10 0  F        14011.06
DP   2  05 10 1  F        14200.83
DP   2  05 11 0  F        14429.05
DP   2  05 11 1  F        14625.18
DP   2  05 12 0  F        14568.59
DP   2  05 12 1  F        14150.18
DP   2  05 13 0  F        13857.21
DP   2  05 13 1  F        14128.26
DP   2  05 14 0  F        14610.98
DP   2  05 14 1  F        14871.64
DP   2  05 15 0  F        14942.03
DP   2  05 15 1  F        14950.34
DP   2  05 16 0  F        14944.93
DP   2  05 16 1  F        14940.67
DP   2  05 17 0  F        14898.36
DP   2  05 17 1  F        14765.41
DP   2  05 18 0  F        14489.51
DP   2  05 18 1  F        14083.81
DP   2  05 19 0  F        13822.83
DP   2  05 19 1  F        13937.50
DP   2  05 20 0  F        14223.03
DP   2  05 20 1  F        14421.88
DP   2  05 21 0  F        14501.24
DP   2  05 21 1  F        14481.01
DP   2  05 22 0  F        14367.22
DP   2  05 22 1  F        14169.55
DP   2  05 23 0  F        13926.35
DP   2  05 23 1  F        13683.16
DP   3  05 00 0  F        14149.46
DP   3  05 00 1  F        13888.92
DP   3  05 01 0  F        13647.62
DP   3  05 01 1  F        13440.79
DP   3  05 02 0  F        13267.53
DP   3  05 02 1  F        13120.82
DP   3  05 03 0  F        12985.30
DP   3  05 03 1  F        12854.00
DP   3  05 04 0  F        12761.99
DP   3  05 04 1  F        12721.23
DP   3  05 05 0  F        12609.27
DP   3  05 05 1  F        12325.16
DP   3  05 06 0  F        11988.48
DP   3  05 06 1  F        11758.88
DP   3  05 07 0  F        11735.86
DP   3  05 07 1  F        11969.28
DP   3  05 08 0  F        12370.62
DP   3  05 08 1  F        12819.16
DP   3  05 09 0  F        13203.92
DP   3  05 09 1  F        13449.57
DP   3  05 10 0  F        13613.64
DP   3  05 10 1  F        13766.00
DP   3  05 11 0  F        13893.01
DP   3  05 11 1  F        13958.42
DP   3  05 12 0  F        13919.18
DP   3  05 12 1  F        13773.39
DP   3  05 13 0  F        13690.55
DP   3  05 13 1  F        13819.94
DP   3  05 14 0  F        14058.56
DP   3  05 14 1  F        14263.22
DP   3  05 15 0  F        14382.33
DP   3  05 15 1  F        14398.35
DP   3  05 16 0  F        14338.21
DP   3  05 16 1  F        14214.31
DP   3  05 17 0  F        13936.25
DP   3  05 17 1  F        13475.71
DP   3  05 18 0  F        13155.40
DP   3  05 18 1  F        13251.69
DP   3  05 19 0  F        13504.54
DP   3  05 19 1  F        13602.00
DP   3  05 20 0  F        13560.75
DP   3  05 20 1  F        13490.29
DP   3  05 21 0  F        13542.73
DP   3  05 21 1  F        13810.94
DP   3  05 22 0  F        14108.32
DP   3  05 22 1  F        14240.07
DP   3  05 23 0  F        14258.17
DP   3  05 23 1  F        14276.26
DP   4  05 00 0  F        7722.00
DP   4  05 00 1  F        7680.01
DP   4  05 01 0  F        7629.94
DP   4  05 01 1  F        7565.81
DP   4  05 02 0  F        7490.10
DP   4  05 02 1  F        7407.52
DP   4  05 03 0  F        7323.22
DP   4  05 03 1  F        7241.94
DP   4  05 04 0  F        7166.18
DP   4  05 04 1  F        7098.08
DP   4  05 05 0  F        7040.44
DP   4  05 05 1  F        6988.51
DP   4  05 06 0  F        6906.46
DP   4  05 06 1  F        6769.33
DP   4  05 07 0  F        6626.58
DP   4  05 07 1  F        6540.19
DP   4  05 08 0  F        6547.69
DP   4  05 08 1  F        6658.57
DP   4  05 09 0  F        6794.42
DP   4  05 09 1  F        6877.90
DP   4  05 10 0  F        6923.93
DP   4  05 10 1  F        6961.87
DP   4  05 11 0  F        6986.78
DP   4  05 11 1  F        6987.46
DP   4  05 12 0  F        6962.01
DP   4  05 12 1  F        6918.61
DP   4  05 13 0  F        6896.68
DP   4  05 13 1  F        6932.22
DP   4  05 14 0  F        7016.53
DP   4  05 14 1  F        7124.46
DP   4  05 15 0  F        7209.81
DP   4  05 15 1  F        7234.42
DP   4  05 16 0  F        7213.43
DP   4  05 16 1  F        7168.55
DP   4  05 17 0  F        7094.55
DP   4  05 17 1  F        6985.79
DP   4  05 18 0  F        6861.93
DP   4  05 18 1  F        6756.99
DP   4  05 19 0  F        6737.15
DP   4  05 19 1  F        6842.73
DP   4  05 20 0  F        6978.50
DP   4  05 20 1  F        7047.38
DP   4  05 21 0  F        7080.29
DP   4  05 21 1  F        7127.87
DP   4  05 22 0  F        7191.38
DP   4  05 22 1  F        7261.18
DP   4  05 23 0  F        7333.41
DP   4  05 23 1  F        7405.64
DP   1  06 00 0  F        43104.77
DP   1  06 00 1  F        41839.18
DP   1  06 01 0  F        40654.20
DP   1  06 01 1  F        39615.00
DP   1  06 02 0  F        38724.82
DP   1  06 02 1  F        37973.81
DP   1  06 03 0  F        37361.58
DP   1  06 03 1  F        36892.97
DP   1  06 04 0  F        36584.29
DP   1  06 04 1  F        36425.80
DP   1  06 05 0  F        36292.22
DP   1  06 05 1  F        36062.66
DP   1  06 06 0  F        35749.28
DP   1  06 06 1  F        35453.39
DP   1  06 07 0  F        35499.67
DP   1  06 07 1  F        36137.43
DP   1  06 08 0  F        37091.12
DP   1  06 08 1  F        38021.27
DP   1  06 09 0  F        38857.74
DP   1  06 09 1  F        39593.42
DP   1  06 10 0  F        40204.16
DP   1  06 10 1  F        40666.03
DP   1  06 11 0  F        40973.07
DP   1  06 11 1  F        41141.25
DP   1  06 12 0  F        41256.40
DP   1  06 12 1  F        41398.67
DP   1  06 13 0  F        41555.73
DP   1  06 13 1  F        41691.07
DP   1  06 14 0  F        41763.95
DP   1  06 14 1  F        41756.67
DP   1  06 15 0  F        41747.82
DP   1  06 15 1  F        41815.99
DP   1  06 16 0  F        41943.55
DP   1  06 16 1  F        42089.87
DP   1  06 17 0  F        42218.58
DP   1  06 17 1  F        42323.55
DP   1  06 18 0  F        42515.41
DP   1  06 18 1  F        42941.58
DP   1  06 19 0  F        43780.10
DP   1  06 19 1  F        45051.69
DP   1  06 20 0  F        46117.16
DP   1  06 20 1  F        46364.58
DP   1  06 21 0  F        45950.80
DP   1  06 21 1  F        45191.08
DP   1  06 22 0  F        44265.51
DP   1  06 22 1  F        43297.63
DP   1  06 23 0  F        42319.96
DP   1  06 23 1  F        41342.30
DP   2  06 00 0  F        12880.89
DP   2  06 00 1  F        12444.61
DP   2  06 01 0  F        12036.65
DP   2  06 01 1  F        11679.27
DP   2  06 02 0  F        11370.43
DP   2  06 02 1  F        11104.52
DP   2  06 03 0  F        10885.82
DP   2  06 03 1  F        10719.62
DP   2  06 04 0  F        10605.38
DP   2  06 04 1  F        10540.14
DP   2  06 05 0  F        10517.22
DP   2  06 05 1  F        10522.12
DP   2  06 06 0  F        10512.99
DP   2  06 06 1  F        10479.33
DP   2  06 07 0  F        10563.30
DP   2  06 07 1  F        10884.04
DP   2  06 08 0  F        11315.71
DP   2  06 08 1  F        11699.09
DP   2  06 09 0  F        11986.35
DP   2  06 09 1  F        12173.99
DP   2  06 10 0  F        12324.47
DP   2  06 10 1  F        12499.34
DP   2  06 11 0  F        12690.71
DP   2  06 11 1  F        12858.08
DP   2  06 12 0  F        12899.85
DP   2  06 12 1  F        12762.30
DP   2  06 13 0  F        12644.34
DP   2  06 13 1  F        12732.72
DP   2  06 14 0  F        12912.98
DP   2  06 14 1  F        13030.64
DP   2  06 15 0  F        13072.43
DP   2  06 15 1  F        13067.76
DP   2  06 16 0  F        13075.82
DP   2  06 16 1  F        13144.04
DP   2  06 17 0  F        13243.27
DP   2  06 17 1  F        13321.11
DP   2  06 18 0  F        13308.81
DP   2  06 18 1  F        13190.61
DP   2  06 19 0  F        13179.04
DP   2  06 19 1  F        13452.01
DP   2  06 20 0  F        13820.97
DP   2  06 20 1  F        14051.88
DP   2  06 21 0  F        14095.41
DP   2  06 21 1  F        13961.73
DP   2  06 22 0  F        13714.16
DP   2  06 22 1  F        13419.67
DP   2  06 23 0  F        13106.57
DP   2  06 23 1  F        12793.46
DP   3  06 00 0  F        14023.98
DP   3  06 00 1  F        13831.99
DP   3  06 01 0  F        13628.13
DP   3  06 01 1  F        13411.59
DP   3  06 02 0  F        13225.67
DP   3  06 02 1  F        13104.31
DP   3  06 03 0  F        12999.86
DP   3  06 03 1  F        12867.67
DP   3  06 04 0  F        12756.83
DP   3  06 04 1  F        12701.29
DP   3  06 05 0  F        12580.91
DP   3  06 05 1  F        12288.60
DP   3  06 06 0  F        11923.70
DP   3  06 06 1  F        11626.17
DP   3  06 07 0  F        11491.90
DP   3  06 07 1  F        11573.54
DP   3  06 08 0  F        11794.79
DP   3  06 08 1  F        12052.50
DP   3  06 09 0  F        12265.19
DP   3  06 09 1  F        12381.59
DP   3  06 10 0  F        12449.56
DP   3  06 10 1  F        12527.99
DP   3  06 11 0  F        12620.74
DP   3  06 11 1  F        12708.11
DP   3  06 12 0  F        12731.35
DP   3  06 12 1  F        12658.45
DP   3  06 13 0  F        12603.42
DP   3  06 13 1  F        12671.33
DP   3  06 14 0  F        12785.46
DP   3  06 14 1  F        12849.72
DP   3  06 15 0  F        12872.15
DP   3  06 15 1  F        12879.17
DP   3  06 16 0  F        12866.65
DP   3  06 16 1  F        12818.18
DP   3  06 17 0  F        12699.02
DP   3  06 17 1  F        12529.90
DP   3  06 18 0  F        12571.83
DP   3  06 18 1  F        13015.20
DP   3  06 19 0  F        13527.50
DP   3  06 19 1  F        13751.23
DP   3  06 20 0  F        13751.89
DP   3  06 20 1  F        13688.26
DP   3  06 21 0  F        13669.34
DP   3  06 21 1  F        13755.18
DP   3  06 22 0  F        13859.80
DP   3  06 22 1  F        13889.72
DP   3  06 23 0  F        13867.78
DP   3  06 23 1  F        13845.83
DP   4  06 00 0  F        7273.83
DP   4  06 00 1  F        7249.25
DP   4  06 01 0  F        7219.27
DP   4  06 01 1  F        7179.46
DP   4  06 02 0  F        7129.30
DP   4  06 02 1  F        7069.25
DP   4  06 03 0  F        6999.88
DP   4  06 03 1  F        6924.27
DP   4  06 04 0  F        6855.48
DP   4  06 04 1  F        6804.98
DP   4  06 05 0  F        6767.85
DP   4  06 05 1  F        6730.43
DP   4  06 06 0  F        6660.57
DP   4  06 06 1  F        6537.06
DP   4  06 07 0  F        6400.96
DP   4  06 07 1  F        6301.43
DP   4  06 08 0  F        6257.76
DP   4  06 08 1  F        6272.75
DP   4  06 09 0  F        6313.12
DP   4  06 09 1  F        6344.69
DP   4  06 10 0  F        6365.88
DP   4  06 10 1  F        6382.15
DP   4  06 11 0  F        6394.78
DP   4  06 11 1  F        6402.02
DP   4  06 12 0  F        6394.43
DP   4  06 12 1  F        6367.60
DP   4  06 13 0  F        6344.94
DP   4  06 13 1  F        6350.94
DP   4  06 14 0  F        6386.58
DP   4  06 14 1  F        6443.81
DP   4  06 15 0  F        6501.89
DP   4  06 15 1  F        6540.82
DP   4  06 16 0  F        6556.31
DP   4  06 16 1  F        6548.19
DP   4  06 17 0  F        6517.24
DP   4  06 17 1  F        6470.89
DP   4  06 18 0  F        6442.43
DP   4  06 18 1  F        6467.44
DP   4  06 19 0  F        6564.83
DP   4  06 19 1  F        6730.25
DP   4  06 20 0  F        6882.83
DP   4  06 20 1  F        6949.19
DP   4  06 21 0  F        6962.38
DP   4  06 21 1  F        6972.10
DP   4  06 22 0  F        6988.52
DP   4  06 22 1  F        7011.27
DP   4  06 23 0  F        7037.50
DP   4  06 23 1  F        7063.72
DP   1  07 00 0  F        40773.95
DP   1  07 00 1  F        39682.17
DP   1  07 01 0  F        38637.12
DP   1  07 01 1  F        37680.00
DP   1  07 02 0  F        36829.84
DP   1  07 02 1  F        36097.05
DP   1  07 03 0  F        35479.74
DP   1  07 03 1  F        34979.60
DP   1  07 04 0  F        34625.08
DP   1  07 04 1  F        34416.47
DP   1  07 05 0  F        34214.72
DP   1  07 05 1  F        33874.52
DP   1  07 06 0  F        33364.95
DP   1  07 06 1  F        32754.40
DP   1  07 07 0  F        32393.93
DP   1  07 07 1  F        32574.48
DP   1  07 08 0  F        33063.68
DP   1  07 08 1  F        33573.97
DP   1  07 09 0  F        34120.48
DP   1  07 09 1  F        34751.44
DP   1  07 10 0  F        35345.14
DP   1  07 10 1  F        35791.71
DP   1  07 11 0  F        36198.77
DP   1  07 11 1  F        36681.07
DP   1  07 12 0  F        37164.45
DP   1  07 12 1  F        37542.60
DP   1  07 13 0  F        37769.43
DP   1  07 13 1  F        37836.57
DP   1  07 14 0  F        37826.12
DP   1  07 14 1  F        37826.96
DP   1  07 15 0  F        37864.46
DP   1  07 15 1  F        37958.59
DP   1  07 16 0  F        38171.27
DP   1  07 16 1  F        38548.66
DP   1  07 17 0  F        39032.14
DP   1  07 17 1  F        39546.73
DP   1  07 18 0  F        40057.12
DP   1  07 18 1  F        40602.09
DP   1  07 19 0  F        41477.35
DP   1  07 19 1  F        42847.13
DP   1  07 20 0  F        44092.89
DP   1  07 20 1  F        44592.64
DP   1  07 21 0  F        44493.28
DP   1  07 21 1  F        44087.70
DP   1  07 22 0  F        43483.73
DP   1  07 22 1  F        42744.08
DP   1  07 23 0  F        41936.04
DP   1  07 23 1  F        41127.99
DP   2  07 00 0  F        12266.23
DP   2  07 00 1  F        11898.70
DP   2  07 01 0  F        11543.37
DP   2  07 01 1  F        11211.57
DP   2  07 02 0  F        10911.09
DP   2  07 02 1  F        10648.02
DP   2  07 03 0  F        10425.26
DP   2  07 03 1  F        10246.57
DP   2  07 04 0  F        10122.54
DP   2  07 04 1  F        10054.79
DP   2  07 05 0  F        10002.54
DP   2  07 05 1  F        9923.90
DP   2  07 06 0  F        9814.96
DP   2  07 06 1  F        9700.60
DP   2  07 07 0  F        9682.56
DP   2  07 07 1  F        9844.77
DP   2  07 08 0  F        10122.88
DP   2  07 08 1  F        10422.64
DP   2  07 09 0  F        10678.56
DP   2  07 09 1  F        10859.40
DP   2  07 10 0  F        11042.34
DP   2  07 10 1  F        11300.83
DP   2  07 11 0  F        11585.14
DP   2  07 11 1  F        11816.83
DP   2  07 12 0  F        11925.83
DP   2  07 12 1  F        11888.23
DP   2  07 13 0  F        11856.40
DP   2  07 13 1  F        11970.35
DP   2  07 14 0  F        12144.57
DP   2  07 14 1  F        12266.52
DP   2  07 15 0  F        12341.21
DP   2  07 15 1  F        12400.08
DP   2  07 16 0  F        12462.86
DP   2  07 16 1  F        12544.54
DP   2  07 17 0  F        12653.08
DP   2  07 17 1  F        12773.63
DP   2  07 18 0  F        12807.07
DP   2  07 18 1  F        12704.96
DP   2  07 19 0  F        12705.57
DP   2  07 19 1  F        13022.14
DP   2  07 20 0  F        13480.99
DP   2  07 20 1  F        13848.79
DP   2  07 21 0  F        14040.54
DP   2  07 21 1  F        14033.82
DP   2  07 22 0  F        13908.32
DP   2  07 22 1  F        13752.85
DP   2  07 23 0  F        13590.61
DP   2  07 23 1  F        13428.36
DP   3  07 00 0  F        13658.33
DP   3  07 00 1  F        13470.63
DP   3  07 01 0  F        13274.84
DP   3  07 01 1  F        13071.25
DP   3  07 02 0  F        12893.76
DP   3  07 02 1  F        12769.65
DP   3  07 03 0  F        12666.00
DP   3  07 03 1  F        12550.25
DP   3  07 04 0  F        12451.47
DP   3  07 04 1  F        12383.38
DP   3  07 05 0  F        12236.70
DP   3  07 05 1  F        11917.80
DP   3  07 06 0  F        11518.62
DP   3  07 06 1  F        11166.46
DP   3  07 07 0  F        10944.63
DP   3  07 07 1  F        10898.12
DP   3  07 08 0  F        10962.74
DP   3  07 08 1  F        11054.73
DP   3  07 09 0  F        11121.13
DP   3  07 09 1  F        11135.00
DP   3  07 10 0  F        11142.55
DP   3  07 10 1  F        11192.45
DP   3  07 11 0  F        11270.14
DP   3  07 11 1  F        11347.84
DP   3  07 12 0  F        11408.21
DP   3  07 12 1  F        11443.45
DP   3  07 13 0  F        11473.48
DP   3  07 13 1  F        11519.14
DP   3  07 14 0  F        11577.26
DP   3  07 14 1  F        11637.56
DP   3  07 15 0  F        11685.35
DP   3  07 15 1  F        11710.34
DP   3  07 16 0  F        11724.40
DP   3  07 16 1  F        11735.70
DP   3  07 17 0  F        11715.50
DP   3  07 17 1  F        11678.58
DP   3  07 18 0  F        11850.56
DP   3  07 18 1  F        12387.32
DP   3  07 19 0  F        12954.78
DP   3  07 19 1  F        13207.74
DP   3  07 20 0  F        13246.30
DP   3  07 20 1  F        13252.80
DP   3  07 21 0  F        13293.10
DP   3  07 21 1  F        13386.12
DP   3  07 22 0  F        13479.49
DP   3  07 22 1  F        13520.51
DP   3  07 23 0  F        13526.60
DP   3  07 23 1  F        13532.68
DP   4  07 00 0  F        7208.49
DP   4  07 00 1  F        7188.32
DP   4  07 01 0  F        7161.71
DP   4  07 01 1  F        7123.38
DP   4  07 02 0  F        7072.77
DP   4  07 02 1  F        7011.53
DP   4  07 03 0  F        6945.63
DP   4  07 03 1  F        6881.24
DP   4  07 04 0  F        6821.08
DP   4  07 04 1  F        6767.41
DP   4  07 05 0  F        6724.03
DP   4  07 05 1  F        6686.71
DP   4  07 06 0  F        6617.35
DP   4  07 06 1  F        6487.26
DP   4  07 07 0  F        6339.15
DP   4  07 07 1  F        6222.39
DP   4  07 08 0  F        6141.69
DP   4  07 08 1  F        6089.37
DP   4  07 09 0  F        6053.04
DP   4  07 09 1  F        6022.10
DP   4  07 10 0  F        5997.92
DP   4  07 10 1  F        5983.27
DP   4  07 11 0  F        5974.56
DP   4  07 11 1  F        5967.40
DP   4  07 12 0  F        5960.42
DP   4  07 12 1  F        5954.97
DP   4  07 13 0  F        5960.16
DP   4  07 13 1  F        5984.66
DP   4  07 14 0  F        6027.74
DP   4  07 14 1  F        6083.74
DP   4  07 15 0  F        6136.85
DP   4  07 15 1  F        6173.69
DP   4  07 16 0  F        6200.79
DP   4  07 16 1  F        6225.16
DP   4  07 17 0  F        6235.76
DP   4  07 17 1  F        6227.84
DP   4  07 18 0  F        6239.94
DP   4  07 18 1  F        6312.51
DP   4  07 19 0  F        6450.49
DP   4  07 19 1  F        6636.70
DP   4  07 20 0  F        6801.14
DP   4  07 20 1  F        6883.85
DP   4  07 21 0  F        6917.98
DP   4  07 21 1  F        6951.02
DP   4  07 22 0  F        6994.61
DP   4  07 22 1  F        7049.91
DP   4  07 23 0  F        7111.82
DP   4  07 23 1  F        7173.74
DP   1  08 00 0  F        40498.64
DP   1  08 00 1  F        39505.20
DP   1  08 01 0  F        38541.27
DP   1  08 01 1  F        37645.10
DP   1  08 02 0  F        36889.85
DP   1  08 02 1  F        36330.34
DP   1  08 03 0  F        35913.09
DP   1  08 03 1  F        35582.57
DP   1  08 04 0  F        35383.34
DP   1  08 04 1  F        35357.15
DP   1  08 05 0  F        35434.34
DP   1  08 05 1  F        35556.24
DP   1  08 06 0  F        35819.47
DP   1  08 06 1  F        36356.20
DP   1  08 07 0  F        37285.40
DP   1  08 07 1  F        38658.34
DP   1  08 08 0  F        40268.70
DP   1  08 08 1  F        41866.37
DP   1  08 09 0  F        43283.54
DP   1  08 09 1  F        44417.18
DP   1  08 10 0  F        45341.09
DP   1  08 10 1  F        46135.18
DP   1  08 11 0  F        46726.98
DP   1  08 11 1  F        47039.84
DP   1  08 12 0  F        47132.86
DP   1  08 12 1  F        47134.52
DP   1  08 13 0  F        47315.30
DP   1  08 13 1  F        47869.35
DP   1  08 14 0  F        48543.58
DP   1  08 14 1  F        49044.34
DP   1  08 15 0  F        49363.11
DP   1  08 15 1  F        49564.45
DP   1  08 16 0  F        49720.23
DP   1  08 16 1  F        49815.24
DP   1  08 17 0  F        49478.59
DP   1  08 17 1  F        48437.24
DP   1  08 18 0  F        47165.04
DP   1  08 18 1  F        46279.93
DP   1  08 19 0  F        46229.04
DP   1  08 19 1  F        47173.70
DP   1  08 20 0  F        48302.71
DP   1  08 20 1  F        48809.51
DP   1  08 21 0  F        48878.61
DP   1  08 21 1  F        48826.92
DP   1  08 22 0  F        48509.85
DP   1  08 22 1  F        47754.56
DP   1  08 23 0  F        46736.61
DP   1  08 23 1  F        45718.66
DP   2  08 00 0  F        13246.40
DP   2  08 00 1  F        12865.68
DP   2  08 01 0  F        12515.85
DP   2  08 01 1  F        12218.61
DP   2  08 02 0  F        11958.89
DP   2  08 02 1  F        11720.70
DP   2  08 03 0  F        11520.99
DP   2  08 03 1  F        11379.64
DP   2  08 04 0  F        11295.40
DP   2  08 04 1  F        11264.56
DP   2  08 05 0  F        11294.65
DP   2  08 05 1  F        11388.61
DP   2  08 06 0  F        11519.83
DP   2  08 06 1  F        11689.31
DP   2  08 07 0  F        12038.05
DP   2  08 07 1  F        12680.85
DP   2  08 08 0  F        13487.64
DP   2  08 08 1  F        14277.15
DP   2  08 09 0  F        14908.08
DP   2  08 09 1  F        15301.72
DP   2  08 10 0  F        15589.60
DP   2  08 10 1  F        15917.84
DP   2  08 11 0  F        16280.76
DP   2  08 11 1  F        16595.40
DP   2  08 12 0  F        16621.57
DP   2  08 12 1  F        16253.25
DP   2  08 13 0  F        16078.48
DP   2  08 13 1  F        16613.00
DP   2  08 14 0  F        17389.40
DP   2  08 14 1  F        17844.42
DP   2  08 15 0  F        18014.58
DP   2  08 15 1  F        18060.66
DP   2  08 16 0  F        18040.87
DP   2  08 16 1  F        17971.69
DP   2  08 17 0  F        17805.19
DP   2  08 17 1  F        17467.90
DP   2  08 18 0  F        16848.59
DP   2  08 18 1  F        15953.98
DP   2  08 19 0  F        15300.42
DP   2  08 19 1  F        15333.56
DP   2  08 20 0  F        15706.67
DP   2  08 20 1  F        15982.83
DP   2  08 21 0  F        16156.68
DP   2  08 21 1  F        16299.76
DP   2  08 22 0  F        16359.76
DP   2  08 22 1  F        16281.11
DP   2  08 23 0  F        16119.28
DP   2  08 23 1  F        15957.44
DP   3  08 00 0  F        13641.25
DP   3  08 00 1  F        13422.90
DP   3  08 01 0  F        13214.01
DP   3  08 01 1  F        13023.78
DP   3  08 02 0  F        12860.19
DP   3  08 02 1  F        12726.48
DP   3  08 03 0  F        12607.96
DP   3  08 03 1  F        12495.00
DP   3  08 04 0  F        12415.99
DP   3  08 04 1  F        12379.13
DP   3  08 05 0  F        12273.70
DP   3  08 05 1  F        12010.91
DP   3  08 06 0  F        11708.46
DP   3  08 06 1  F        11520.35
DP   3  08 07 0  F        11539.23
DP   3  08 07 1  F        11811.90
DP   3  08 08 0  F        12263.12
DP   3  08 08 1  F        12779.64
DP   3  08 09 0  F        13218.39
DP   3  08 09 1  F        13476.30
DP   3  08 10 0  F        13640.11
DP   3  08 10 1  F        13812.13
DP   3  08 11 0  F        13967.11
DP   3  08 11 1  F        14049.93
DP   3  08 12 0  F        14013.62
DP   3  08 12 1  F        13859.84
DP   3  08 13 0  F        13776.62
DP   3  08 13 1  F        13927.18
DP   3  08 14 0  F        14189.08
DP   3  08 14 1  F        14399.89
DP   3  08 15 0  F        14522.79
DP   3  08 15 1  F        14558.72
DP   3  08 16 0  F        14533.78
DP   3  08 16 1  F        14449.71
DP   3  08 17 0  F        14185.58
DP   3  08 17 1  F        13690.99
DP   3  08 18 0  F        13320.35
DP   3  08 18 1  F        13384.05
DP   3  08 19 0  F        13611.57
DP   3  08 19 1  F        13675.43
DP   3  08 20 0  F        13601.15
DP   3  08 20 1  F        13514.47
DP   3  08 21 0  F        13588.90
DP   3  08 21 1  F        13924.68
DP   3  08 22 0  F        14281.08
DP   3  08 22 1  F        14411.93
DP   3  08 23 0  F        14390.12
DP   3  08 23 1  F        14368.30
DP   4  08 00 0  F        7198.98
DP   4  08 00 1  F        7174.76
DP   4  08 01 0  F        7142.13
DP   4  08 01 1  F        7095.02
DP   4  08 02 0  F        7036.82
DP   4  08 02 1  F        6972.66
DP   4  08 03 0  F        6905.28
DP   4  08 03 1  F        6837.91
DP   4  08 04 0  F        6778.28
DP   4  08 04 1  F        6733.29
DP   4  08 05 0  F        6702.01
DP   4  08 05 1  F        6674.49
DP   4  08 06 0  F        6612.42
DP   4  08 06 1  F        6491.65
DP   4  08 07 0  F        6373.07
DP   4  08 07 1  F        6326.69
DP   4  08 08 0  F        6374.04
DP   4  08 08 1  F        6509.65
DP   4  08 09 0  F        6668.46
DP   4  08 09 1  F        6787.39
DP   4  08 10 0  F        6870.88
DP   4  08 10 1  F        6934.73
DP   4  08 11 0  F        6972.94
DP   4  08 11 1  F        6977.68
DP   4  08 12 0  F        6955.70
DP   4  08 12 1  F        6922.40
DP   4  08 13 0  F        6913.38
DP   4  08 13 1  F        6959.17
DP   4  08 14 0  F        7049.98
DP   4  08 14 1  F        7161.74
DP   4  08 15 0  F        7253.60
DP   4  08 15 1  F        7292.44
DP   4  08 16 0  F        7292.86
DP   4  08 16 1  F        7271.84
DP   4  08 17 0  F        7208.12
DP   4  08 17 1  F        7082.51
DP   4  08 18 0  F        6922.28
DP   4  08 18 1  F        6774.92
DP   4  08 19 0  F        6722.20
DP   4  08 19 1  F        6815.56
DP   4  08 20 0  F        6950.81
DP   4  08 20 1  F        7021.38
DP   4  08 21 0  F        7066.85
DP   4  08 21 1  F        7144.43
DP   4  08 22 0  F        7235.69
DP   4  08 22 1  F        7311.47
DP   4  08 23 0  F        7375.41
DP   4  08 23 1  F        7439.35
DP   1  09 00 0  F        44228.21
DP   1  09 00 1  F        42800.07
DP   1  09 01 0  F        41483.09
DP   1  09 01 1  F        40367.47
DP   1  09 02 0  F        39459.59
DP   1  09 02 1  F        38742.46
DP   1  09 03 0  F        38189.32
DP   1  09 03 1  F        37780.07
DP   1  09 04 0  F        37530.84
DP   1  09 04 1  F        37451.99
DP   1  09 05 0  F        37494.66
DP   1  09 05 1  F        37611.18
DP   1  09 06 0  F        37818.06
DP   1  09 06 1  F        38191.86
DP   1  09 07 0  F        38985.26
DP   1  09 07 1  F        40374.40
DP   1  09 08 0  F        42053.11
DP   1  09 08 1  F        43647.90
DP   1  09 09 0  F        44998.39
DP   1  09 09 1  F        46041.70
DP   1  09 10 0  F        46891.95
DP   1  09 10 1  F        47655.31
DP   1  09 11 0  F        48229.41
DP   1  09 11 1  F        48503.26
DP   1  09 12 0  F        48539.99
DP   1  09 12 1  F        48485.78
DP   1  09 13 0  F        48644.66
DP   1  09 13 1  F        49236.44
DP   1  09 14 0  F        49986.27
DP   1  09 14 1  F        50561.82
DP   1  09 15 0  F        50895.56
DP   1  09 15 1  F        51018.57
DP   1  09 16 0  F        51091.32
DP   1  09 16 1  F        51175.99
DP   1  09 17 0  F        50812.19
DP   1  09 17 1  F        49639.86
DP   1  09 18 0  F        48222.90
DP   1  09 18 1  F        47283.43
DP   1  09 19 0  F        47252.61
DP   1  09 19 1  F        48237.83
DP   1  09 20 0  F        49342.38
DP   1  09 20 1  F        49703.25
DP   1  09 21 0  F        49596.49
DP   1  09 21 1  F        49436.54
DP   1  09 22 0  F        49052.45
DP   1  09 22 1  F        48224.89
DP   1  09 23 0  F        47126.60
DP   1  09 23 1  F        46028.31
DP   2  09 00 0  F        15190.64
DP   2  09 00 1  F        14635.06
DP   2  09 01 0  F        14144.13
DP   2  09 01 1  F        13758.35
DP   2  09 02 0  F        13421.62
DP   2  09 02 1  F        13079.60
DP   2  09 03 0  F        12781.68
DP   2  09 03 1  F        12582.83
DP   2  09 04 0  F        12456.58
DP   2  09 04 1  F        12369.40
DP   2  09 05 0  F        12340.73
DP   2  09 05 1  F        12386.65
DP   2  09 06 0  F        12456.70
DP   2  09 06 1  F        12534.11
DP   2  09 07 0  F        12803.66
DP   2  09 07 1  F        13420.08
DP   2  09 08 0  F        14216.53
DP   2  09 08 1  F        14968.66
DP   2  09 09 0  F        15543.69
DP   2  09 09 1  F        15882.22
DP   2  09 10 0  F        16126.84
DP   2  09 10 1  F        16425.07
DP   2  09 11 0  F        16742.33
DP   2  09 11 1  F        16974.44
DP   2  09 12 0  F        16920.85
DP   2  09 12 1  F        16511.73
DP   2  09 13 0  F        16296.29
DP   2  09 13 1  F        16750.93
DP   2  09 14 0  F        17441.73
DP   2  09 14 1  F        17843.43
DP   2  09 15 0  F        17975.59
DP   2  09 15 1  F        17977.51
DP   2  09 16 0  F        17922.55
DP   2  09 16 1  F        17844.09
DP   2  09 17 0  F        17681.25
DP   2  09 17 1  F        17348.80
DP   2  09 18 0  F        16758.30
DP   2  09 18 1  F        15934.56
DP   2  09 19 0  F        15358.67
DP   2  09 19 1  F        15435.83
DP   2  09 20 0  F        15811.20
DP   2  09 20 1  F        16051.94
DP   2  09 21 0  F        16173.25
DP   2  09 21 1  F        16268.09
DP   2  09 22 0  F        16292.55
DP   2  09 22 1  F        16193.89
DP   2  09 23 0  F        16020.97
DP   2  09 23 1  F        15848.06
DP   3  09 00 0  F        14139.50
DP   3  09 00 1  F        13899.59
DP   3  09 01 0  F        13664.84
DP   3  09 01 1  F        13442.89
DP   3  09 02 0  F        13251.22
DP   3  09 02 1  F        13102.43
DP   3  09 03 0  F        12979.81
DP   3  09 03 1  F        12869.48
DP   3  09 04 0  F        12798.35
DP   3  09 04 1  F        12770.51
DP   3  09 05 0  F        12658.25
DP   3  09 05 1  F        12361.14
DP   3  09 06 0  F        12019.78
DP   3  09 06 1  F        11813.65
DP   3  09 07 0  F        11836.61
DP   3  09 07 1  F        12127.26
DP   3  09 08 0  F        12588.80
DP   3  09 08 1  F        13091.14
DP   3  09 09 0  F        13506.52
DP   3  09 09 1  F        13749.08
DP   3  09 10 0  F        13898.38
DP   3  09 10 1  F        14048.67
DP   3  09 11 0  F        14187.81
DP   3  09 11 1  F        14272.62
DP   3  09 12 0  F        14242.23
DP   3  09 12 1  F        14082.19
DP   3  09 13 0  F        13981.45
DP   3  09 13 1  F        14109.77
DP   3  09 14 0  F        14356.92
DP   3  09 14 1  F        14569.27
DP   3  09 15 0  F        14699.74
DP   3  09 15 1  F        14735.93
DP   3  09 16 0  F        14697.55
DP   3  09 16 1  F        14586.20
DP   3  09 17 0  F        14298.63
DP   3  09 17 1  F        13799.52
DP   3  09 18 0  F        13429.85
DP   3  09 18 1  F        13486.13
DP   3  09 19 0  F        13710.80
DP   3  09 19 1  F        13788.89
DP   3  09 20 0  F        13729.95
DP   3  09 20 1  F        13640.84
DP   3  09 21 0  F        13693.01
DP   3  09 21 1  F        13992.46
DP   3  09 22 0  F        14318.65
DP   3  09 22 1  F        14442.73
DP   3  09 23 0  F        14429.11
DP   3  09 23 1  F        14415.49
DP   4  09 00 0  F        7576.20
DP   4  09 00 1  F        7531.91
DP   4  09 01 0  F        7475.38
DP   4  09 01 1  F        7399.86
DP   4  09 02 0  F        7320.52
DP   4  09 02 1  F        7251.30
DP   4  09 03 0  F        7179.37
DP   4  09 03 1  F        7092.76
DP   4  09 04 0  F        7009.67
DP   4  09 04 1  F        6949.91
DP   4  09 05 0  F        6909.48
DP   4  09 05 1  F        6872.92
DP   4  09 06 0  F        6802.65
DP   4  09 06 1  F        6675.37
DP   4  09 07 0  F        6546.99
DP   4  09 07 1  F        6484.66
DP   4  09 08 0  F        6521.28
DP   4  09 08 1  F        6661.83
DP   4  09 09 0  F        6833.76
DP   4  09 09 1  F        6964.25
DP   4  09 10 0  F        7056.92
DP   4  09 10 1  F        7128.64
DP   4  09 11 0  F        7173.06
DP   4  09 11 1  F        7180.38
DP   4  09 12 0  F        7150.44
DP   4  09 12 1  F        7096.33
DP   4  09 13 0  F        7074.48
DP   4  09 13 1  F        7133.79
DP   4  09 14 0  F        7249.57
DP   4  09 14 1  F        7379.33
DP   4  09 15 0  F        7482.75
DP   4  09 15 1  F        7529.87
DP   4  09 16 0  F        7529.80
DP   4  09 16 1  F        7494.78
DP   4  09 17 0  F        7410.38
DP   4  09 17 1  F        7265.51
DP   4  09 18 0  F        7089.30
DP   4  09 18 1  F        6929.20
DP   4  09 19 0  F        6866.03
DP   4  09 19 1  F        6950.99
DP   4  09 20 0  F        7083.52
DP   4  09 20 1  F        7158.57
DP   4  09 21 0  F        7204.73
DP   4  09 21 1  F        7269.89
DP   4  09 22 0  F        7345.19
DP   4  09 22 1  F        7412.56
DP   4  09 23 0  F        7473.49
DP   4  09 23 1  F        7534.43
DP   1  10 00 0  F        44837.85
DP   1  10 00 1  F        43417.35
DP   1  10 01 0  F        42094.55
DP   1  10 01 1  F        40953.59
DP   1  10 02 0  F        40024.19
DP   1  10 02 1  F        39307.85
DP   1  10 03 0  F        38747.39
DP   1  10 03 1  F        38296.69
DP   1  10 04 0  F        38012.54
DP   1  10 04 1  F        37942.60
DP   1  10 05 0  F        37994.97
DP   1  10 05 1  F        38077.85
DP   1  10 06 0  F        38239.42
DP   1  10 06 1  F        38595.15
DP   1  10 07 0  F        39389.93
DP   1  10 07 1  F        40782.21
DP   1  10 08 0  F        42455.41
DP   1  10 08 1  F        44028.23
DP   1  10 09 0  F        45335.51
DP   1  10 09 1  F        46313.42
DP   1  10 10 0  F        47087.36
DP   1  10 10 1  F        47774.96
DP   1  10 11 0  F        48273.72
DP   1  10 11 1  F        48473.78
DP   1  10 12 0  F        48455.92
DP   1  10 12 1  F        48379.95
DP   1  10 13 0  F        48530.98
DP   1  10 13 1  F        49106.70
DP   1  10 14 0  F        49829.79
DP   1  10 14 1  F        50372.53
DP   1  10 15 0  F        50680.61
DP   1  10 15 1  F        50790.24
DP   1  10 16 0  F        50826.34
DP   1  10 16 1  F        50829.99
DP   1  10 17 0  F        50418.20
DP   1  10 17 1  F        49308.57
DP   1  10 18 0  F        48045.14
DP   1  10 18 1  F        47297.35
DP   1  10 19 0  F        47409.93
DP   1  10 19 1  F        48417.80
DP   1  10 20 0  F        49441.35
DP   1  10 20 1  F        49659.01
DP   1  10 21 0  F        49395.85
DP   1  10 21 1  F        49107.99
DP   1  10 22 0  F        48629.10
DP   1  10 22 1  F        47733.65
DP   1  10 23 0  F        46581.70
DP   1  10 23 1  F        45429.76
DP   2  10 00 0  F        14768.46
DP   2  10 00 1  F        14212.12
DP   2  10 01 0  F        13723.19
DP   2  10 01 1  F        13345.06
DP   2  10 02 0  F        13025.07
DP   2  10 02 1  F        12709.76
DP   2  10 03 0  F        12438.40
DP   2  10 03 1  F        12256.45
DP   2  10 04 0  F        12141.42
DP   2  10 04 1  F        12064.35
DP   2  10 05 0  F        12038.45
DP   2  10 05 1  F        12073.97
DP   2  10 06 0  F        12127.33
DP   2  10 06 1  F        12189.29
DP   2  10 07 0  F        12441.68
DP   2  10 07 1  F        13036.56
DP   2  10 08 0  F        13815.78
DP   2  10 08 1  F        14563.72
DP   2  10 09 0  F        15144.90
DP   2  10 09 1  F        15494.50
DP   2  10 10 0  F        15749.84
DP   2  10 10 1  F        16054.31
DP   2  10 11 0  F        16373.21
DP   2  10 11 1  F        16606.28
DP   2  10 12 0  F        16569.12
DP   2  10 12 1  F        16204.47
DP   2  10 13 0  F        16048.06
DP   2  10 13 1  F        16558.72
DP   2  10 14 0  F        17294.87
DP   2  10 14 1  F        17726.11
DP   2  10 15 0  F        17867.34
DP   2  10 15 1  F        17858.76
DP   2  10 16 0  F        17796.67
DP   2  10 16 1  F        17734.11
DP   2  10 17 0  F        17594.97
DP   2  10 17 1  F        17275.03
DP   2  10 18 0  F        16686.58
DP   2  10 18 1  F        15858.65
DP   2  10 19 0  F        15270.62
DP   2  10 19 1  F        15328.37
DP   2  10 20 0  F        15693.55
DP   2  10 20 1  F        15949.26
DP   2  10 21 0  F        16108.64
DP   2  10 21 1  F        16256.38
DP   2  10 22 0  F        16333.42
DP   2  10 22 1  F        16274.42
DP   2  10 23 0  F        16132.58
DP   2  10 23 1  F        15990.73
DP   3  10 00 0  F        13891.34
DP   3  10 00 1  F        13637.89
DP   3  10 01 0  F        13397.72
DP   3  10 01 1  F        13183.81
DP   3  10 02 0  F        13007.92
DP   3  10 02 1  F        12873.90
DP   3  10 03 0  F        12755.26
DP   3  10 03 1  F        12633.42
DP   3  10 04 0  F        12551.67
DP   3  10 04 1  F        12530.16
DP   3  10 05 0  F        12434.32
DP   3  10 05 1  F        12152.86
DP   3  10 06 0  F        11822.29
DP   3  10 06 1  F        11621.72
DP   3  10 07 0  F        11653.00
DP   3  10 07 1  F        11959.88
DP   3  10 08 0  F        12430.98
DP   3  10 08 1  F        12923.65
DP   3  10 09 0  F        13325.19
DP   3  10 09 1  F        13565.82
DP   3  10 10 0  F        13717.53
DP   3  10 10 1  F        13864.03
DP   3  10 11 0  F        13994.37
DP   3  10 11 1  F        14069.06
DP   3  10 12 0  F        14029.19
DP   3  10 12 1  F        13863.21
DP   3  10 13 0  F        13768.23
DP   3  10 13 1  F        13918.09
DP   3  10 14 0  F        14184.75
DP   3  10 14 1  F        14396.51
DP   3  10 15 0  F        14508.83
DP   3  10 15 1  F        14518.85
DP   3  10 16 0  F        14463.30
DP   3  10 16 1  F        14355.65
DP   3  10 17 0  F        14076.84
DP   3  10 17 1  F        13577.59
DP   3  10 18 0  F        13220.27
DP   3  10 18 1  F        13318.54
DP   3  10 19 0  F        13579.21
DP   3  10 19 1  F        13653.91
DP   3  10 20 0  F        13580.08
DP   3  10 20 1  F        13497.14
DP   3  10 21 0  F        13566.59
DP   3  10 21 1  F        13876.40
DP   3  10 22 0  F        14198.36
DP   3  10 22 1  F        14301.01
DP   3  10 23 0  F        14256.11
DP   3  10 23 1  F        14211.21
DP   4  10 00 0  F        7307.06
DP   4  10 00 1  F        7272.71
DP   4  10 01 0  F        7225.32
DP   4  10 01 1  F        7156.88
DP   4  10 02 0  F        7079.35
DP   4  10 02 1  F        7005.86
DP   4  10 03 0  F        6934.16
DP   4  10 03 1  F        6860.60
DP   4  10 04 0  F        6791.48
DP   4  10 04 1  F        6734.79
DP   4  10 05 0  F        6695.44
DP   4  10 05 1  F        6667.81
DP   4  10 06 0  F        6607.12
DP   4  10 06 1  F        6482.09
DP   4  10 07 0  F        6354.52
DP   4  10 07 1  F        6298.39
DP   4  10 08 0  F        6343.26
DP   4  10 08 1  F        6488.60
DP   4  10 09 0  F        6657.81
DP   4  10 09 1  F        6776.10
DP   4  10 10 0  F        6852.02
DP   4  10 10 1  F        6908.81
DP   4  10 11 0  F        6944.95
DP   4  10 11 1  F        6953.32
DP   4  10 12 0  F        6928.91
DP   4  10 12 1  F        6879.51
DP   4  10 13 0  F        6862.17
DP   4  10 13 1  F        6927.28
DP   4  10 14 0  F        7049.65
DP   4  10 14 1  F        7185.34
DP   4  10 15 0  F        7291.31
DP   4  10 15 1  F        7335.47
DP   4  10 16 0  F        7328.77
DP   4  10 16 1  F        7286.86
DP   4  10 17 0  F        7201.11
DP   4  10 17 1  F        7065.33
DP   4  10 18 0  F        6907.29
DP   4  10 18 1  F        6770.99
DP   4  10 19 0  F        6731.33
DP   4  10 19 1  F        6833.33
DP   4  10 20 0  F        6971.39
DP   4  10 20 1  F        7038.88
DP   4  10 21 0  F        7075.44
DP   4  10 21 1  F        7139.52
DP   4  10 22 0  F        7218.43
DP   4  10 22 1  F        7288.08
DP   4  10 23 0  F        7349.90
DP   4  10 23 1  F        7411.72
