&   CARGA
&
&   ss  di hi m df hf m Demanda
&X  XX  XX XX X XX XX X XXXXXXXXXX
DP   1  20 00 0  F        46981.28
DP   1  20 00 1  F        45754.65
DP   1  20 01 0  F        44597.38
DP   1  20 01 1  F        43564.33
DP   1  20 02 0  F        42652.44
DP   1  20 02 1  F        41851.70
DP   1  20 03 0  F        41182.30
DP   1  20 03 1  F        40667.37
DP   1  20 04 0  F        40311.66
DP   1  20 04 1  F        40099.09
DP   1  20 05 0  F        39948.61
DP   1  20 05 1  F        39772.94
DP   1  20 06 0  F        39524.89
DP   1  20 06 1  F        39244.25
DP   1  20 07 0  F        39278.50
DP   1  20 07 1  F        39927.29
DP   1  20 08 0  F        40991.28
DP   1  20 08 1  F        42169.19
DP   1  20 09 0  F        43250.88
DP   1  20 09 1  F        44094.75
DP   1  20 10 0  F        44742.16
DP   1  20 10 1  F        45255.54
DP   1  20 11 0  F        45598.86
DP   1  20 11 1  F        45740.71
DP   1  20 12 0  F        45766.82
DP   1  20 12 1  F        45774.33
DP   1  20 13 0  F        45789.03
DP   1  20 13 1  F        45814.34
DP   1  20 14 0  F        45835.67
DP   1  20 14 1  F        45832.76
DP   1  20 15 0  F        45780.76
DP   1  20 15 1  F        45670.24
DP   1  20 16 0  F        45557.99
DP   1  20 16 1  F        45481.70
DP   1  20 17 0  F        45336.54
DP   1  20 17 1  F        45049.09
DP   1  20 18 0  F        44814.18
DP   1  20 18 1  F        44888.68
DP   1  20 19 0  F        45509.53
DP   1  20 19 1  F        46717.20
DP   1  20 20 0  F        47786.24
DP   1  20 20 1  F        48034.76
DP   1  20 21 0  F        47720.86
DP   1  20 21 1  F        47241.80
DP   1  20 22 0  F        46611.30
DP   1  20 22 1  F        45780.39
DP   1  20 23 0  F        44832.68
DP   1  20 23 1  F        43884.97
DP   2  20 00 0  F        15157.35
DP   2  20 00 1  F        14645.57
DP   2  20 01 0  F        14170.91
DP   2  20 01 1  F        13761.94
DP   2  20 02 0  F        13412.94
DP   2  20 02 1  F        13113.14
DP   2  20 03 0  F        12865.97
DP   2  20 03 1  F        12675.11
DP   2  20 04 0  F        12531.16
DP   2  20 04 1  F        12429.31
DP   2  20 05 0  F        12396.25
DP   2  20 05 1  F        12443.51
DP   2  20 06 0  F        12490.63
DP   2  20 06 1  F        12492.08
DP   2  20 07 0  F        12634.10
DP   2  20 07 1  F        13083.86
DP   2  20 08 0  F        13700.52
DP   2  20 08 1  F        14286.59
DP   2  20 09 0  F        14726.15
DP   2  20 09 1  F        14966.22
DP   2  20 10 0  F        15124.04
DP   2  20 10 1  F        15324.92
DP   2  20 11 0  F        15556.04
DP   2  20 11 1  F        15749.56
DP   2  20 12 0  F        15755.60
DP   2  20 12 1  F        15499.44
DP   2  20 13 0  F        15288.97
DP   2  20 13 1  F        15407.77
DP   2  20 14 0  F        15659.61
DP   2  20 14 1  F        15787.64
DP   2  20 15 0  F        15772.38
DP   2  20 15 1  F        15663.35
DP   2  20 16 0  F        15548.76
DP   2  20 16 1  F        15499.33
DP   2  20 17 0  F        15477.05
DP   2  20 17 1  F        15414.81
DP   2  20 18 0  F        15237.68
DP   2  20 18 1  F        14935.24
DP   2  20 19 0  F        14762.90
DP   2  20 19 1  F        14936.36
DP   2  20 20 0  F        15246.60
DP   2  20 20 1  F        15432.08
DP   2  20 21 0  F        15445.80
DP   2  20 21 1  F        15302.30
DP   2  20 22 0  F        15047.65
DP   2  20 22 1  F        14731.60
DP   2  20 23 0  F        14386.96
DP   2  20 23 1  F        14042.31
DP   3  20 00 0  F        13793.51
DP   3  20 00 1  F        13581.38
DP   3  20 01 0  F        13370.30
DP   3  20 01 1  F        13166.16
DP   3  20 02 0  F        12994.27
DP   3  20 02 1  F        12871.80
DP   3  20 03 0  F        12764.00
DP   3  20 03 1  F        12639.58
DP   3  20 04 0  F        12533.23
DP   3  20 04 1  F        12466.48
DP   3  20 05 0  F        12342.23
DP   3  20 05 1  F        12072.34
DP   3  20 06 0  F        11723.20
DP   3  20 06 1  F        11402.20
DP   3  20 07 0  F        11226.29
DP   3  20 07 1  F        11274.00
DP   3  20 08 0  F        11460.75
DP   3  20 08 1  F        11673.79
DP   3  20 09 0  F        11851.08
DP   3  20 09 1  F        11959.81
DP   3  20 10 0  F        12033.54
DP   3  20 10 1  F        12112.07
DP   3  20 11 0  F        12193.81
DP   3  20 11 1  F        12261.27
DP   3  20 12 0  F        12274.86
DP   3  20 12 1  F        12215.21
DP   3  20 13 0  F        12166.02
DP   3  20 13 1  F        12204.10
DP   3  20 14 0  F        12275.79
DP   3  20 14 1  F        12313.50
DP   3  20 15 0  F        12324.42
DP   3  20 15 1  F        12327.57
DP   3  20 16 0  F        12314.28
DP   3  20 16 1  F        12268.54
DP   3  20 17 0  F        12172.43
DP   3  20 17 1  F        12057.74
DP   3  20 18 0  F        12156.84
DP   3  20 18 1  F        12631.87
DP   3  20 19 0  F        13163.38
DP   3  20 19 1  F        13412.24
DP   3  20 20 0  F        13442.09
DP   3  20 20 1  F        13402.03
DP   3  20 21 0  F        13380.20
DP   3  20 21 1  F        13424.15
DP   3  20 22 0  F        13479.82
DP   3  20 22 1  F        13486.66
DP   3  20 23 0  F        13459.64
DP   3  20 23 1  F        13432.62
DP   4  20 00 0  F        7640.97
DP   4  20 00 1  F        7592.68
DP   4  20 01 0  F        7545.56
DP   4  20 01 1  F        7499.15
DP   4  20 02 0  F        7446.29
DP   4  20 02 1  F        7380.56
DP   4  20 03 0  F        7305.03
DP   4  20 03 1  F        7225.41
DP   4  20 04 0  F        7148.67
DP   4  20 04 1  F        7082.85
DP   4  20 05 0  F        7039.13
DP   4  20 05 1  F        7018.58
DP   4  20 06 0  F        6978.68
DP   4  20 06 1  F        6882.63
DP   4  20 07 0  F        6760.04
DP   4  20 07 1  F        6655.77
DP   4  20 08 0  F        6609.36
DP   4  20 08 1  F        6643.51
DP   4  20 09 0  F        6718.74
DP   4  20 09 1  F        6790.67
DP   4  20 10 0  F        6857.41
DP   4  20 10 1  F        6923.49
DP   4  20 11 0  F        6976.61
DP   4  20 11 1  F        7002.53
DP   4  20 12 0  F        6996.10
DP   4  20 12 1  F        6961.82
DP   4  20 13 0  F        6933.81
DP   4  20 13 1  F        6945.20
DP   4  20 14 0  F        6995.61
DP   4  20 14 1  F        7071.08
DP   4  20 15 0  F        7137.02
DP   4  20 15 1  F        7163.94
DP   4  20 16 0  F        7163.52
DP   4  20 16 1  F        7151.42
DP   4  20 17 0  F        7118.35
DP   4  20 17 1  F        7056.88
DP   4  20 18 0  F        6992.24
DP   4  20 18 1  F        6961.66
DP   4  20 19 0  F        7017.73
DP   4  20 19 1  F        7184.07
DP   4  20 20 0  F        7353.18
DP   4  20 20 1  F        7420.54
DP   4  20 21 0  F        7424.66
DP   4  20 21 1  F        7427.64
DP   4  20 22 0  F        7442.80
DP   4  20 22 1  F        7469.98
DP   4  20 23 0  F        7503.81
DP   4  20 23 1  F        7537.64
