&   CARGA
&
&   ss  di hi m df hf m Demanda
&X  XX  XX XX X XX XX X XXXXXXXXXX
DP   1  23 00 0  F        42018.51
DP   1  23 00 1  F        40582.21
DP   1  23 01 0  F        39304.75
DP   1  23 01 1  F        38301.57
DP   1  23 02 0  F        37514.38
DP   1  23 02 1  F        36859.71
DP   1  23 03 0  F        36327.02
DP   1  23 03 1  F        35933.96
DP   1  23 04 0  F        35738.05
DP   1  23 04 1  F        35775.56
DP   1  23 05 0  F        35957.98
DP   1  23 05 1  F        36199.35
DP   1  23 06 0  F        36548.75
DP   1  23 06 1  F        37110.95
DP   1  23 07 0  F        38078.45
DP   1  23 07 1  F        39558.48
DP   1  23 08 0  F        41229.55
DP   1  23 08 1  F        42731.54
DP   1  23 09 0  F        43978.77
DP   1  23 09 1  F        44965.88
DP   1  23 10 0  F        45734.41
DP   1  23 10 1  F        46324.81
DP   1  23 11 0  F        46726.23
DP   1  23 11 1  F        46915.65
DP   1  23 12 0  F        46872.63
DP   1  23 12 1  F        46647.92
DP   1  23 13 0  F        46574.56
DP   1  23 13 1  F        46927.63
DP   1  23 14 0  F        47468.00
DP   1  23 14 1  F        47884.96
DP   1  23 15 0  F        48095.59
DP   1  23 15 1  F        48109.79
DP   1  23 16 0  F        48080.83
DP   1  23 16 1  F        48079.89
DP   1  23 17 0  F        47706.53
DP   1  23 17 1  F        46660.06
DP   1  23 18 0  F        45510.61
DP   1  23 18 1  F        44953.18
DP   1  23 19 0  F        45311.55
DP   1  23 19 1  F        46570.53
DP   1  23 20 0  F        47730.06
DP   1  23 20 1  F        47886.89
DP   1  23 21 0  F        47509.57
DP   1  23 21 1  F        47198.78
DP   1  23 22 0  F        46711.79
DP   1  23 22 1  F        45723.06
DP   1  23 23 0  F        44419.44
DP   1  23 23 1  F        43115.81
DP   2  23 00 0  F        15396.84
DP   2  23 00 1  F        14775.57
DP   2  23 01 0  F        14237.27
DP   2  23 01 1  F        13836.31
DP   2  23 02 0  F        13512.59
DP   2  23 02 1  F        13203.19
DP   2  23 03 0  F        12948.07
DP   2  23 03 1  F        12792.83
DP   2  23 04 0  F        12702.62
DP   2  23 04 1  F        12642.76
DP   2  23 05 0  F        12659.80
DP   2  23 05 1  F        12797.92
DP   2  23 06 0  F        13010.44
DP   2  23 06 1  F        13272.91
DP   2  23 07 0  F        13740.65
DP   2  23 07 1  F        14536.21
DP   2  23 08 0  F        15471.26
DP   2  23 08 1  F        16306.00
DP   2  23 09 0  F        16905.60
DP   2  23 09 1  F        17222.09
DP   2  23 10 0  F        17450.05
DP   2  23 10 1  F        17784.61
DP   2  23 11 0  F        18180.57
DP   2  23 11 1  F        18500.71
DP   2  23 12 0  F        18480.17
DP   2  23 12 1  F        18008.34
DP   2  23 13 0  F        17719.34
DP   2  23 13 1  F        18174.49
DP   2  23 14 0  F        18899.24
DP   2  23 14 1  F        19308.77
DP   2  23 15 0  F        19413.22
DP   2  23 15 1  F        19361.22
DP   2  23 16 0  F        19260.42
DP   2  23 16 1  F        19170.86
DP   2  23 17 0  F        19002.95
DP   2  23 17 1  F        18638.62
DP   2  23 18 0  F        17995.24
DP   2  23 18 1  F        17112.65
DP   2  23 19 0  F        16484.98
DP   2  23 19 1  F        16526.91
DP   2  23 20 0  F        16881.03
DP   2  23 20 1  F        17106.99
DP   2  23 21 0  F        17204.65
DP   2  23 21 1  F        17251.07
DP   2  23 22 0  F        17191.80
DP   2  23 22 1  F        16970.13
DP   2  23 23 0  F        16651.95
DP   2  23 23 1  F        16333.77
DP   3  23 00 0  F        13940.56
DP   3  23 00 1  F        13670.30
DP   3  23 01 0  F        13426.54
DP   3  23 01 1  F        13227.51
DP   3  23 02 0  F        13058.47
DP   3  23 02 1  F        12901.94
DP   3  23 03 0  F        12762.47
DP   3  23 03 1  F        12651.99
DP   3  23 04 0  F        12589.92
DP   3  23 04 1  F        12569.42
DP   3  23 05 0  F        12471.19
DP   3  23 05 1  F        12200.24
DP   3  23 06 0  F        11871.32
DP   3  23 06 1  F        11643.31
DP   3  23 07 0  F        11642.00
DP   3  23 07 1  F        11936.58
DP   3  23 08 0  F        12402.99
DP   3  23 08 1  F        12882.10
DP   3  23 09 0  F        13267.89
DP   3  23 09 1  F        13499.67
DP   3  23 10 0  F        13645.17
DP   3  23 10 1  F        13783.03
DP   3  23 11 0  F        13907.10
DP   3  23 11 1  F        13982.46
DP   3  23 12 0  F        13943.86
DP   3  23 12 1  F        13771.63
DP   3  23 13 0  F        13658.90
DP   3  23 13 1  F        13779.39
DP   3  23 14 0  F        14016.31
DP   3  23 14 1  F        14209.91
DP   3  23 15 0  F        14318.91
DP   3  23 15 1  F        14338.11
DP   3  23 16 0  F        14287.94
DP   3  23 16 1  F        14171.29
DP   3  23 17 0  F        13895.18
DP   3  23 17 1  F        13432.09
DP   3  23 18 0  F        13112.23
DP   3  23 18 1  F        13216.16
DP   3  23 19 0  F        13467.99
DP   3  23 19 1  F        13542.07
DP   3  23 20 0  F        13470.16
DP   3  23 20 1  F        13380.81
DP   3  23 21 0  F        13432.44
DP   3  23 21 1  F        13714.95
DP   3  23 22 0  F        14014.29
DP   3  23 22 1  F        14111.53
DP   3  23 23 0  F        14072.17
DP   3  23 23 1  F        14032.81
DP   4  23 00 0  F        7796.45
DP   4  23 00 1  F        7727.01
DP   4  23 01 0  F        7664.31
DP   4  23 01 1  F        7610.28
DP   4  23 02 0  F        7547.55
DP   4  23 02 1  F        7461.32
DP   4  23 03 0  F        7366.33
DP   4  23 03 1  F        7279.99
DP   4  23 04 0  F        7200.98
DP   4  23 04 1  F        7128.31
DP   4  23 05 0  F        7080.95
DP   4  23 05 1  F        7066.33
DP   4  23 06 0  F        7025.60
DP   4  23 06 1  F        6909.18
DP   4  23 07 0  F        6770.92
DP   4  23 07 1  F        6685.30
DP   4  23 08 0  F        6706.04
DP   4  23 08 1  F        6855.48
DP   4  23 09 0  F        7051.26
DP   4  23 09 1  F        7206.98
DP   4  23 10 0  F        7324.69
DP   4  23 10 1  F        7423.62
DP   4  23 11 0  F        7502.94
DP   4  23 11 1  F        7554.81
DP   4  23 12 0  F        7563.11
DP   4  23 12 1  F        7526.66
DP   4  23 13 0  F        7512.07
DP   4  23 13 1  F        7581.77
DP   4  23 14 0  F        7713.50
DP   4  23 14 1  F        7863.62
DP   4  23 15 0  F        7987.57
DP   4  23 15 1  F        8050.00
DP   4  23 16 0  F        8053.43
DP   4  23 16 1  F        8006.44
DP   4  23 17 0  F        7903.89
DP   4  23 17 1  F        7744.68
DP   4  23 18 0  F        7557.39
DP   4  23 18 1  F        7388.15
DP   4  23 19 0  F        7323.63
DP   4  23 19 1  F        7419.93
DP   4  23 20 0  F        7570.37
DP   4  23 20 1  F        7659.79
DP   4  23 21 0  F        7701.82
DP   4  23 21 1  F        7735.81
DP   4  23 22 0  F        7775.02
DP   4  23 22 1  F        7824.06
DP   4  23 23 0  F        7879.09
DP   4  23 23 1  F        7934.12
