&   CARGA
&
&   ss  di hi m df hf m Demanda
&X  XX  XX XX X XX XX X XXXXXXXXXX
DP   1  17 00 0  F        48259.91
DP   1  17 00 1  F        46850.96
DP   1  17 01 0  F        45515.53
DP   1  17 01 1  F        44323.01
DP   1  17 02 0  F        43326.16
DP   1  17 02 1  F        42552.85
DP   1  17 03 0  F        41948.02
DP   1  17 03 1  F        41457.03
DP   1  17 04 0  F        41110.11
DP   1  17 04 1  F        40944.21
DP   1  17 05 0  F        40938.31
DP   1  17 05 1  F        41056.70
DP   1  17 06 0  F        41262.85
DP   1  17 06 1  F        41587.00
DP   1  17 07 0  F        42327.26
DP   1  17 07 1  F        43725.28
DP   1  17 08 0  F        45529.12
DP   1  17 08 1  F        47383.11
DP   1  17 09 0  F        49010.38
DP   1  17 09 1  F        50237.80
DP   1  17 10 0  F        51228.45
DP   1  17 10 1  F        52150.52
DP   1  17 11 0  F        52856.54
DP   1  17 11 1  F        53181.18
DP   1  17 12 0  F        53203.28
DP   1  17 12 1  F        53112.90
DP   1  17 13 0  F        53300.67
DP   1  17 13 1  F        54041.44
DP   1  17 14 0  F        54946.19
DP   1  17 14 1  F        55567.89
DP   1  17 15 0  F        55891.35
DP   1  17 15 1  F        56009.58
DP   1  17 16 0  F        56016.64
DP   1  17 16 1  F        55899.90
DP   1  17 17 0  F        55219.07
DP   1  17 17 1  F        53654.38
DP   1  17 18 0  F        51795.92
DP   1  17 18 1  F        50407.04
DP   1  17 19 0  F        50034.20
DP   1  17 19 1  F        50891.30
DP   1  17 20 0  F        52079.04
DP   1  17 20 1  F        52682.08
DP   1  17 21 0  F        52834.27
DP   1  17 21 1  F        52835.81
DP   1  17 22 0  F        52603.10
DP   1  17 22 1  F        52020.98
DP   1  17 23 0  F        51231.95
DP   1  17 23 1  F        50442.91
DP   2  17 00 0  F        16394.22
DP   2  17 00 1  F        15781.14
DP   2  17 01 0  F        15234.62
DP   2  17 01 1  F        14800.43
DP   2  17 02 0  F        14441.16
DP   2  17 02 1  F        14113.96
DP   2  17 03 0  F        13837.30
DP   2  17 03 1  F        13635.04
DP   2  17 04 0  F        13491.35
DP   2  17 04 1  F        13393.34
DP   2  17 05 0  F        13379.77
DP   2  17 05 1  F        13477.19
DP   2  17 06 0  F        13611.63
DP   2  17 06 1  F        13743.74
DP   2  17 07 0  F        14073.09
DP   2  17 07 1  F        14774.32
DP   2  17 08 0  F        15683.29
DP   2  17 08 1  F        16563.85
DP   2  17 09 0  F        17230.65
DP   2  17 09 1  F        17581.56
DP   2  17 10 0  F        17796.56
DP   2  17 10 1  F        18072.97
DP   2  17 11 0  F        18395.31
DP   2  17 11 1  F        18657.19
DP   2  17 12 0  F        18601.31
DP   2  17 12 1  F        18115.93
DP   2  17 13 0  F        17822.59
DP   2  17 13 1  F        18268.83
DP   2  17 14 0  F        18973.00
DP   2  17 14 1  F        19347.28
DP   2  17 15 0  F        19408.56
DP   2  17 15 1  F        19312.24
DP   2  17 16 0  F        19163.25
DP   2  17 16 1  F        19018.22
DP   2  17 17 0  F        18791.17
DP   2  17 17 1  F        18372.80
DP   2  17 18 0  F        17703.09
DP   2  17 18 1  F        16834.21
DP   2  17 19 0  F        16217.76
DP   2  17 19 1  F        16231.25
DP   2  17 20 0  F        16556.62
DP   2  17 20 1  F        16795.68
DP   2  17 21 0  F        16925.22
DP   2  17 21 1  F        16994.48
DP   2  17 22 0  F        16967.46
DP   2  17 22 1  F        16809.19
DP   2  17 23 0  F        16574.12
DP   2  17 23 1  F        16339.05
DP   3  17 00 0  F        14082.40
DP   3  17 00 1  F        13845.76
DP   3  17 01 0  F        13615.74
DP   3  17 01 1  F        13399.87
DP   3  17 02 0  F        13209.42
DP   3  17 02 1  F        13050.69
DP   3  17 03 0  F        12906.49
DP   3  17 03 1  F        12765.67
DP   3  17 04 0  F        12664.90
DP   3  17 04 1  F        12620.25
DP   3  17 05 0  F        12517.82
DP   3  17 05 1  F        12260.00
DP   3  17 06 0  F        11944.36
DP   3  17 06 1  F        11710.82
DP   3  17 07 0  F        11673.35
DP   3  17 07 1  F        11901.98
DP   3  17 08 0  F        12317.01
DP   3  17 08 1  F        12800.86
DP   3  17 09 0  F        13234.28
DP   3  17 09 1  F        13529.19
DP   3  17 10 0  F        13723.85
DP   3  17 10 1  F        13876.84
DP   3  17 11 0  F        14001.64
DP   3  17 11 1  F        14087.86
DP   3  17 12 0  F        14074.81
DP   3  17 12 1  F        13937.39
DP   3  17 13 0  F        13843.39
DP   3  17 13 1  F        13948.38
DP   3  17 14 0  F        14166.07
DP   3  17 14 1  F        14368.56
DP   3  17 15 0  F        14503.31
DP   3  17 15 1  F        14546.40
DP   3  17 16 0  F        14512.96
DP   3  17 16 1  F        14402.67
DP   3  17 17 0  F        14114.06
DP   3  17 17 1  F        13608.53
DP   3  17 18 0  F        13199.94
DP   3  17 18 1  F        13174.62
DP   3  17 19 0  F        13356.40
DP   3  17 19 1  F        13500.19
DP   3  17 20 0  F        13547.64
DP   3  17 20 1  F        13521.02
DP   3  17 21 0  F        13578.18
DP   3  17 21 1  F        13838.41
DP   3  17 22 0  F        14131.17
DP   3  17 22 1  F        14271.49
DP   3  17 23 0  F        14306.57
DP   3  17 23 1  F        14341.65
DP   4  17 00 0  F        7832.15
DP   4  17 00 1  F        7770.76
DP   4  17 01 0  F        7705.25
DP   4  17 01 1  F        7632.63
DP   4  17 02 0  F        7554.48
DP   4  17 02 1  F        7473.20
DP   4  17 03 0  F        7389.96
DP   4  17 03 1  F        7306.52
DP   4  17 04 0  F        7228.50
DP   4  17 04 1  F        7163.06
DP   4  17 05 0  F        7119.81
DP   4  17 05 1  F        7098.20
DP   4  17 06 0  F        7054.57
DP   4  17 06 1  F        6953.25
DP   4  17 07 0  F        6833.71
DP   4  17 07 1  F        6752.23
DP   4  17 08 0  F        6757.37
DP   4  17 08 1  F        6875.32
DP   4  17 09 0  F        7050.47
DP   4  17 09 1  F        7218.62
DP   4  17 10 0  F        7362.98
DP   4  17 10 1  F        7479.98
DP   4  17 11 0  F        7571.76
DP   4  17 11 1  F        7635.31
DP   4  17 12 0  F        7641.47
DP   4  17 12 1  F        7579.62
DP   4  17 13 0  F        7539.22
DP   4  17 13 1  F        7604.01
DP   4  17 14 0  F        7734.84
DP   4  17 14 1  F        7867.76
DP   4  17 15 0  F        7962.72
DP   4  17 15 1  F        7995.59
DP   4  17 16 0  F        7981.91
DP   4  17 16 1  F        7939.91
DP   4  17 17 0  F        7858.94
DP   4  17 17 1  F        7725.53
DP   4  17 18 0  F        7543.89
DP   4  17 18 1  F        7344.76
DP   4  17 19 0  F        7247.36
DP   4  17 19 1  F        7341.10
DP   4  17 20 0  F        7507.88
DP   4  17 20 1  F        7613.78
DP   4  17 21 0  F        7669.33
DP   4  17 21 1  F        7714.13
DP   4  17 22 0  F        7759.76
DP   4  17 22 1  F        7809.58
DP   4  17 23 0  F        7862.10
DP   4  17 23 1  F        7914.63
