&   CARGA
&
&   ss  di hi m df hf m Demanda
&X  XX  XX XX X XX XX X XXXXXXXXXX
DP   1  18 00 0  F        49023.09
DP   1  18 00 1  F        47626.96
DP   1  18 01 0  F        46320.35
DP   1  18 01 1  F        45175.68
DP   1  18 02 0  F        44196.94
DP   1  18 02 1  F        43373.00
DP   1  18 03 0  F        42700.79
DP   1  18 03 1  F        42182.45
DP   1  18 04 0  F        41832.77
DP   1  18 04 1  F        41659.46
DP   1  18 05 0  F        41629.18
DP   1  18 05 1  F        41695.39
DP   1  18 06 0  F        41799.89
DP   1  18 06 1  F        41968.12
DP   1  18 07 0  F        42571.75
DP   1  18 07 1  F        43915.88
DP   1  18 08 0  F        45693.22
DP   1  18 08 1  F        47487.72
DP   1  18 09 0  F        49060.73
DP   1  18 09 1  F        50280.02
DP   1  18 10 0  F        51261.49
DP   1  18 10 1  F        52126.94
DP   1  18 11 0  F        52773.43
DP   1  18 11 1  F        53083.10
DP   1  18 12 0  F        53103.07
DP   1  18 12 1  F        52982.01
DP   1  18 13 0  F        53109.83
DP   1  18 13 1  F        53776.24
DP   1  18 14 0  F        54628.77
DP   1  18 14 1  F        55247.98
DP   1  18 15 0  F        55588.75
DP   1  18 15 1  F        55704.48
DP   1  18 16 0  F        55668.56
DP   1  18 16 1  F        55473.78
DP   1  18 17 0  F        54770.80
DP   1  18 17 1  F        53310.45
DP   1  18 18 0  F        51586.47
DP   1  18 18 1  F        50254.92
DP   1  18 19 0  F        49878.34
DP   1  18 19 1  F        50708.49
DP   1  18 20 0  F        51847.50
DP   1  18 20 1  F        52386.19
DP   1  18 21 0  F        52519.68
DP   1  18 21 1  F        52595.33
DP   1  18 22 0  F        52465.31
DP   1  18 22 1  F        51943.00
DP   1  18 23 0  F        51182.02
DP   1  18 23 1  F        50421.05
DP   2  18 00 0  F        15540.23
DP   2  18 00 1  F        14995.67
DP   2  18 01 0  F        14499.15
DP   2  18 01 1  F        14085.27
DP   2  18 02 0  F        13734.82
DP   2  18 02 1  F        13425.52
DP   2  18 03 0  F        13176.75
DP   2  18 03 1  F        13008.28
DP   2  18 04 0  F        12899.82
DP   2  18 04 1  F        12833.54
DP   2  18 05 0  F        12841.72
DP   2  18 05 1  F        12949.81
DP   2  18 06 0  F        13105.86
DP   2  18 06 1  F        13288.00
DP   2  18 07 0  F        13671.91
DP   2  18 07 1  F        14402.04
DP   2  18 08 0  F        15300.29
DP   2  18 08 1  F        16127.75
DP   2  18 09 0  F        16724.80
DP   2  18 09 1  F        17018.44
DP   2  18 10 0  F        17202.93
DP   2  18 10 1  F        17478.56
DP   2  18 11 0  F        17802.48
DP   2  18 11 1  F        18044.37
DP   2  18 12 0  F        17967.17
DP   2  18 12 1  F        17477.36
DP   2  18 13 0  F        17162.28
DP   2  18 13 1  F        17543.32
DP   2  18 14 0  F        18197.16
DP   2  18 14 1  F        18590.70
DP   2  18 15 0  F        18696.37
DP   2  18 15 1  F        18620.41
DP   2  18 16 0  F        18498.61
DP   2  18 16 1  F        18421.90
DP   2  18 17 0  F        18272.03
DP   2  18 17 1  F        17905.54
DP   2  18 18 0  F        17287.19
DP   2  18 18 1  F        16493.54
DP   2  18 19 0  F        15940.13
DP   2  18 19 1  F        15968.65
DP   2  18 20 0  F        16286.48
DP   2  18 20 1  F        16525.83
DP   2  18 21 0  F        16652.58
DP   2  18 21 1  F        16700.52
DP   2  18 22 0  F        16641.44
DP   2  18 22 1  F        16451.46
DP   2  18 23 0  F        16186.09
DP   2  18 23 1  F        15920.73
DP   3  18 00 0  F        14125.28
DP   3  18 00 1  F        13874.72
DP   3  18 01 0  F        13636.89
DP   3  18 01 1  F        13422.91
DP   3  18 02 0  F        13237.41
DP   3  18 02 1  F        13079.82
DP   3  18 03 0  F        12935.25
DP   3  18 03 1  F        12795.99
DP   3  18 04 0  F        12697.51
DP   3  18 04 1  F        12653.75
DP   3  18 05 0  F        12549.59
DP   3  18 05 1  F        12286.68
DP   3  18 06 0  F        11962.93
DP   3  18 06 1  F        11719.17
DP   3  18 07 0  F        11671.73
DP   3  18 07 1  F        11890.35
DP   3  18 08 0  F        12283.17
DP   3  18 08 1  F        12724.97
DP   3  18 09 0  F        13119.03
DP   3  18 09 1  F        13398.36
DP   3  18 10 0  F        13586.61
DP   3  18 10 1  F        13724.88
DP   3  18 11 0  F        13833.54
DP   3  18 11 1  F        13912.72
DP   3  18 12 0  F        13902.50
DP   3  18 12 1  F        13775.40
DP   3  18 13 0  F        13694.05
DP   3  18 13 1  F        13807.79
DP   3  18 14 0  F        14022.80
DP   3  18 14 1  F        14207.60
DP   3  18 15 0  F        14323.03
DP   3  18 15 1  F        14358.86
DP   3  18 16 0  F        14328.19
DP   3  18 16 1  F        14225.32
DP   3  18 17 0  F        13946.08
DP   3  18 17 1  F        13453.11
DP   3  18 18 0  F        13074.58
DP   3  18 18 1  F        13103.65
DP   3  18 19 0  F        13327.73
DP   3  18 19 1  F        13469.18
DP   3  18 20 0  F        13495.93
DP   3  18 20 1  F        13462.21
DP   3  18 21 0  F        13521.90
DP   3  18 21 1  F        13783.69
DP   3  18 22 0  F        14075.55
DP   3  18 22 1  F        14213.35
DP   3  18 23 0  F        14245.09
DP   3  18 23 1  F        14276.84
DP   4  18 00 0  F        7953.57
DP   4  18 00 1  F        7893.10
DP   4  18 01 0  F        7831.36
DP   4  18 01 1  F        7766.69
DP   4  18 02 0  F        7695.73
DP   4  18 02 1  F        7615.84
DP   4  18 03 0  F        7528.74
DP   4  18 03 1  F        7438.85
DP   4  18 04 0  F        7356.96
DP   4  18 04 1  F        7293.39
DP   4  18 05 0  F        7250.15
DP   4  18 05 1  F        7219.55
DP   4  18 06 0  F        7163.44
DP   4  18 06 1  F        7053.29
DP   4  18 07 0  F        6929.62
DP   4  18 07 1  F        6847.58
DP   4  18 08 0  F        6851.75
DP   4  18 08 1  F        6963.38
DP   4  18 09 0  F        7121.11
DP   4  18 09 1  F        7257.02
DP   4  18 10 0  F        7359.45
DP   4  18 10 1  F        7432.26
DP   4  18 11 0  F        7484.96
DP   4  18 11 1  F        7522.37
DP   4  18 12 0  F        7524.90
DP   4  18 12 1  F        7483.32
DP   4  18 13 0  F        7454.45
DP   4  18 13 1  F        7494.40
DP   4  18 14 0  F        7590.50
DP   4  18 14 1  F        7709.68
DP   4  18 15 0  F        7806.12
DP   4  18 15 1  F        7842.99
DP   4  18 16 0  F        7832.28
DP   4  18 16 1  F        7791.17
DP   4  18 17 0  F        7708.82
DP   4  18 17 1  F        7576.40
DP   4  18 18 0  F        7421.05
DP   4  18 18 1  F        7285.15
DP   4  18 19 0  F        7235.71
DP   4  18 19 1  F        7315.12
DP   4  18 20 0  F        7442.35
DP   4  18 20 1  F        7528.55
DP   4  18 21 0  F        7576.83
DP   4  18 21 1  F        7611.93
DP   4  18 22 0  F        7653.31
DP   4  18 22 1  F        7714.02
DP   4  18 23 0  F        7786.93
DP   4  18 23 1  F        7859.83
