&   CARGA
&
&   ss  di hi m df hf m Demanda
&X  XX  XX XX X XX XX X XXXXXXXXXX
DP   1  19 00 0  F        48916.41
DP   1  19 00 1  F        47569.85
DP   1  19 01 0  F        46295.54
DP   1  19 01 1  F        45155.03
DP   1  19 02 0  F        44166.95
DP   1  19 02 1  F        43338.17
DP   1  19 03 0  F        42671.49
DP   1  19 03 1  F        42169.21
DP   1  19 04 0  F        41835.88
DP   1  19 04 1  F        41667.52
DP   1  19 05 0  F        41623.98
DP   1  19 05 1  F        41658.66
DP   1  19 06 0  F        41735.52
DP   1  19 06 1  F        41891.21
DP   1  19 07 0  F        42442.66
DP   1  19 07 1  F        43654.99
DP   1  19 08 0  F        45305.88
DP   1  19 08 1  F        47055.89
DP   1  19 09 0  F        48584.48
DP   1  19 09 1  F        49672.43
DP   1  19 10 0  F        50486.80
DP   1  19 10 1  F        51211.64
DP   1  19 11 0  F        51712.66
DP   1  19 11 1  F        51839.31
DP   1  19 12 0  F        51694.38
DP   1  19 12 1  F        51477.58
DP   1  19 13 0  F        51522.90
DP   1  19 13 1  F        52058.51
DP   1  19 14 0  F        52755.15
DP   1  19 14 1  F        53230.43
DP   1  19 15 0  F        53446.91
DP   1  19 15 1  F        53443.25
DP   1  19 16 0  F        53217.27
DP   1  19 16 1  F        52739.77
DP   1  19 17 0  F        51914.16
DP   1  19 17 1  F        50700.05
DP   1  19 18 0  F        49349.41
DP   1  19 18 1  F        48237.43
DP   1  19 19 0  F        47939.93
DP   1  19 19 1  F        48779.81
DP   1  19 20 0  F        49867.59
DP   1  19 20 1  F        50290.31
DP   1  19 21 0  F        50253.41
DP   1  19 21 1  F        50132.59
DP   1  19 22 0  F        49866.38
DP   1  19 22 1  F        49338.76
DP   1  19 23 0  F        48653.05
DP   1  19 23 1  F        47967.33
DP   2  19 00 0  F        15240.86
DP   2  19 00 1  F        14687.15
DP   2  19 01 0  F        14191.64
DP   2  19 01 1  F        13795.08
DP   2  19 02 0  F        13468.35
DP   2  19 02 1  F        13177.02
DP   2  19 03 0  F        12935.10
DP   2  19 03 1  F        12761.70
DP   2  19 04 0  F        12647.76
DP   2  19 04 1  F        12586.47
DP   2  19 05 0  F        12608.22
DP   2  19 05 1  F        12733.96
DP   2  19 06 0  F        12909.63
DP   2  19 06 1  F        13111.34
DP   2  19 07 0  F        13510.86
DP   2  19 07 1  F        14247.87
DP   2  19 08 0  F        15137.98
DP   2  19 08 1  F        15943.50
DP   2  19 09 0  F        16537.64
DP   2  19 09 1  F        16872.14
DP   2  19 10 0  F        17101.97
DP   2  19 10 1  F        17389.59
DP   2  19 11 0  F        17724.14
DP   2  19 11 1  F        18009.43
DP   2  19 12 0  F        17981.08
DP   2  19 12 1  F        17514.97
DP   2  19 13 0  F        17216.21
DP   2  19 13 1  F        17628.66
DP   2  19 14 0  F        18321.91
DP   2  19 14 1  F        18753.38
DP   2  19 15 0  F        18906.13
DP   2  19 15 1  F        18888.58
DP   2  19 16 0  F        18785.09
DP   2  19 16 1  F        18647.49
DP   2  19 17 0  F        18421.55
DP   2  19 17 1  F        18031.31
DP   2  19 18 0  F        17419.91
DP   2  19 18 1  F        16630.14
DP   2  19 19 0  F        16084.07
DP   2  19 19 1  F        16133.84
DP   2  19 20 0  F        16472.46
DP   2  19 20 1  F        16717.11
DP   2  19 21 0  F        16841.00
DP   2  19 21 1  F        16890.48
DP   2  19 22 0  F        16848.55
DP   2  19 22 1  F        16698.20
DP   2  19 23 0  F        16485.71
DP   2  19 23 1  F        16273.23
DP   3  19 00 0  F        14051.46
DP   3  19 00 1  F        13790.55
DP   3  19 01 0  F        13549.39
DP   3  19 01 1  F        13343.18
DP   3  19 02 0  F        13168.81
DP   3  19 02 1  F        13017.74
DP   3  19 03 0  F        12878.03
DP   3  19 03 1  F        12745.21
DP   3  19 04 0  F        12648.19
DP   3  19 04 1  F        12596.39
DP   3  19 05 0  F        12487.99
DP   3  19 05 1  F        12235.61
DP   3  19 06 0  F        11920.98
DP   3  19 06 1  F        11668.61
DP   3  19 07 0  F        11605.02
DP   3  19 07 1  F        11813.06
DP   3  19 08 0  F        12198.81
DP   3  19 08 1  F        12631.25
DP   3  19 09 0  F        13007.59
DP   3  19 09 1  F        13259.15
DP   3  19 10 0  F        13425.34
DP   3  19 10 1  F        13560.48
DP   3  19 11 0  F        13670.23
DP   3  19 11 1  F        13739.24
DP   3  19 12 0  F        13716.54
DP   3  19 12 1  F        13584.66
DP   3  19 13 0  F        13495.77
DP   3  19 13 1  F        13589.22
DP   3  19 14 0  F        13783.62
DP   3  19 14 1  F        13960.33
DP   3  19 15 0  F        14072.60
DP   3  19 15 1  F        14100.44
DP   3  19 16 0  F        14059.11
DP   3  19 16 1  F        13950.00
DP   3  19 17 0  F        13683.91
DP   3  19 17 1  F        13233.39
DP   3  19 18 0  F        12908.71
DP   3  19 18 1  F        12981.18
DP   3  19 19 0  F        13228.81
DP   3  19 19 1  F        13370.04
DP   3  19 20 0  F        13378.50
DP   3  19 20 1  F        13318.05
DP   3  19 21 0  F        13358.10
DP   3  19 21 1  F        13617.90
DP   3  19 22 0  F        13910.43
DP   3  19 22 1  F        14035.29
DP   3  19 23 0  F        14044.72
DP   3  19 23 1  F        14054.16
DP   4  19 00 0  F        7680.23
DP   4  19 00 1  F        7612.53
DP   4  19 01 0  F        7549.34
DP   4  19 01 1  F        7492.57
DP   4  19 02 0  F        7433.62
DP   4  19 02 1  F        7364.37
DP   4  19 03 0  F        7289.01
DP   4  19 03 1  F        7213.39
DP   4  19 04 0  F        7137.75
DP   4  19 04 1  F        7064.68
DP   4  19 05 0  F        7011.92
DP   4  19 05 1  F        6988.18
DP   4  19 06 0  F        6950.82
DP   4  19 06 1  F        6861.44
DP   4  19 07 0  F        6749.89
DP   4  19 07 1  F        6664.30
DP   4  19 08 0  F        6657.71
DP   4  19 08 1  F        6761.02
DP   4  19 09 0  F        6911.76
DP   4  19 09 1  F        7039.22
DP   4  19 10 0  F        7133.26
DP   4  19 10 1  F        7199.99
DP   4  19 11 0  F        7250.02
DP   4  19 11 1  F        7288.61
DP   4  19 12 0  F        7295.36
DP   4  19 12 1  F        7258.63
DP   4  19 13 0  F        7227.81
DP   4  19 13 1  F        7254.63
DP   4  19 14 0  F        7339.40
DP   4  19 14 1  F        7461.88
DP   4  19 15 0  F        7571.06
DP   4  19 15 1  F        7622.29
DP   4  19 16 0  F        7627.07
DP   4  19 16 1  F        7603.18
DP   4  19 17 0  F        7537.41
DP   4  19 17 1  F        7417.43
DP   4  19 18 0  F        7265.22
DP   4  19 18 1  F        7121.75
DP   4  19 19 0  F        7069.49
DP   4  19 19 1  F        7162.55
DP   4  19 20 0  F        7300.21
DP   4  19 20 1  F        7374.56
DP   4  19 21 0  F        7403.72
DP   4  19 21 1  F        7430.43
DP   4  19 22 0  F        7469.85
DP   4  19 22 1  F        7527.11
DP   4  19 23 0  F        7594.85
DP   4  19 23 1  F        7662.59
