&   CARGA
&
&   ss  di hi m df hf m Demanda
&X  XX  XX XX X XX XX X XXXXXXXXXX
DP   1  22 00 0  F        40650.61
DP   1  22 00 1  F        39516.72
DP   1  22 01 0  F        38502.47
DP   1  22 01 1  F        37691.63
DP   1  22 02 0  F        37024.55
DP   1  22 02 1  F        36430.27
DP   1  22 03 0  F        35936.09
DP   1  22 03 1  F        35589.30
DP   1  22 04 0  F        35418.85
DP   1  22 04 1  F        35439.43
DP   1  22 05 0  F        35626.98
DP   1  22 05 1  F        35957.23
DP   1  22 06 0  F        36443.73
DP   1  22 06 1  F        37132.49
DP   1  22 07 0  F        38161.48
DP   1  22 07 1  F        39619.38
DP   1  22 08 0  F        41305.94
DP   1  22 08 1  F        42962.82
DP   1  22 09 0  F        44388.44
DP   1  22 09 1  F        45452.15
DP   1  22 10 0  F        46250.18
DP   1  22 10 1  F        46900.72
DP   1  22 11 0  F        47382.82
DP   1  22 11 1  F        47639.91
DP   1  22 12 0  F        47612.10
DP   1  22 12 1  F        47329.49
DP   1  22 13 0  F        47185.34
DP   1  22 13 1  F        47510.21
DP   1  22 14 0  F        48020.62
DP   1  22 14 1  F        48357.97
DP   1  22 15 0  F        48477.06
DP   1  22 15 1  F        48429.12
DP   1  22 16 0  F        48337.68
DP   1  22 16 1  F        48247.74
DP   1  22 17 0  F        47817.98
DP   1  22 17 1  F        46785.57
DP   1  22 18 0  F        45588.03
DP   1  22 18 1  F        44813.11
DP   1  22 19 0  F        44949.11
DP   1  22 19 1  F        46162.63
DP   1  22 20 0  F        47433.12
DP   1  22 20 1  F        47778.41
DP   1  22 21 0  F        47557.23
DP   1  22 21 1  F        47290.68
DP   1  22 22 0  F        46808.74
DP   1  22 22 1  F        45872.21
DP   1  22 23 0  F        44656.55
DP   1  22 23 1  F        43440.90
DP   2  22 00 0  F        13451.08
DP   2  22 00 1  F        13026.39
DP   2  22 01 0  F        12657.42
DP   2  22 01 1  F        12380.37
DP   2  22 02 0  F        12153.38
DP   2  22 02 1  F        11934.28
DP   2  22 03 0  F        11757.63
DP   2  22 03 1  F        11659.50
DP   2  22 04 0  F        11605.15
DP   2  22 04 1  F        11566.03
DP   2  22 05 0  F        11609.05
DP   2  22 05 1  F        11793.15
DP   2  22 06 0  F        12049.74
DP   2  22 06 1  F        12331.65
DP   2  22 07 0  F        12804.88
DP   2  22 07 1  F        13602.71
DP   2  22 08 0  F        14514.25
DP   2  22 08 1  F        15283.42
DP   2  22 09 0  F        15817.31
DP   2  22 09 1  F        16107.86
DP   2  22 10 0  F        16323.28
DP   2  22 10 1  F        16625.81
DP   2  22 11 0  F        16977.75
DP   2  22 11 1  F        17261.06
DP   2  22 12 0  F        17236.30
DP   2  22 12 1  F        16800.70
DP   2  22 13 0  F        16519.57
DP   2  22 13 1  F        16896.21
DP   2  22 14 0  F        17517.64
DP   2  22 14 1  F        17874.65
DP   2  22 15 0  F        17989.33
DP   2  22 15 1  F        18000.84
DP   2  22 16 0  F        17985.36
DP   2  22 16 1  F        17972.52
DP   2  22 17 0  F        17868.57
DP   2  22 17 1  F        17564.67
DP   2  22 18 0  F        17014.70
DP   2  22 18 1  F        16281.46
DP   2  22 19 0  F        15800.64
DP   2  22 19 1  F        15926.18
DP   2  22 20 0  F        16311.98
DP   2  22 20 1  F        16542.70
DP   2  22 21 0  F        16625.95
DP   2  22 21 1  F        16642.81
DP   2  22 22 0  F        16545.22
DP   2  22 22 1  F        16282.46
DP   2  22 23 0  F        15922.29
DP   2  22 23 1  F        15562.13
DP   3  22 00 0  F        13305.67
DP   3  22 00 1  F        13074.53
DP   3  22 01 0  F        12854.35
DP   3  22 01 1  F        12657.13
DP   3  22 02 0  F        12498.96
DP   3  22 02 1  F        12387.31
DP   3  22 03 0  F        12291.01
DP   3  22 03 1  F        12183.83
DP   3  22 04 0  F        12097.69
DP   3  22 04 1  F        12051.25
DP   3  22 05 0  F        11951.91
DP   3  22 05 1  F        11720.31
DP   3  22 06 0  F        11441.41
DP   3  22 06 1  F        11240.99
DP   3  22 07 0  F        11243.53
DP   3  22 07 1  F        11529.08
DP   3  22 08 0  F        12000.98
DP   3  22 08 1  F        12518.29
DP   3  22 09 0  F        12939.50
DP   3  22 09 1  F        13170.74
DP   3  22 10 0  F        13309.24
DP   3  22 10 1  F        13464.36
DP   3  22 11 0  F        13602.93
DP   3  22 11 1  F        13662.77
DP   3  22 12 0  F        13608.10
DP   3  22 12 1  F        13451.30
DP   3  22 13 0  F        13370.93
DP   3  22 13 1  F        13517.96
DP   3  22 14 0  F        13767.00
DP   3  22 14 1  F        13956.14
DP   3  22 15 0  F        14053.84
DP   3  22 15 1  F        14067.09
DP   3  22 16 0  F        14026.68
DP   3  22 16 1  F        13939.02
DP   3  22 17 0  F        13689.31
DP   3  22 17 1  F        13230.84
DP   3  22 18 0  F        12910.64
DP   3  22 18 1  F        13027.46
DP   3  22 19 0  F        13293.37
DP   3  22 19 1  F        13368.71
DP   3  22 20 0  F        13293.49
DP   3  22 20 1  F        13208.35
DP   3  22 21 0  F        13276.85
DP   3  22 21 1  F        13588.32
DP   3  22 22 0  F        13912.19
DP   3  22 22 1  F        14014.50
DP   3  22 23 0  F        13967.75
DP   3  22 23 1  F        13920.99
DP   4  22 00 0  F        7516.37
DP   4  22 00 1  F        7463.51
DP   4  22 01 0  F        7414.97
DP   4  22 01 1  F        7371.54
DP   4  22 02 0  F        7319.77
DP   4  22 02 1  F        7249.09
DP   4  22 03 0  F        7174.63
DP   4  22 03 1  F        7111.45
DP   4  22 04 0  F        7048.69
DP   4  22 04 1  F        6979.04
DP   4  22 05 0  F        6935.37
DP   4  22 05 1  F        6937.68
DP   4  22 06 0  F        6914.36
DP   4  22 06 1  F        6803.00
DP   4  22 07 0  F        6669.75
DP   4  22 07 1  F        6602.32
DP   4  22 08 0  F        6646.07
DP   4  22 08 1  F        6812.41
DP   4  22 09 0  F        7019.35
DP   4  22 09 1  F        7183.19
DP   4  22 10 0  F        7306.81
DP   4  22 10 1  F        7410.45
DP   4  22 11 0  F        7497.21
DP   4  22 11 1  F        7561.32
DP   4  22 12 0  F        7578.63
DP   4  22 12 1  F        7540.19
DP   4  22 13 0  F        7516.19
DP   4  22 13 1  F        7575.46
DP   4  22 14 0  F        7702.26
DP   4  22 14 1  F        7855.68
DP   4  22 15 0  F        7978.72
DP   4  22 15 1  F        8026.87
DP   4  22 16 0  F        8021.71
DP   4  22 16 1  F        7989.51
DP   4  22 17 0  F        7909.37
DP   4  22 17 1  F        7758.56
DP   4  22 18 0  F        7554.22
DP   4  22 18 1  F        7342.31
DP   4  22 19 0  F        7244.12
DP   4  22 19 1  F        7344.66
DP   4  22 20 0  F        7508.64
DP   4  22 20 1  F        7591.02
DP   4  22 21 0  F        7628.27
DP   4  22 21 1  F        7684.16
DP   4  22 22 0  F        7750.22
DP   4  22 22 1  F        7805.71
DP   4  22 23 0  F        7853.02
DP   4  22 23 1  F        7900.33
