&   CARGA
&
&   ss  di hi m df hf m Demanda
&X  XX  XX XX X XX XX X XXXXXXXXXX
DP   1  21 00 0  F        42810.69
DP   1  21 00 1  F        41646.11
DP   1  21 01 0  F        40584.07
DP   1  21 01 1  F        39692.93
DP   1  21 02 0  F        38904.52
DP   1  21 02 1  F        38149.17
DP   1  21 03 0  F        37487.76
DP   1  21 03 1  F        36990.06
DP   1  21 04 0  F        36630.71
DP   1  21 04 1  F        36354.06
DP   1  21 05 0  F        36078.41
DP   1  21 05 1  F        35725.97
DP   1  21 06 0  F        35260.50
DP   1  21 06 1  F        34714.10
DP   1  21 07 0  F        34350.62
DP   1  21 07 1  F        34411.78
DP   1  21 08 0  F        34819.09
DP   1  21 08 1  F        35416.41
DP   1  21 09 0  F        36057.15
DP   1  21 09 1  F        36622.06
DP   1  21 10 0  F        37091.66
DP   1  21 10 1  F        37482.19
DP   1  21 11 0  F        37853.04
DP   1  21 11 1  F        38240.44
DP   1  21 12 0  F        38544.80
DP   1  21 12 1  F        38670.93
DP   1  21 13 0  F        38677.04
DP   1  21 13 1  F        38645.89
DP   1  21 14 0  F        38604.96
DP   1  21 14 1  F        38564.39
DP   1  21 15 0  F        38520.18
DP   1  21 15 1  F        38484.41
DP   1  21 16 0  F        38547.61
DP   1  21 16 1  F        38785.59
DP   1  21 17 0  F        39136.80
DP   1  21 17 1  F        39519.49
DP   1  21 18 0  F        39908.45
DP   1  21 18 1  F        40366.88
DP   1  21 19 0  F        41255.19
DP   1  21 19 1  F        42764.86
DP   1  21 20 0  F        44114.63
DP   1  21 20 1  F        44554.08
DP   1  21 21 0  F        44429.01
DP   1  21 21 1  F        44229.27
DP   1  21 22 0  F        43924.74
DP   1  21 22 1  F        43404.09
DP   1  21 23 0  F        42750.98
DP   1  21 23 1  F        42097.88
DP   2  21 00 0  F        13509.44
DP   2  21 00 1  F        13050.76
DP   2  21 01 0  F        12631.68
DP   2  21 01 1  F        12280.77
DP   2  21 02 0  F        11982.61
DP   2  21 02 1  F        11717.50
DP   2  21 03 0  F        11492.79
DP   2  21 03 1  F        11320.13
DP   2  21 04 0  F        11201.46
DP   2  21 04 1  F        11135.05
DP   2  21 05 0  F        11114.10
DP   2  21 05 1  F        11122.65
DP   2  21 06 0  F        11113.10
DP   2  21 06 1  F        11072.03
DP   2  21 07 0  F        11154.47
DP   2  21 07 1  F        11492.77
DP   2  21 08 0  F        11960.20
DP   2  21 08 1  F        12388.97
DP   2  21 09 0  F        12706.27
DP   2  21 09 1  F        12894.78
DP   2  21 10 0  F        13064.17
DP   2  21 10 1  F        13317.57
DP   2  21 11 0  F        13604.83
DP   2  21 11 1  F        13831.31
DP   2  21 12 0  F        13877.58
DP   2  21 12 1  F        13693.65
DP   2  21 13 0  F        13531.76
DP   2  21 13 1  F        13624.29
DP   2  21 14 0  F        13821.74
DP   2  21 14 1  F        13929.68
DP   2  21 15 0  F        13955.72
DP   2  21 15 1  F        13953.21
DP   2  21 16 0  F        13956.22
DP   2  21 16 1  F        13987.58
DP   2  21 17 0  F        14044.43
DP   2  21 17 1  F        14099.08
DP   2  21 18 0  F        14050.41
DP   2  21 18 1  F        13860.34
DP   2  21 19 0  F        13816.61
DP   2  21 19 1  F        14159.36
DP   2  21 20 0  F        14612.64
DP   2  21 20 1  F        14855.23
DP   2  21 21 0  F        14900.95
DP   2  21 21 1  F        14831.01
DP   2  21 22 0  F        14661.32
DP   2  21 22 1  F        14399.85
DP   2  21 23 0  F        14088.26
DP   2  21 23 1  F        13776.68
DP   3  21 00 0  F        13456.49
DP   3  21 00 1  F        13258.58
DP   3  21 01 0  F        13064.76
DP   3  21 01 1  F        12881.42
DP   3  21 02 0  F        12724.13
DP   3  21 02 1  F        12602.24
DP   3  21 03 0  F        12490.97
DP   3  21 03 1  F        12368.81
DP   3  21 04 0  F        12261.48
DP   3  21 04 1  F        12181.21
DP   3  21 05 0  F        12039.14
DP   3  21 05 1  F        11755.48
DP   3  21 06 0  F        11387.96
DP   3  21 06 1  F        11030.44
DP   3  21 07 0  F        10783.93
DP   3  21 07 1  F        10718.68
DP   3  21 08 0  F        10774.79
DP   3  21 08 1  F        10866.77
DP   3  21 09 0  F        10936.77
DP   3  21 09 1  F        10953.03
DP   3  21 10 0  F        10960.34
DP   3  21 10 1  F        11007.13
DP   3  21 11 0  F        11079.77
DP   3  21 11 1  F        11150.60
DP   3  21 12 0  F        11197.88
DP   3  21 12 1  F        11211.53
DP   3  21 13 0  F        11222.27
DP   3  21 13 1  F        11260.17
DP   3  21 14 0  F        11311.98
DP   3  21 14 1  F        11356.08
DP   3  21 15 0  F        11380.84
DP   3  21 15 1  F        11382.13
DP   3  21 16 0  F        11375.96
DP   3  21 16 1  F        11372.87
DP   3  21 17 0  F        11341.49
DP   3  21 17 1  F        11295.61
DP   3  21 18 0  F        11471.69
DP   3  21 18 1  F        12033.95
DP   3  21 19 0  F        12634.94
DP   3  21 19 1  F        12914.96
DP   3  21 20 0  F        12977.05
DP   3  21 20 1  F        13006.93
DP   3  21 21 0  F        13058.45
DP   3  21 21 1  F        13140.78
DP   3  21 22 0  F        13216.34
DP   3  21 22 1  F        13248.75
DP   3  21 23 0  F        13253.13
DP   3  21 23 1  F        13257.51
DP   4  21 00 0  F        7421.40
DP   4  21 00 1  F        7378.03
DP   4  21 01 0  F        7335.62
DP   4  21 01 1  F        7293.27
DP   4  21 02 0  F        7242.58
DP   4  21 02 1  F        7177.56
DP   4  21 03 0  F        7109.27
DP   4  21 03 1  F        7048.63
DP   4  21 04 0  F        6988.94
DP   4  21 04 1  F        6925.32
DP   4  21 05 0  F        6877.72
DP   4  21 05 1  F        6857.46
DP   4  21 06 0  F        6816.43
DP   4  21 06 1  F        6709.93
DP   4  21 07 0  F        6566.34
DP   4  21 07 1  F        6431.09
DP   4  21 08 0  F        6344.75
DP   4  21 08 1  F        6331.78
DP   4  21 09 0  F        6357.04
DP   4  21 09 1  F        6380.57
DP   4  21 10 0  F        6402.71
DP   4  21 10 1  F        6431.96
DP   4  21 11 0  F        6468.97
DP   4  21 11 1  F        6509.11
DP   4  21 12 0  F        6534.39
DP   4  21 12 1  F        6533.47
DP   4  21 13 0  F        6534.91
DP   4  21 13 1  F        6568.95
DP   4  21 14 0  F        6632.39
DP   4  21 14 1  F        6711.50
DP   4  21 15 0  F        6783.79
DP   4  21 15 1  F        6830.92
DP   4  21 16 0  F        6860.21
DP   4  21 16 1  F        6879.02
DP   4  21 17 0  F        6869.58
DP   4  21 17 1  F        6821.70
DP   4  21 18 0  F        6780.86
DP   4  21 18 1  F        6800.38
DP   4  21 19 0  F        6909.14
DP   4  21 19 1  F        7104.87
DP   4  21 20 0  F        7284.94
DP   4  21 20 1  F        7357.10
DP   4  21 21 0  F        7370.88
DP   4  21 21 1  F        7395.40
DP   4  21 22 0  F        7436.15
DP   4  21 22 1  F        7483.98
DP   4  21 23 0  F        7534.72
DP   4  21 23 1  F        7585.47
