&   CARGA
&
&   ss  di hi m df hf m Demanda
&X  XX  XX XX X XX XX X XXXXXXXXXX
DP   1  17 00 0  F        51348.80
DP   1  17 00 1  F        49895.51
DP   1  17 01 0  F        48507.25
DP   1  17 01 1  F        47252.86
DP   1  17 02 0  F        46216.21
DP   1  17 02 1  F        45450.15
DP   1  17 03 0  F        44868.12
DP   1  17 03 1  F        44379.49
DP   1  17 04 0  F        44016.56
DP   1  17 04 1  F        43817.37
DP   1  17 05 0  F        43719.91
DP   1  17 05 1  F        43669.46
DP   1  17 06 0  F        43740.47
DP   1  17 06 1  F        44074.44
DP   1  17 07 0  F        44951.90
DP   1  17 07 1  F        46571.34
DP   1  17 08 0  F        48664.24
DP   1  17 08 1  F        50856.07
DP   1  17 09 0  F        52815.40
DP   1  17 09 1  F        54303.88
DP   1  17 10 0  F        55412.42
DP   1  17 10 1  F        56288.77
DP   1  17 11 0  F        56979.04
DP   1  17 11 1  F        57491.42
DP   1  17 12 0  F        57784.24
DP   1  17 12 1  F        57878.31
DP   1  17 13 0  F        58094.29
DP   1  17 13 1  F        58690.54
DP   1  17 14 0  F        59376.57
DP   1  17 14 1  F        59806.30
DP   1  17 15 0  F        59960.26
DP   1  17 15 1  F        59902.80
DP   1  17 16 0  F        59706.91
DP   1  17 16 1  F        59360.87
DP   1  17 17 0  F        58505.60
DP   1  17 17 1  F        56877.01
DP   1  17 18 0  F        54938.22
DP   1  17 18 1  F        53331.60
DP   1  17 19 0  F        52689.16
DP   1  17 19 1  F        53327.57
DP   1  17 20 0  F        54312.28
DP   1  17 20 1  F        54703.03
DP   1  17 21 0  F        54787.63
DP   1  17 21 1  F        54987.26
DP   1  17 22 0  F        55028.35
DP   1  17 22 1  F        54588.68
DP   1  17 23 0  F        53846.11
DP   1  17 23 1  F        53103.55
DP   2  17 00 0  F        15019.03
DP   2  17 00 1  F        14583.00
DP   2  17 01 0  F        14159.83
DP   2  17 01 1  F        13764.45
DP   2  17 02 0  F        13419.99
DP   2  17 02 1  F        13143.95
DP   2  17 03 0  F        12922.96
DP   2  17 03 1  F        12741.66
DP   2  17 04 0  F        12607.49
DP   2  17 04 1  F        12530.66
DP   2  17 05 0  F        12509.54
DP   2  17 05 1  F        12536.18
DP   2  17 06 0  F        12589.07
DP   2  17 06 1  F        12683.49
DP   2  17 07 0  F        12995.40
DP   2  17 07 1  F        13669.13
DP   2  17 08 0  F        14561.57
DP   2  17 08 1  F        15469.35
DP   2  17 09 0  F        16235.42
DP   2  17 09 1  F        16752.51
DP   2  17 10 0  F        17065.82
DP   2  17 10 1  F        17259.73
DP   2  17 11 0  F        17422.71
DP   2  17 11 1  F        17566.37
DP   2  17 12 0  F        17390.97
DP   2  17 12 1  F        16727.16
DP   2  17 13 0  F        16238.63
DP   2  17 13 1  F        16529.09
DP   2  17 14 0  F        17129.26
DP   2  17 14 1  F        17444.63
DP   2  17 15 0  F        17452.66
DP   2  17 15 1  F        17277.52
DP   2  17 16 0  F        17058.40
DP   2  17 16 1  F        16890.61
DP   2  17 17 0  F        16679.14
DP   2  17 17 1  F        16309.65
DP   2  17 18 0  F        15780.88
DP   2  17 18 1  F        15181.22
DP   2  17 19 0  F        14844.54
DP   2  17 19 1  F        15024.69
DP   2  17 20 0  F        15410.04
DP   2  17 20 1  F        15637.59
DP   2  17 21 0  F        15704.37
DP   2  17 21 1  F        15679.82
DP   2  17 22 0  F        15563.10
DP   2  17 22 1  F        15348.07
DP   2  17 23 0  F        15077.75
DP   2  17 23 1  F        14807.42
DP   3  17 00 0  F        14583.97
DP   3  17 00 1  F        14343.27
DP   3  17 01 0  F        14095.22
DP   3  17 01 1  F        13839.74
DP   3  17 02 0  F        13605.82
DP   3  17 02 1  F        13421.27
DP   3  17 03 0  F        13280.23
DP   3  17 03 1  F        13169.25
DP   3  17 04 0  F        13078.39
DP   3  17 04 1  F        12985.54
DP   3  17 05 0  F        12816.53
DP   3  17 05 1  F        12519.67
DP   3  17 06 0  F        12185.34
DP   3  17 06 1  F        11944.48
DP   3  17 07 0  F        11948.08
DP   3  17 07 1  F        12289.38
DP   3  17 08 0  F        12810.37
DP   3  17 08 1  F        13311.68
DP   3  17 09 0  F        13679.58
DP   3  17 09 1  F        13862.71
DP   3  17 10 0  F        13973.26
DP   3  17 10 1  F        14127.75
DP   3  17 11 0  F        14296.35
DP   3  17 11 1  F        14412.21
DP   3  17 12 0  F        14406.79
DP   3  17 12 1  F        14259.68
DP   3  17 13 0  F        14144.79
DP   3  17 13 1  F        14220.44
DP   3  17 14 0  F        14388.21
DP   3  17 14 1  F        14515.23
DP   3  17 15 0  F        14587.37
DP   3  17 15 1  F        14621.53
DP   3  17 16 0  F        14639.98
DP   3  17 16 1  F        14627.99
DP   3  17 17 0  F        14417.47
DP   3  17 17 1  F        13923.46
DP   3  17 18 0  F        13546.97
DP   3  17 18 1  F        13654.62
DP   3  17 19 0  F        13989.52
DP   3  17 19 1  F        14211.66
DP   3  17 20 0  F        14272.28
DP   3  17 20 1  F        14228.03
DP   3  17 21 0  F        14266.13
DP   3  17 21 1  F        14525.96
DP   3  17 22 0  F        14825.12
DP   3  17 22 1  F        14963.21
DP   3  17 23 0  F        14989.55
DP   3  17 23 1  F        15015.88
DP   4  17 00 0  F        7787.76
DP   4  17 00 1  F        7744.42
DP   4  17 01 0  F        7686.41
DP   4  17 01 1  F        7603.23
DP   4  17 02 0  F        7500.92
DP   4  17 02 1  F        7392.24
DP   4  17 03 0  F        7300.19
DP   4  17 03 1  F        7237.73
DP   4  17 04 0  F        7167.32
DP   4  17 04 1  F        7059.24
DP   4  17 05 0  F        6965.30
DP   4  17 05 1  F        6934.87
DP   4  17 06 0  F        6925.82
DP   4  17 06 1  F        6892.10
DP   4  17 07 0  F        6863.37
DP   4  17 07 1  F        6883.61
DP   4  17 08 0  F        6978.38
DP   4  17 08 1  F        7145.88
DP   4  17 09 0  F        7293.41
DP   4  17 09 1  F        7344.19
DP   4  17 10 0  F        7376.07
DP   4  17 10 1  F        7471.49
DP   4  17 11 0  F        7576.80
DP   4  17 11 1  F        7621.78
DP   4  17 12 0  F        7606.16
DP   4  17 12 1  F        7559.29
DP   4  17 13 0  F        7558.95
DP   4  17 13 1  F        7665.10
DP   4  17 14 0  F        7817.93
DP   4  17 14 1  F        7939.59
DP   4  17 15 0  F        7999.99
DP   4  17 15 1  F        7990.54
DP   4  17 16 0  F        7941.04
DP   4  17 16 1  F        7879.66
DP   4  17 17 0  F        7789.71
DP   4  17 17 1  F        7648.53
DP   4  17 18 0  F        7454.52
DP   4  17 18 1  F        7241.29
DP   4  17 19 0  F        7162.42
DP   4  17 19 1  F        7330.13
DP   4  17 20 0  F        7571.19
DP   4  17 20 1  F        7694.93
DP   4  17 21 0  F        7726.27
DP   4  17 21 1  F        7734.24
DP   4  17 22 0  F        7748.86
DP   4  17 22 1  F        7784.77
DP   4  17 23 0  F        7834.12
DP   4  17 23 1  F        7883.48
