&   CARGA
&
&   ss  di hi m df hf m Demanda
&X  XX  XX XX X XX XX X XXXXXXXXXX
DP   1  22 00 0  F        40909.74
DP   1  22 00 1  F        39743.72
DP   1  22 01 0  F        38714.95
DP   1  22 01 1  F        37916.57
DP   1  22 02 0  F        37265.31
DP   1  22 02 1  F        36667.93
DP   1  22 03 0  F        36167.71
DP   1  22 03 1  F        35830.14
DP   1  22 04 0  F        35673.13
DP   1  22 04 1  F        35698.13
DP   1  22 05 0  F        35888.49
DP   1  22 05 1  F        36229.07
DP   1  22 06 0  F        36729.05
DP   1  22 06 1  F        37430.22
DP   1  22 07 0  F        38480.53
DP   1  22 07 1  F        39973.50
DP   1  22 08 0  F        41678.73
DP   1  22 08 1  F        43311.04
DP   1  22 09 0  F        44690.02
DP   1  22 09 1  F        45714.83
DP   1  22 10 0  F        46498.32
DP   1  22 10 1  F        47166.53
DP   1  22 11 0  F        47684.80
DP   1  22 11 1  F        47980.83
DP   1  22 12 0  F        47992.60
DP   1  22 12 1  F        47748.79
DP   1  22 13 0  F        47630.71
DP   1  22 13 1  F        47958.89
DP   1  22 14 0  F        48458.12
DP   1  22 14 1  F        48782.46
DP   1  22 15 0  F        48898.85
DP   1  22 15 1  F        48867.15
DP   1  22 16 0  F        48806.16
DP   1  22 16 1  F        48753.43
DP   1  22 17 0  F        48362.55
DP   1  22 17 1  F        47363.36
DP   1  22 18 0  F        46174.34
DP   1  22 18 1  F        45381.06
DP   1  22 19 0  F        45548.75
DP   1  22 19 1  F        46895.83
DP   1  22 20 0  F        48273.87
DP   1  22 20 1  F        48580.07
DP   1  22 21 0  F        48261.21
DP   1  22 21 1  F        47946.87
DP   1  22 22 0  F        47448.43
DP   1  22 22 1  F        46486.34
DP   1  22 23 0  F        45235.62
DP   1  22 23 1  F        43984.89
DP   2  22 00 0  F        12866.80
DP   2  22 00 1  F        12427.34
DP   2  22 01 0  F        12050.04
DP   2  22 01 1  F        11776.07
DP   2  22 02 0  F        11562.47
DP   2  22 02 1  F        11363.53
DP   2  22 03 0  F        11206.69
DP   2  22 03 1  F        11123.09
DP   2  22 04 0  F        11085.64
DP   2  22 04 1  F        11071.77
DP   2  22 05 0  F        11135.04
DP   2  22 05 1  F        11321.07
DP   2  22 06 0  F        11567.36
DP   2  22 06 1  F        11834.53
DP   2  22 07 0  F        12283.75
DP   2  22 07 1  F        13043.38
DP   2  22 08 0  F        13910.12
DP   2  22 08 1  F        14637.95
DP   2  22 09 0  F        15141.62
DP   2  22 09 1  F        15414.27
DP   2  22 10 0  F        15601.80
DP   2  22 10 1  F        15850.14
DP   2  22 11 0  F        16152.51
DP   2  22 11 1  F        16419.70
DP   2  22 12 0  F        16385.61
DP   2  22 12 1  F        15912.40
DP   2  22 13 0  F        15552.29
DP   2  22 13 1  F        15810.01
DP   2  22 14 0  F        16310.31
DP   2  22 14 1  F        16582.53
DP   2  22 15 0  F        16654.34
DP   2  22 15 1  F        16658.06
DP   2  22 16 0  F        16646.28
DP   2  22 16 1  F        16633.14
DP   2  22 17 0  F        16558.49
DP   2  22 17 1  F        16347.05
DP   2  22 18 0  F        15937.18
DP   2  22 18 1  F        15363.80
DP   2  22 19 0  F        15034.43
DP   2  22 19 1  F        15271.84
DP   2  22 20 0  F        15687.29
DP   2  22 20 1  F        15839.64
DP   2  22 21 0  F        15789.72
DP   2  22 21 1  F        15681.29
DP   2  22 22 0  F        15487.90
DP   2  22 22 1  F        15164.88
DP   2  22 23 0  F        14764.88
DP   2  22 23 1  F        14364.89
DP   3  22 00 0  F        13518.36
DP   3  22 00 1  F        13290.30
DP   3  22 01 0  F        13072.74
DP   3  22 01 1  F        12876.76
DP   3  22 02 0  F        12715.61
DP   3  22 02 1  F        12594.76
DP   3  22 03 0  F        12486.37
DP   3  22 03 1  F        12369.85
DP   3  22 04 0  F        12286.93
DP   3  22 04 1  F        12259.39
DP   3  22 05 0  F        12167.08
DP   3  22 05 1  F        11909.35
DP   3  22 06 0  F        11605.48
DP   3  22 06 1  F        11416.98
DP   3  22 07 0  F        11454.33
DP   3  22 07 1  F        11775.68
DP   3  22 08 0  F        12281.02
DP   3  22 08 1  F        12829.20
DP   3  22 09 0  F        13272.87
DP   3  22 09 1  F        13513.11
DP   3  22 10 0  F        13651.24
DP   3  22 10 1  F        13803.20
DP   3  22 11 0  F        13943.37
DP   3  22 11 1  F        14013.27
DP   3  22 12 0  F        13964.64
DP   3  22 12 1  F        13799.05
DP   3  22 13 0  F        13707.33
DP   3  22 13 1  F        13853.98
DP   3  22 14 0  F        14108.98
DP   3  22 14 1  F        14302.54
DP   3  22 15 0  F        14400.41
DP   3  22 15 1  F        14408.59
DP   3  22 16 0  F        14358.70
DP   3  22 16 1  F        14258.15
DP   3  22 17 0  F        13992.15
DP   3  22 17 1  F        13514.92
DP   3  22 18 0  F        13179.09
DP   3  22 18 1  F        13287.81
DP   3  22 19 0  F        13548.04
DP   3  22 19 1  F        13614.19
DP   3  22 20 0  F        13526.74
DP   3  22 20 1  F        13429.60
DP   3  22 21 0  F        13494.35
DP   3  22 21 1  F        13815.10
DP   3  22 22 0  F        14148.47
DP   3  22 22 1  F        14247.58
DP   3  22 23 0  F        14189.11
DP   3  22 23 1  F        14130.65
DP   4  22 00 0  F        7438.50
DP   4  22 00 1  F        7402.04
DP   4  22 01 0  F        7354.05
DP   4  22 01 1  F        7288.57
DP   4  22 02 0  F        7221.84
DP   4  22 02 1  F        7168.47
DP   4  22 03 0  F        7114.34
DP   4  22 03 1  F        7045.88
DP   4  22 04 0  F        6980.53
DP   4  22 04 1  F        6938.24
DP   4  22 05 0  F        6918.12
DP   4  22 05 1  F        6906.33
DP   4  22 06 0  F        6858.11
DP   4  22 06 1  F        6744.56
DP   4  22 07 0  F        6631.35
DP   4  22 07 1  F        6594.29
DP   4  22 08 0  F        6655.28
DP   4  22 08 1  F        6808.68
DP   4  22 09 0  F        6992.65
DP   4  22 09 1  F        7144.35
DP   4  22 10 0  F        7253.06
DP   4  22 10 1  F        7323.24
DP   4  22 11 0  F        7367.97
DP   4  22 11 1  F        7394.44
DP   4  22 12 0  F        7377.77
DP   4  22 12 1  F        7307.40
DP   4  22 13 0  F        7262.23
DP   4  22 13 1  F        7315.09
DP   4  22 14 0  F        7424.98
DP   4  22 14 1  F        7531.25
DP   4  22 15 0  F        7608.15
DP   4  22 15 1  F        7642.80
DP   4  22 16 0  F        7638.77
DP   4  22 16 1  F        7599.28
DP   4  22 17 0  F        7509.73
DP   4  22 17 1  F        7360.39
DP   4  22 18 0  F        7178.70
DP   4  22 18 1  F        7010.86
DP   4  22 19 0  F        6940.98
DP   4  22 19 1  F        7023.64
DP   4  22 20 0  F        7157.30
DP   4  22 20 1  F        7234.38
DP   4  22 21 0  F        7279.18
DP   4  22 21 1  F        7336.53
DP   4  22 22 0  F        7401.34
DP   4  22 22 1  F        7459.86
DP   4  22 23 0  F        7513.34
DP   4  22 23 1  F        7566.83
