&   CARGA
&
&   ss  di hi m df hf m Demanda
&X  XX  XX XX X XX XX X XXXXXXXXXX
DP   1  24 00 0  F        42403.46
DP   1  24 00 1  F        40812.11
DP   1  24 01 0  F        39422.06
DP   1  24 01 1  F        38376.81
DP   1  24 02 0  F        37588.77
DP   1  24 02 1  F        36938.35
DP   1  24 03 0  F        36409.13
DP   1  24 03 1  F        36018.36
DP   1  24 04 0  F        35814.62
DP   1  24 04 1  F        35833.01
DP   1  24 05 0  F        36023.48
DP   1  24 05 1  F        36332.37
DP   1  24 06 0  F        36776.93
DP   1  24 06 1  F        37424.31
DP   1  24 07 0  F        38470.48
DP   1  24 07 1  F        40028.33
DP   1  24 08 0  F        41749.61
DP   1  24 08 1  F        43249.06
DP   1  24 09 0  F        44454.72
DP   1  24 09 1  F        45385.99
DP   1  24 10 0  F        46114.77
DP   1  24 10 1  F        46708.66
DP   1  24 11 0  F        47165.89
DP   1  24 11 1  F        47450.21
DP   1  24 12 0  F        47457.12
DP   1  24 12 1  F        47179.37
DP   1  24 13 0  F        47067.14
DP   1  24 13 1  F        47501.74
DP   1  24 14 0  F        48131.57
DP   1  24 14 1  F        48528.41
DP   1  24 15 0  F        48690.52
DP   1  24 15 1  F        48724.58
DP   1  24 16 0  F        48744.57
DP   1  24 16 1  F        48765.21
DP   1  24 17 0  F        48396.84
DP   1  24 17 1  F        47359.52
DP   1  24 18 0  F        46216.68
DP   1  24 18 1  F        45655.80
DP   1  24 19 0  F        46017.17
DP   1  24 19 1  F        47302.35
DP   1  24 20 0  F        48505.05
DP   1  24 20 1  F        48691.58
DP   1  24 21 0  F        48226.38
DP   1  24 21 1  F        47643.85
DP   1  24 22 0  F        46860.05
DP   1  24 22 1  F        45712.89
DP   1  24 23 0  F        44345.85
DP   1  24 23 1  F        42978.81
DP   2  24 00 0  F        13967.77
DP   2  24 00 1  F        13315.52
DP   2  24 01 0  F        12764.78
DP   2  24 01 1  F        12383.14
DP   2  24 02 0  F        12102.66
DP   2  24 02 1  F        11847.07
DP   2  24 03 0  F        11642.32
DP   2  24 03 1  F        11524.30
DP   2  24 04 0  F        11466.38
DP   2  24 04 1  F        11442.49
DP   2  24 05 0  F        11491.37
DP   2  24 05 1  F        11646.61
DP   2  24 06 0  F        11856.34
DP   2  24 06 1  F        12097.09
DP   2  24 07 0  F        12544.54
DP   2  24 07 1  F        13330.96
DP   2  24 08 0  F        14215.87
DP   2  24 08 1  F        14919.96
DP   2  24 09 0  F        15381.39
DP   2  24 09 1  F        15624.90
DP   2  24 10 0  F        15804.12
DP   2  24 10 1  F        16062.08
DP   2  24 11 0  F        16370.43
DP   2  24 11 1  F        16620.74
DP   2  24 12 0  F        16555.63
DP   2  24 12 1  F        16051.79
DP   2  24 13 0  F        15671.23
DP   2  24 13 1  F        15923.21
DP   2  24 14 0  F        16420.73
DP   2  24 14 1  F        16683.14
DP   2  24 15 0  F        16751.57
DP   2  24 15 1  F        16770.13
DP   2  24 16 0  F        16773.08
DP   2  24 16 1  F        16757.27
DP   2  24 17 0  F        16679.70
DP   2  24 17 1  F        16483.79
DP   2  24 18 0  F        16098.32
DP   2  24 18 1  F        15541.99
DP   2  24 19 0  F        15207.75
DP   2  24 19 1  F        15407.79
DP   2  24 20 0  F        15756.95
DP   2  24 20 1  F        15825.28
DP   2  24 21 0  F        15701.27
DP   2  24 21 1  F        15552.04
DP   2  24 22 0  F        15341.09
DP   2  24 22 1  F        15008.01
DP   2  24 23 0  F        14600.37
DP   2  24 23 1  F        14192.72
DP   3  24 00 0  F        13923.50
DP   3  24 00 1  F        13652.73
DP   3  24 01 0  F        13408.74
DP   3  24 01 1  F        13210.40
DP   3  24 02 0  F        13044.98
DP   3  24 02 1  F        12895.68
DP   3  24 03 0  F        12761.11
DP   3  24 03 1  F        12647.79
DP   3  24 04 0  F        12578.62
DP   3  24 04 1  F        12551.23
DP   3  24 05 0  F        12445.71
DP   3  24 05 1  F        12167.71
DP   3  24 06 0  F        11842.63
DP   3  24 06 1  F        11636.08
DP   3  24 07 0  F        11654.87
DP   3  24 07 1  F        11951.89
DP   3  24 08 0  F        12423.15
DP   3  24 08 1  F        12930.21
DP   3  24 09 0  F        13353.75
DP   3  24 09 1  F        13613.82
DP   3  24 10 0  F        13768.74
DP   3  24 10 1  F        13895.11
DP   3  24 11 0  F        14004.46
DP   3  24 11 1  F        14079.94
DP   3  24 12 0  F        14056.37
DP   3  24 12 1  F        13906.15
DP   3  24 13 0  F        13800.55
DP   3  24 13 1  F        13898.19
DP   3  24 14 0  F        14108.38
DP   3  24 14 1  F        14297.40
DP   3  24 15 0  F        14408.66
DP   3  24 15 1  F        14418.30
DP   3  24 16 0  F        14356.11
DP   3  24 16 1  F        14237.51
DP   3  24 17 0  F        13966.64
DP   3  24 17 1  F        13509.15
DP   3  24 18 0  F        13188.01
DP   3  24 18 1  F        13279.34
DP   3  24 19 0  F        13514.57
DP   3  24 19 1  F        13577.63
DP   3  24 20 0  F        13507.30
DP   3  24 20 1  F        13433.55
DP   3  24 21 0  F        13496.27
DP   3  24 21 1  F        13768.66
DP   3  24 22 0  F        14047.03
DP   3  24 22 1  F        14126.19
DP   3  24 23 0  F        14071.90
DP   3  24 23 1  F        14017.60
DP   4  24 00 0  F        7724.68
DP   4  24 00 1  F        7676.99
DP   4  24 01 0  F        7619.39
DP   4  24 01 1  F        7545.29
DP   4  24 02 0  F        7461.28
DP   4  24 02 1  F        7375.12
DP   4  24 03 0  F        7285.96
DP   4  24 03 1  F        7195.31
DP   4  24 04 0  F        7122.63
DP   4  24 04 1  F        7083.31
DP   4  24 05 0  F        7058.51
DP   4  24 05 1  F        7021.68
DP   4  24 06 0  F        6949.64
DP   4  24 06 1  F        6833.56
DP   4  24 07 0  F        6718.53
DP   4  24 07 1  F        6661.96
DP   4  24 08 0  F        6716.69
DP   4  24 08 1  F        6906.15
DP   4  24 09 0  F        7140.69
DP   4  24 09 1  F        7325.39
DP   4  24 10 0  F        7457.35
DP   4  24 10 1  F        7554.56
DP   4  24 11 0  F        7626.68
DP   4  24 11 1  F        7674.11
DP   4  24 12 0  F        7668.79
DP   4  24 12 1  F        7601.84
DP   4  24 13 0  F        7569.45
DP   4  24 13 1  F        7658.33
DP   4  24 14 0  F        7812.03
DP   4  24 14 1  F        7951.39
DP   4  24 15 0  F        8049.54
DP   4  24 15 1  F        8095.66
DP   4  24 16 0  F        8090.77
DP   4  24 16 1  F        8035.74
DP   4  24 17 0  F        7919.04
DP   4  24 17 1  F        7737.76
DP   4  24 18 0  F        7535.84
DP   4  24 18 1  F        7371.72
DP   4  24 19 0  F        7315.13
DP   4  24 19 1  F        7402.62
DP   4  24 20 0  F        7526.82
DP   4  24 20 1  F        7580.80
DP   4  24 21 0  F        7603.42
DP   4  24 21 1  F        7651.88
DP   4  24 22 0  F        7711.01
DP   4  24 22 1  F        7754.98
DP   4  24 23 0  F        7787.66
DP   4  24 23 1  F        7820.34
