&   CARGA
&
&   ss  di hi m df hf m Demanda
&X  XX  XX XX X XX XX X XXXXXXXXXX
DP   1  19 00 0  F        48849.61
DP   1  19 00 1  F        47463.85
DP   1  19 01 0  F        46180.02
DP   1  19 01 1  F        45075.60
DP   1  19 02 0  F        44130.18
DP   1  19 02 1  F        43312.27
DP   1  19 03 0  F        42644.00
DP   1  19 03 1  F        42152.88
DP   1  19 04 0  F        41834.38
DP   1  19 04 1  F        41672.27
DP   1  19 05 0  F        41635.69
DP   1  19 05 1  F        41692.27
DP   1  19 06 0  F        41818.34
DP   1  19 06 1  F        42056.16
DP   1  19 07 0  F        42703.01
DP   1  19 07 1  F        44001.11
DP   1  19 08 0  F        45717.53
DP   1  19 08 1  F        47507.83
DP   1  19 09 0  F        49056.99
DP   1  19 09 1  F        50157.85
DP   1  19 10 0  F        51005.52
DP   1  19 10 1  F        51803.82
DP   1  19 11 0  F        52389.48
DP   1  19 11 1  F        52577.56
DP   1  19 12 0  F        52463.85
DP   1  19 12 1  F        52253.71
DP   1  19 13 0  F        52310.17
DP   1  19 13 1  F        52885.14
DP   1  19 14 0  F        53628.30
DP   1  19 14 1  F        54132.56
DP   1  19 15 0  F        54365.93
DP   1  19 15 1  F        54378.40
DP   1  19 16 0  F        54172.50
DP   1  19 16 1  F        53713.20
DP   1  19 17 0  F        52862.61
DP   1  19 17 1  F        51552.98
DP   1  19 18 0  F        50099.87
DP   1  19 18 1  F        48950.73
DP   1  19 19 0  F        48697.23
DP   1  19 19 1  F        49643.77
DP   1  19 20 0  F        50801.47
DP   1  19 20 1  F        51178.42
DP   1  19 21 0  F        51063.74
DP   1  19 21 1  F        50925.70
DP   1  19 22 0  F        50667.90
DP   1  19 22 1  F        50122.13
DP   1  19 23 0  F        49397.69
DP   1  19 23 1  F        48673.25
DP   2  19 00 0  F        15416.75
DP   2  19 00 1  F        14833.02
DP   2  19 01 0  F        14310.70
DP   2  19 01 1  F        13893.74
DP   2  19 02 0  F        13556.36
DP   2  19 02 1  F        13266.19
DP   2  19 03 0  F        13034.25
DP   2  19 03 1  F        12874.17
DP   2  19 04 0  F        12766.69
DP   2  19 04 1  F        12697.41
DP   2  19 05 0  F        12704.37
DP   2  19 05 1  F        12815.09
DP   2  19 06 0  F        12962.56
DP   2  19 06 1  F        13115.48
DP   2  19 07 0  F        13479.89
DP   2  19 07 1  F        14228.66
DP   2  19 08 0  F        15164.45
DP   2  19 08 1  F        16026.71
DP   2  19 09 0  F        16672.25
DP   2  19 09 1  F        17041.80
DP   2  19 10 0  F        17294.52
DP   2  19 10 1  F        17599.01
DP   2  19 11 0  F        17943.23
DP   2  19 11 1  F        18229.79
DP   2  19 12 0  F        18200.52
DP   2  19 12 1  F        17736.01
DP   2  19 13 0  F        17432.51
DP   2  19 13 1  F        17826.37
DP   2  19 14 0  F        18498.53
DP   2  19 14 1  F        18916.13
DP   2  19 15 0  F        19046.41
DP   2  19 15 1  F        18982.22
DP   2  19 16 0  F        18818.47
DP   2  19 16 1  F        18622.80
DP   2  19 17 0  F        18351.42
DP   2  19 17 1  F        17933.36
DP   2  19 18 0  F        17300.44
DP   2  19 18 1  F        16489.51
DP   2  19 19 0  F        15954.83
DP   2  19 19 1  F        16065.57
DP   2  19 20 0  F        16433.02
DP   2  19 20 1  F        16604.12
DP   2  19 21 0  F        16626.22
DP   2  19 21 1  F        16630.05
DP   2  19 22 0  F        16579.40
DP   2  19 22 1  F        16420.36
DP   2  19 23 0  F        16195.12
DP   2  19 23 1  F        15969.88
DP   3  19 00 0  F        14353.12
DP   3  19 00 1  F        14103.08
DP   3  19 01 0  F        13866.26
DP   3  19 01 1  F        13653.92
DP   3  19 02 0  F        13469.43
DP   3  19 02 1  F        13311.46
DP   3  19 03 0  F        13167.66
DP   3  19 03 1  F        13033.01
DP   3  19 04 0  F        12942.83
DP   3  19 04 1  F        12906.53
DP   3  19 05 0  F        12789.44
DP   3  19 05 1  F        12482.62
DP   3  19 06 0  F        12123.98
DP   3  19 06 1  F        11893.06
DP   3  19 07 0  F        11889.07
DP   3  19 07 1  F        12156.16
DP   3  19 08 0  F        12598.54
DP   3  19 08 1  F        13086.94
DP   3  19 09 0  F        13498.06
DP   3  19 09 1  F        13747.01
DP   3  19 10 0  F        13896.67
DP   3  19 10 1  F        14027.68
DP   3  19 11 0  F        14143.77
DP   3  19 11 1  F        14220.25
DP   3  19 12 0  F        14195.37
DP   3  19 12 1  F        14047.11
DP   3  19 13 0  F        13949.44
DP   3  19 13 1  F        14060.57
DP   3  19 14 0  F        14279.87
DP   3  19 14 1  F        14466.94
DP   3  19 15 0  F        14581.13
DP   3  19 15 1  F        14611.14
DP   3  19 16 0  F        14563.24
DP   3  19 16 1  F        14427.86
DP   3  19 17 0  F        14114.62
DP   3  19 17 1  F        13605.46
DP   3  19 18 0  F        13252.49
DP   3  19 18 1  F        13356.50
DP   3  19 19 0  F        13642.99
DP   3  19 19 1  F        13775.87
DP   3  19 20 0  F        13748.10
DP   3  19 20 1  F        13658.58
DP   3  19 21 0  F        13700.87
DP   3  19 21 1  F        14002.63
DP   3  19 22 0  F        14333.10
DP   3  19 22 1  F        14449.65
DP   3  19 23 0  F        14420.40
DP   3  19 23 1  F        14391.14
DP   4  19 00 0  F        7923.44
DP   4  19 00 1  F        7870.96
DP   4  19 01 0  F        7805.83
DP   4  19 01 1  F        7721.17
DP   4  19 02 0  F        7633.38
DP   4  19 02 1  F        7558.39
DP   4  19 03 0  F        7487.14
DP   4  19 03 1  F        7408.71
DP   4  19 04 0  F        7329.52
DP   4  19 04 1  F        7260.17
DP   4  19 05 0  F        7210.50
DP   4  19 05 1  F        7178.19
DP   4  19 06 0  F        7113.03
DP   4  19 06 1  F        6977.82
DP   4  19 07 0  F        6835.23
DP   4  19 07 1  F        6762.70
DP   4  19 08 0  F        6796.87
DP   4  19 08 1  F        6943.95
DP   4  19 09 0  F        7129.22
DP   4  19 09 1  F        7275.35
DP   4  19 10 0  F        7375.62
DP   4  19 10 1  F        7441.34
DP   4  19 11 0  F        7485.44
DP   4  19 11 1  F        7514.62
DP   4  19 12 0  F        7509.08
DP   4  19 12 1  F        7460.81
DP   4  19 13 0  F        7435.33
DP   4  19 13 1  F        7494.40
DP   4  19 14 0  F        7611.14
DP   4  19 14 1  F        7737.90
DP   4  19 15 0  F        7832.49
DP   4  19 15 1  F        7864.13
DP   4  19 16 0  F        7842.10
DP   4  19 16 1  F        7780.96
DP   4  19 17 0  F        7676.09
DP   4  19 17 1  F        7525.20
DP   4  19 18 0  F        7354.41
DP   4  19 18 1  F        7205.51
DP   4  19 19 0  F        7154.58
DP   4  19 19 1  F        7248.80
DP   4  19 20 0  F        7385.46
DP   4  19 20 1  F        7457.72
DP   4  19 21 0  F        7492.23
DP   4  19 21 1  F        7536.97
DP   4  19 22 0  F        7591.89
DP   4  19 22 1  F        7647.07
DP   4  19 23 0  F        7701.31
DP   4  19 23 1  F        7755.55
