&   CARGA
&
&   ss  di hi m df hf m Demanda
&X  XX  XX XX X XX XX X XXXXXXXXXX
DP   1  25 00 0  F        42135.46
DP   1  25 00 1  F        40592.66
DP   1  25 01 0  F        39251.63
DP   1  25 01 1  F        38255.12
DP   1  25 02 0  F        37509.79
DP   1  25 02 1  F        36888.70
DP   1  25 03 0  F        36366.59
DP   1  25 03 1  F        35959.83
DP   1  25 04 0  F        35749.59
DP   1  25 04 1  F        35792.29
DP   1  25 05 0  F        35980.66
DP   1  25 05 1  F        36213.37
DP   1  25 06 0  F        36576.62
DP   1  25 06 1  F        37206.17
DP   1  25 07 0  F        38248.50
DP   1  25 07 1  F        39760.63
DP   1  25 08 0  F        41430.97
DP   1  25 08 1  F        42924.18
DP   1  25 09 0  F        44178.43
DP   1  25 09 1  F        45204.91
DP   1  25 10 0  F        46033.38
DP   1  25 10 1  F        46693.09
DP   1  25 11 0  F        47192.76
DP   1  25 11 1  F        47516.36
DP   1  25 12 0  F        47569.34
DP   1  25 12 1  F        47343.66
DP   1  25 13 0  F        47255.80
DP   1  25 13 1  F        47663.98
DP   1  25 14 0  F        48268.77
DP   1  25 14 1  F        48696.19
DP   1  25 15 0  F        48931.64
DP   1  25 15 1  F        49051.88
DP   1  25 16 0  F        49139.72
DP   1  25 16 1  F        49186.85
DP   1  25 17 0  F        48814.49
DP   1  25 17 1  F        47758.95
DP   1  25 18 0  F        46587.59
DP   1  25 18 1  F        45996.94
DP   1  25 19 0  F        46369.45
DP   1  25 19 1  F        47728.15
DP   1  25 20 0  F        48972.50
DP   1  25 20 1  F        49101.27
DP   1  25 21 0  F        48634.04
DP   1  25 21 1  F        48245.08
DP   1  25 22 0  F        47706.72
DP   1  25 22 1  F        46691.56
DP   1  25 23 0  F        45375.12
DP   1  25 23 1  F        44058.69
DP   2  25 00 0  F        13854.50
DP   2  25 00 1  F        13233.58
DP   2  25 01 0  F        12708.06
DP   2  25 01 1  F        12341.61
DP   2  25 02 0  F        12070.99
DP   2  25 02 1  F        11825.41
DP   2  25 03 0  F        11630.81
DP   2  25 03 1  F        11519.97
DP   2  25 04 0  F        11456.34
DP   2  25 04 1  F        11408.92
DP   2  25 05 0  F        11438.21
DP   2  25 05 1  F        11598.21
DP   2  25 06 0  F        11825.38
DP   2  25 06 1  F        12078.42
DP   2  25 07 0  F        12522.58
DP   2  25 07 1  F        13288.04
DP   2  25 08 0  F        14158.16
DP   2  25 08 1  F        14873.54
DP   2  25 09 0  F        15350.69
DP   2  25 09 1  F        15592.59
DP   2  25 10 0  F        15772.28
DP   2  25 10 1  F        16055.03
DP   2  25 11 0  F        16404.92
DP   2  25 11 1  F        16700.34
DP   2  25 12 0  F        16678.16
DP   2  25 12 1  F        16213.61
DP   2  25 13 0  F        15876.93
DP   2  25 13 1  F        16187.31
DP   2  25 14 0  F        16764.57
DP   2  25 14 1  F        17123.33
DP   2  25 15 0  F        17256.70
DP   2  25 15 1  F        17271.98
DP   2  25 16 0  F        17254.87
DP   2  25 16 1  F        17252.61
DP   2  25 17 0  F        17180.28
DP   2  25 17 1  F        16933.77
DP   2  25 18 0  F        16464.38
DP   2  25 18 1  F        15826.85
DP   2  25 19 0  F        15434.54
DP   2  25 19 1  F        15612.83
DP   2  25 20 0  F        15976.69
DP   2  25 20 1  F        16092.40
DP   2  25 21 0  F        16041.79
DP   2  25 21 1  F        15981.38
DP   2  25 22 0  F        15850.87
DP   2  25 22 1  F        15570.22
DP   2  25 23 0  F        15197.27
DP   2  25 23 1  F        14824.31
DP   3  25 00 0  F        13896.43
DP   3  25 00 1  F        13635.89
DP   3  25 01 0  F        13398.59
DP   3  25 01 1  F        13201.14
DP   3  25 02 0  F        13033.67
DP   3  25 02 1  F        12883.27
DP   3  25 03 0  F        12751.41
DP   3  25 03 1  F        12645.87
DP   3  25 04 0  F        12585.13
DP   3  25 04 1  F        12562.28
DP   3  25 05 0  F        12458.07
DP   3  25 05 1  F        12178.81
DP   3  25 06 0  F        11845.47
DP   3  25 06 1  F        11620.88
DP   3  25 07 0  F        11620.74
DP   3  25 07 1  F        11903.31
DP   3  25 08 0  F        12344.29
DP   3  25 08 1  F        12790.94
DP   3  25 09 0  F        13159.18
DP   3  25 09 1  F        13403.05
DP   3  25 10 0  F        13560.27
DP   3  25 10 1  F        13681.05
DP   3  25 11 0  F        13781.85
DP   3  25 11 1  F        13855.89
DP   3  25 12 0  F        13837.14
DP   3  25 12 1  F        13695.06
DP   3  25 13 0  F        13600.46
DP   3  25 13 1  F        13710.66
DP   3  25 14 0  F        13927.66
DP   3  25 14 1  F        14113.42
DP   3  25 15 0  F        14225.13
DP   3  25 15 1  F        14251.34
DP   3  25 16 0  F        14210.69
DP   3  25 16 1  F        14106.55
DP   3  25 17 0  F        13850.99
DP   3  25 17 1  F        13418.49
DP   3  25 18 0  F        13124.45
DP   3  25 18 1  F        13236.74
DP   3  25 19 0  F        13492.07
DP   3  25 19 1  F        13578.31
DP   3  25 20 0  F        13519.39
DP   3  25 20 1  F        13433.52
DP   3  25 21 0  F        13480.11
DP   3  25 21 1  F        13753.36
DP   3  25 22 0  F        14045.50
DP   3  25 22 1  F        14142.48
DP   3  25 23 0  F        14107.25
DP   3  25 23 1  F        14072.03
DP   4  25 00 0  F        7743.34
DP   4  25 00 1  F        7688.20
DP   4  25 01 0  F        7621.00
DP   4  25 01 1  F        7535.82
DP   4  25 02 0  F        7451.40
DP   4  25 02 1  F        7383.69
DP   4  25 03 0  F        7312.66
DP   4  25 03 1  F        7220.91
DP   4  25 04 0  F        7137.28
DP   4  25 04 1  F        7090.28
DP   4  25 05 0  F        7060.78
DP   4  25 05 1  F        7019.05
DP   4  25 06 0  F        6940.38
DP   4  25 06 1  F        6816.16
DP   4  25 07 0  F        6697.22
DP   4  25 07 1  F        6645.70
DP   4  25 08 0  F        6709.48
DP   4  25 08 1  F        6905.83
DP   4  25 09 0  F        7143.87
DP   4  25 09 1  F        7329.28
DP   4  25 10 0  F        7462.27
DP   4  25 10 1  F        7561.93
DP   4  25 11 0  F        7628.43
DP   4  25 11 1  F        7656.50
DP   4  25 12 0  F        7638.00
DP   4  25 12 1  F        7581.43
DP   4  25 13 0  F        7564.50
DP   4  25 13 1  F        7655.46
DP   4  25 14 0  F        7815.28
DP   4  25 14 1  F        7980.40
DP   4  25 15 0  F        8096.35
DP   4  25 15 1  F        8127.78
DP   4  25 16 0  F        8106.78
DP   4  25 16 1  F        8065.50
DP   4  25 17 0  F        7968.86
DP   4  25 17 1  F        7785.62
DP   4  25 18 0  F        7567.28
DP   4  25 18 1  F        7386.48
DP   4  25 19 0  F        7317.91
DP   4  25 19 1  F        7400.52
DP   4  25 20 0  F        7528.42
DP   4  25 20 1  F        7594.13
DP   4  25 21 0  F        7628.66
DP   4  25 21 1  F        7682.53
DP   4  25 22 0  F        7745.82
DP   4  25 22 1  F        7798.95
DP   4  25 23 0  F        7844.26
DP   4  25 23 1  F        7889.57
