&   CARGA
&
&   ss  di hi m df hf m Demanda
&X  XX  XX XX X XX XX X XXXXXXXXXX
DP   1  23 00 0  F        42035.03
DP   1  23 00 1  F        40585.38
DP   1  23 01 0  F        39306.84
DP   1  23 01 1  F        38320.73
DP   1  23 02 0  F        37549.10
DP   1  23 02 1  F        36890.73
DP   1  23 03 0  F        36350.39
DP   1  23 03 1  F        35962.18
DP   1  23 04 0  F        35771.43
DP   1  23 04 1  F        35804.20
DP   1  23 05 0  F        35998.26
DP   1  23 05 1  F        36291.88
DP   1  23 06 0  F        36713.51
DP   1  23 06 1  F        37340.85
DP   1  23 07 0  F        38358.35
DP   1  23 07 1  F        39866.95
DP   1  23 08 0  F        41526.90
DP   1  23 08 1  F        42968.86
DP   1  23 09 0  F        44145.84
DP   1  23 09 1  F        45091.05
DP   1  23 10 0  F        45835.95
DP   1  23 10 1  F        46411.17
DP   1  23 11 0  F        46845.66
DP   1  23 11 1  F        47140.76
DP   1  23 12 0  F        47188.99
DP   1  23 12 1  F        46964.27
DP   1  23 13 0  F        46874.97
DP   1  23 13 1  F        47274.89
DP   1  23 14 0  F        47865.09
DP   1  23 14 1  F        48271.57
DP   1  23 15 0  F        48472.87
DP   1  23 15 1  F        48544.09
DP   1  23 16 0  F        48594.27
DP   1  23 16 1  F        48641.75
DP   1  23 17 0  F        48308.28
DP   1  23 17 1  F        47316.40
DP   1  23 18 0  F        46188.35
DP   1  23 18 1  F        45584.25
DP   1  23 19 0  F        45915.91
DP   1  23 19 1  F        47249.74
DP   1  23 20 0  F        48518.92
DP   1  23 20 1  F        48735.04
DP   1  23 21 0  F        48356.78
DP   1  23 21 1  F        47999.40
DP   1  23 22 0  F        47457.61
DP   1  23 22 1  F        46438.92
DP   1  23 23 0  F        45122.79
DP   1  23 23 1  F        43806.67
DP   2  23 00 0  F        14329.60
DP   2  23 00 1  F        13705.14
DP   2  23 01 0  F        13172.25
DP   2  23 01 1  F        12791.52
DP   2  23 02 0  F        12499.76
DP   2  23 02 1  F        12227.82
DP   2  23 03 0  F        12006.44
DP   2  23 03 1  F        11875.44
DP   2  23 04 0  F        11810.98
DP   2  23 04 1  F        11787.73
DP   2  23 05 0  F        11838.14
DP   2  23 05 1  F        11991.50
DP   2  23 06 0  F        12206.81
DP   2  23 06 1  F        12468.13
DP   2  23 07 0  F        12930.03
DP   2  23 07 1  F        13710.04
DP   2  23 08 0  F        14607.09
DP   2  23 08 1  F        15374.38
DP   2  23 09 0  F        15900.84
DP   2  23 09 1  F        16163.19
DP   2  23 10 0  F        16353.80
DP   2  23 10 1  F        16658.69
DP   2  23 11 0  F        17022.98
DP   2  23 11 1  F        17303.91
DP   2  23 12 0  F        17248.14
DP   2  23 12 1  F        16748.32
DP   2  23 13 0  F        16391.72
DP   2  23 13 1  F        16704.23
DP   2  23 14 0  F        17271.66
DP   2  23 14 1  F        17578.27
DP   2  23 15 0  F        17642.24
DP   2  23 15 1  F        17601.51
DP   2  23 16 0  F        17539.04
DP   2  23 16 1  F        17494.64
DP   2  23 17 0  F        17390.32
DP   2  23 17 1  F        17127.03
DP   2  23 18 0  F        16639.07
DP   2  23 18 1  F        15968.05
DP   2  23 19 0  F        15551.17
DP   2  23 19 1  F        15737.13
DP   2  23 20 0  F        16124.80
DP   2  23 20 1  F        16257.05
DP   2  23 21 0  F        16202.54
DP   2  23 21 1  F        16112.26
DP   2  23 22 0  F        15940.59
DP   2  23 22 1  F        15623.28
DP   2  23 23 0  F        15217.91
DP   2  23 23 1  F        14812.54
DP   3  23 00 0  F        14135.00
DP   3  23 00 1  F        13869.90
DP   3  23 01 0  F        13628.32
DP   3  23 01 1  F        13426.65
DP   3  23 02 0  F        13252.84
DP   3  23 02 1  F        13092.27
DP   3  23 03 0  F        12948.64
DP   3  23 03 1  F        12833.67
DP   3  23 04 0  F        12772.81
DP   3  23 04 1  F        12761.23
DP   3  23 05 0  F        12659.28
DP   3  23 05 1  F        12358.10
DP   3  23 06 0  F        12006.92
DP   3  23 06 1  F        11797.95
DP   3  23 07 0  F        11837.11
DP   3  23 07 1  F        12167.84
DP   3  23 08 0  F        12669.80
DP   3  23 08 1  F        13190.07
DP   3  23 09 0  F        13609.17
DP   3  23 09 1  F        13853.78
DP   3  23 10 0  F        14001.94
DP   3  23 10 1  F        14144.68
DP   3  23 11 0  F        14273.77
DP   3  23 11 1  F        14350.14
DP   3  23 12 0  F        14310.82
DP   3  23 12 1  F        14139.15
DP   3  23 13 0  F        14027.70
DP   3  23 13 1  F        14148.42
DP   3  23 14 0  F        14381.54
DP   3  23 14 1  F        14566.63
DP   3  23 15 0  F        14672.42
DP   3  23 15 1  F        14700.44
DP   3  23 16 0  F        14654.34
DP   3  23 16 1  F        14521.15
DP   3  23 17 0  F        14219.34
DP   3  23 17 1  F        13736.52
DP   3  23 18 0  F        13405.31
DP   3  23 18 1  F        13503.95
DP   3  23 19 0  F        13748.01
DP   3  23 19 1  F        13805.21
DP   3  23 20 0  F        13714.41
DP   3  23 20 1  F        13613.62
DP   3  23 21 0  F        13666.11
DP   3  23 21 1  F        13961.53
DP   3  23 22 0  F        14269.70
DP   3  23 22 1  F        14356.98
DP   3  23 23 0  F        14295.57
DP   3  23 23 1  F        14234.16
DP   4  23 00 0  F        7715.86
DP   4  23 00 1  F        7655.70
DP   4  23 01 0  F        7591.37
DP   4  23 01 1  F        7520.43
DP   4  23 02 0  F        7447.43
DP   4  23 02 1  F        7375.96
DP   4  23 03 0  F        7299.07
DP   4  23 03 1  F        7212.96
DP   4  23 04 0  F        7136.99
DP   4  23 04 1  F        7089.45
DP   4  23 05 0  F        7061.02
DP   4  23 05 1  F        7031.69
DP   4  23 06 0  F        6966.16
DP   4  23 06 1  F        6845.25
DP   4  23 07 0  F        6729.48
DP   4  23 07 1  F        6689.97
DP   4  23 08 0  F        6760.31
DP   4  23 08 1  F        6944.69
DP   4  23 09 0  F        7167.00
DP   4  23 09 1  F        7348.85
DP   4  23 10 0  F        7482.95
DP   4  23 10 1  F        7578.71
DP   4  23 11 0  F        7641.10
DP   4  23 11 1  F        7670.14
DP   4  23 12 0  F        7650.35
DP   4  23 12 1  F        7583.05
DP   4  23 13 0  F        7552.25
DP   4  23 13 1  F        7632.82
DP   4  23 14 0  F        7780.39
DP   4  23 14 1  F        7928.38
DP   4  23 15 0  F        8040.58
DP   4  23 15 1  F        8094.09
DP   4  23 16 0  F        8088.83
DP   4  23 16 1  F        8027.74
DP   4  23 17 0  F        7902.94
DP   4  23 17 1  F        7714.42
DP   4  23 18 0  F        7504.61
DP   4  23 18 1  F        7330.18
DP   4  23 19 0  F        7262.60
DP   4  23 19 1  F        7340.94
DP   4  23 20 0  F        7460.08
DP   4  23 20 1  F        7514.57
DP   4  23 21 0  F        7541.93
DP   4  23 21 1  F        7597.31
DP   4  23 22 0  F        7663.31
DP   4  23 22 1  F        7712.42
DP   4  23 23 0  F        7749.08
DP   4  23 23 1  F        7785.75
