&   CARGA
&
&   ss  di hi m df hf m Demanda
&X  XX  XX XX X XX XX X XXXXXXXXXX
DP   1  20 00 0  F        47804.04
DP   1  20 00 1  F        46543.11
DP   1  20 01 0  F        45363.66
DP   1  20 01 1  F        44327.09
DP   1  20 02 0  F        43414.52
DP   1  20 02 1  F        42602.06
DP   1  20 03 0  F        41925.98
DP   1  20 03 1  F        41422.61
DP   1  20 04 0  F        41068.47
DP   1  20 04 1  F        40823.84
DP   1  20 05 0  F        40643.93
DP   1  20 05 1  F        40479.74
DP   1  20 06 0  F        40270.44
DP   1  20 06 1  F        40035.51
DP   1  20 07 0  F        40127.37
DP   1  20 07 1  F        40850.17
DP   1  20 08 0  F        41981.88
DP   1  20 08 1  F        43202.94
DP   1  20 09 0  F        44329.68
DP   1  20 09 1  F        45245.52
DP   1  20 10 0  F        45966.19
DP   1  20 10 1  F        46525.20
DP   1  20 11 0  F        46894.82
DP   1  20 11 1  F        47056.18
DP   1  20 12 0  F        47087.06
DP   1  20 12 1  F        47079.32
DP   1  20 13 0  F        47084.52
DP   1  20 13 1  F        47128.72
DP   1  20 14 0  F        47176.20
DP   1  20 14 1  F        47183.04
DP   1  20 15 0  F        47134.08
DP   1  20 15 1  F        47030.03
DP   1  20 16 0  F        46906.33
DP   1  20 16 1  F        46781.17
DP   1  20 17 0  F        46568.98
DP   1  20 17 1  F        46215.85
DP   1  20 18 0  F        45898.32
DP   1  20 18 1  F        45865.11
DP   1  20 19 0  F        46423.34
DP   1  20 19 1  F        47667.81
DP   1  20 20 0  F        48785.61
DP   1  20 20 1  F        49008.77
DP   1  20 21 0  F        48656.70
DP   1  20 21 1  F        48198.86
DP   1  20 22 0  F        47617.55
DP   1  20 22 1  F        46818.40
DP   1  20 23 0  F        45887.75
DP   1  20 23 1  F        44957.10
DP   2  20 00 0  F        14985.51
DP   2  20 00 1  F        14452.87
DP   2  20 01 0  F        13966.82
DP   2  20 01 1  F        13561.38
DP   2  20 02 0  F        13220.24
DP   2  20 02 1  F        12920.40
DP   2  20 03 0  F        12662.40
DP   2  20 03 1  F        12453.57
DP   2  20 04 0  F        12304.97
DP   2  20 04 1  F        12224.45
DP   2  20 05 0  F        12203.28
DP   2  20 05 1  F        12219.88
DP   2  20 06 0  F        12217.88
DP   2  20 06 1  F        12181.88
DP   2  20 07 0  F        12295.46
DP   2  20 07 1  F        12716.55
DP   2  20 08 0  F        13301.77
DP   2  20 08 1  F        13855.42
DP   2  20 09 0  F        14273.80
DP   2  20 09 1  F        14513.10
DP   2  20 10 0  F        14676.92
DP   2  20 10 1  F        14873.46
DP   2  20 11 0  F        15081.90
DP   2  20 11 1  F        15234.98
DP   2  20 12 0  F        15208.69
DP   2  20 12 1  F        14945.15
DP   2  20 13 0  F        14707.65
DP   2  20 13 1  F        14739.28
DP   2  20 14 0  F        14881.10
DP   2  20 14 1  F        14923.69
DP   2  20 15 0  F        14857.68
DP   2  20 15 1  F        14728.29
DP   2  20 16 0  F        14599.05
DP   2  20 16 1  F        14524.83
DP   2  20 17 0  F        14507.50
DP   2  20 17 1  F        14518.50
DP   2  20 18 0  F        14460.55
DP   2  20 18 1  F        14286.91
DP   2  20 19 0  F        14221.92
DP   2  20 19 1  F        14455.15
DP   2  20 20 0  F        14766.09
DP   2  20 20 1  F        14891.66
DP   2  20 21 0  F        14808.65
DP   2  20 21 1  F        14561.36
DP   2  20 22 0  F        14224.45
DP   2  20 22 1  F        13867.03
DP   2  20 23 0  F        13505.91
DP   2  20 23 1  F        13144.78
DP   3  20 00 0  F        14093.08
DP   3  20 00 1  F        13875.38
DP   3  20 01 0  F        13664.26
DP   3  20 01 1  F        13467.57
DP   3  20 02 0  F        13298.17
DP   3  20 02 1  F        13162.92
DP   3  20 03 0  F        13039.49
DP   3  20 03 1  F        12911.37
DP   3  20 04 0  F        12814.25
DP   3  20 04 1  F        12762.01
DP   3  20 05 0  F        12628.80
DP   3  20 05 1  F        12308.52
DP   3  20 06 0  F        11913.55
DP   3  20 06 1  F        11597.66
DP   3  20 07 0  F        11461.44
DP   3  20 07 1  F        11555.62
DP   3  20 08 0  F        11784.55
DP   3  20 08 1  F        12028.64
DP   3  20 09 0  F        12219.02
DP   3  20 09 1  F        12320.73
DP   3  20 10 0  F        12383.88
DP   3  20 10 1  F        12463.77
DP   3  20 11 0  F        12551.44
DP   3  20 11 1  F        12619.56
DP   3  20 12 0  F        12631.36
DP   3  20 12 1  F        12571.63
DP   3  20 13 0  F        12520.67
DP   3  20 13 1  F        12552.62
DP   3  20 14 0  F        12621.46
DP   3  20 14 1  F        12665.65
DP   3  20 15 0  F        12681.76
DP   3  20 15 1  F        12678.42
DP   3  20 16 0  F        12654.45
DP   3  20 16 1  F        12601.16
DP   3  20 17 0  F        12489.83
DP   3  20 17 1  F        12345.42
DP   3  20 18 0  F        12427.85
DP   3  20 18 1  F        12921.11
DP   3  20 19 0  F        13470.40
DP   3  20 19 1  F        13701.65
DP   3  20 20 0  F        13702.28
DP   3  20 20 1  F        13652.25
DP   3  20 21 0  F        13639.98
DP   3  20 21 1  F        13703.78
DP   3  20 22 0  F        13773.09
DP   3  20 22 1  F        13774.10
DP   3  20 23 0  F        13728.96
DP   3  20 23 1  F        13683.82
DP   4  20 00 0  F        7801.32
DP   4  20 00 1  F        7761.22
DP   4  20 01 0  F        7710.20
DP   4  20 01 1  F        7641.82
DP   4  20 02 0  F        7567.57
DP   4  20 02 1  F        7498.74
DP   4  20 03 0  F        7428.02
DP   4  20 03 1  F        7348.49
DP   4  20 04 0  F        7273.40
DP   4  20 04 1  F        7216.76
DP   4  20 05 0  F        7175.28
DP   4  20 05 1  F        7135.44
DP   4  20 06 0  F        7059.91
DP   4  20 06 1  F        6924.41
DP   4  20 07 0  F        6780.52
DP   4  20 07 1  F        6688.62
DP   4  20 08 0  F        6668.18
DP   4  20 08 1  F        6718.55
DP   4  20 09 0  F        6799.31
DP   4  20 09 1  F        6869.53
DP   4  20 10 0  F        6925.92
DP   4  20 10 1  F        6972.35
DP   4  20 11 0  F        7003.64
DP   4  20 11 1  F        7012.97
DP   4  20 12 0  F        6995.71
DP   4  20 12 1  F        6955.91
DP   4  20 13 0  F        6929.93
DP   4  20 13 1  F        6950.31
DP   4  20 14 0  F        7002.13
DP   4  20 14 1  F        7059.40
DP   4  20 15 0  F        7099.63
DP   4  20 15 1  F        7106.60
DP   4  20 16 0  F        7085.73
DP   4  20 16 1  F        7045.33
DP   4  20 17 0  F        6983.38
DP   4  20 17 1  F        6905.16
DP   4  20 18 0  F        6855.34
DP   4  20 18 1  F        6877.65
DP   4  20 19 0  F        6972.50
DP   4  20 19 1  F        7118.69
DP   4  20 20 0  F        7251.76
DP   4  20 20 1  F        7316.14
DP   4  20 21 0  F        7335.10
DP   4  20 21 1  F        7345.31
DP   4  20 22 0  F        7358.23
DP   4  20 22 1  F        7377.53
DP   4  20 23 0  F        7400.78
DP   4  20 23 1  F        7424.03
