&   CARGA
&
&   ss  di hi m df hf m Demanda
&X  XX  XX XX X XX XX X XXXXXXXXXX
DP   1  21 00 0  F        43588.26
DP   1  21 00 1  F        42434.03
DP   1  21 01 0  F        41367.73
DP   1  21 01 1  F        40451.16
DP   1  21 02 0  F        39641.72
DP   1  21 02 1  F        38892.52
DP   1  21 03 0  F        38244.06
DP   1  21 03 1  F        37742.48
DP   1  21 04 0  F        37369.05
DP   1  21 04 1  F        37082.35
DP   1  21 05 0  F        36814.95
DP   1  21 05 1  F        36496.72
DP   1  21 06 0  F        36072.52
DP   1  21 06 1  F        35555.32
DP   1  21 07 0  F        35215.45
DP   1  21 07 1  F        35305.23
DP   1  21 08 0  F        35747.66
DP   1  21 08 1  F        36381.77
DP   1  21 09 0  F        37040.32
DP   1  21 09 1  F        37588.36
DP   1  21 10 0  F        38026.37
DP   1  21 10 1  F        38392.61
DP   1  21 11 0  F        38740.92
DP   1  21 11 1  F        39097.54
DP   1  21 12 0  F        39362.70
DP   1  21 12 1  F        39444.76
DP   1  21 13 0  F        39410.62
DP   1  21 13 1  F        39348.80
DP   1  21 14 0  F        39275.61
DP   1  21 14 1  F        39190.60
DP   1  21 15 0  F        39098.27
DP   1  21 15 1  F        39022.44
DP   1  21 16 0  F        39059.25
DP   1  21 16 1  F        39287.34
DP   1  21 17 0  F        39643.15
DP   1  21 17 1  F        40036.47
DP   1  21 18 0  F        40412.62
DP   1  21 18 1  F        40817.59
DP   1  21 19 0  F        41664.38
DP   1  21 19 1  F        43189.92
DP   1  21 20 0  F        44559.58
DP   1  21 20 1  F        44966.26
DP   1  21 21 0  F        44784.38
DP   1  21 21 1  F        44544.12
DP   1  21 22 0  F        44217.02
DP   1  21 22 1  F        43684.22
DP   1  21 23 0  F        43023.94
DP   1  21 23 1  F        42363.66
DP   2  21 00 0  F        13138.05
DP   2  21 00 1  F        12647.19
DP   2  21 01 0  F        12201.42
DP   2  21 01 1  F        11835.58
DP   2  21 02 0  F        11543.49
DP   2  21 02 1  F        11307.83
DP   2  21 03 0  F        11107.56
DP   2  21 03 1  F        10930.38
DP   2  21 04 0  F        10802.63
DP   2  21 04 1  F        10748.49
DP   2  21 05 0  F        10744.73
DP   2  21 05 1  F        10755.28
DP   2  21 06 0  F        10739.90
DP   2  21 06 1  F        10696.50
DP   2  21 07 0  F        10779.52
DP   2  21 07 1  F        11117.40
DP   2  21 08 0  F        11577.86
DP   2  21 08 1  F        11991.59
DP   2  21 09 0  F        12301.61
DP   2  21 09 1  F        12503.01
DP   2  21 10 0  F        12686.64
DP   2  21 10 1  F        12935.86
DP   2  21 11 0  F        13208.31
DP   2  21 11 1  F        13422.30
DP   2  21 12 0  F        13464.65
DP   2  21 12 1  F        13284.10
DP   2  21 13 0  F        13108.63
DP   2  21 13 1  F        13150.97
DP   2  21 14 0  F        13283.46
DP   2  21 14 1  F        13339.80
DP   2  21 15 0  F        13339.42
DP   2  21 15 1  F        13337.61
DP   2  21 16 0  F        13347.44
DP   2  21 16 1  F        13375.69
DP   2  21 17 0  F        13446.09
DP   2  21 17 1  F        13558.40
DP   2  21 18 0  F        13599.51
DP   2  21 18 1  F        13509.92
DP   2  21 19 0  F        13557.31
DP   2  21 19 1  F        13961.17
DP   2  21 20 0  F        14421.19
DP   2  21 20 1  F        14601.04
DP   2  21 21 0  F        14540.35
DP   2  21 21 1  F        14357.21
DP   2  21 22 0  F        14107.67
DP   2  21 22 1  F        13827.69
DP   2  21 23 0  F        13534.78
DP   2  21 23 1  F        13241.86
DP   3  21 00 0  F        13686.35
DP   3  21 00 1  F        13478.05
DP   3  21 01 0  F        13279.86
DP   3  21 01 1  F        13101.12
DP   3  21 02 0  F        12948.04
DP   3  21 02 1  F        12820.39
DP   3  21 03 0  F        12695.31
DP   3  21 03 1  F        12558.21
DP   3  21 04 0  F        12450.30
DP   3  21 04 1  F        12390.75
DP   3  21 05 0  F        12254.63
DP   3  21 05 1  F        11933.02
DP   3  21 06 0  F        11525.03
DP   3  21 06 1  F        11168.10
DP   3  21 07 0  F        10944.76
DP   3  21 07 1  F        10897.10
DP   3  21 08 0  F        10960.18
DP   3  21 08 1  F        11050.28
DP   3  21 09 0  F        11115.69
DP   3  21 09 1  F        11129.91
DP   3  21 10 0  F        11135.42
DP   3  21 10 1  F        11178.00
DP   3  21 11 0  F        11247.65
DP   3  21 11 1  F        11320.72
DP   3  21 12 0  F        11374.73
DP   3  21 12 1  F        11396.58
DP   3  21 13 0  F        11409.72
DP   3  21 13 1  F        11439.15
DP   3  21 14 0  F        11479.41
DP   3  21 14 1  F        11517.34
DP   3  21 15 0  F        11539.34
DP   3  21 15 1  F        11537.85
DP   3  21 16 0  F        11529.78
DP   3  21 16 1  F        11527.45
DP   3  21 17 0  F        11500.45
DP   3  21 17 1  F        11463.71
DP   3  21 18 0  F        11656.34
DP   3  21 18 1  F        12242.55
DP   3  21 19 0  F        12862.53
DP   3  21 19 1  F        13145.69
DP   3  21 20 0  F        13202.48
DP   3  21 20 1  F        13227.92
DP   3  21 21 0  F        13274.36
DP   3  21 21 1  F        13348.11
DP   3  21 22 0  F        13413.77
DP   3  21 22 1  F        13437.69
DP   3  21 23 0  F        13434.67
DP   3  21 23 1  F        13431.64
DP   4  21 00 0  F        7535.57
DP   4  21 00 1  F        7498.88
DP   4  21 01 0  F        7455.03
DP   4  21 01 1  F        7399.72
DP   4  21 02 0  F        7340.20
DP   4  21 02 1  F        7283.00
DP   4  21 03 0  F        7220.40
DP   4  21 03 1  F        7147.19
DP   4  21 04 0  F        7082.52
DP   4  21 04 1  F        7043.34
DP   4  21 05 0  F        7013.36
DP   4  21 05 1  F        6969.27
DP   4  21 06 0  F        6892.80
DP   4  21 06 1  F        6775.43
DP   4  21 07 0  F        6642.43
DP   4  21 07 1  F        6525.91
DP   4  21 08 0  F        6451.49
DP   4  21 08 1  F        6433.58
DP   4  21 09 0  F        6448.06
DP   4  21 09 1  F        6466.45
DP   4  21 10 0  F        6481.42
DP   4  21 10 1  F        6492.24
DP   4  21 11 0  F        6503.70
DP   4  21 11 1  F        6517.15
DP   4  21 12 0  F        6514.74
DP   4  21 12 1  F        6486.15
DP   4  21 13 0  F        6470.40
DP   4  21 13 1  F        6504.09
DP   4  21 14 0  F        6564.95
DP   4  21 14 1  F        6621.05
DP   4  21 15 0  F        6660.85
DP   4  21 15 1  F        6681.43
DP   4  21 16 0  F        6693.99
DP   4  21 16 1  F        6706.60
DP   4  21 17 0  F        6700.67
DP   4  21 17 1  F        6665.45
DP   4  21 18 0  F        6648.27
DP   4  21 18 1  F        6698.60
DP   4  21 19 0  F        6816.47
DP   4  21 19 1  F        6979.58
DP   4  21 20 0  F        7125.79
DP   4  21 20 1  F        7202.28
DP   4  21 21 0  F        7233.52
DP   4  21 21 1  F        7257.76
DP   4  21 22 0  F        7291.13
DP   4  21 22 1  F        7340.83
DP   4  21 23 0  F        7400.40
DP   4  21 23 1  F        7459.97
