&   CARGA
&
&   ss  di hi m df hf m Demanda
&X  XX  XX XX X XX XX X XXXXXXXXXX
DP   1  19 00 0  F        51121.74
DP   1  19 00 1  F        49857.23
DP   1  19 01 0  F        48647.14
DP   1  19 01 1  F        47540.04
DP   1  19 02 0  F        46561.15
DP   1  19 02 1  F        45724.87
DP   1  19 03 0  F        45025.60
DP   1  19 03 1  F        44456.31
DP   1  19 04 0  F        44024.23
DP   1  19 04 1  F        43739.50
DP   1  19 05 0  F        43609.59
DP   1  19 05 1  F        43627.41
DP   1  19 06 0  F        43730.09
DP   1  19 06 1  F        43924.50
DP   1  19 07 0  F        44552.03
DP   1  19 07 1  F        45902.43
DP   1  19 08 0  F        47724.36
DP   1  19 08 1  F        49642.68
DP   1  19 09 0  F        51327.98
DP   1  19 09 1  F        52556.45
DP   1  19 10 0  F        53480.76
DP   1  19 10 1  F        54296.17
DP   1  19 11 0  F        54991.84
DP   1  19 11 1  F        55502.91
DP   1  19 12 0  F        55754.56
DP   1  19 12 1  F        55762.45
DP   1  19 13 0  F        55914.08
DP   1  19 13 1  F        56526.19
DP   1  19 14 0  F        57260.55
DP   1  19 14 1  F        57715.31
DP   1  19 15 0  F        57889.00
DP   1  19 15 1  F        57850.09
DP   1  19 16 0  F        57546.60
DP   1  19 16 1  F        56898.95
DP   1  19 17 0  F        55837.74
DP   1  19 17 1  F        54372.26
DP   1  19 18 0  F        52816.36
DP   1  19 18 1  F        51583.32
DP   1  19 19 0  F        51179.54
DP   1  19 19 1  F        51856.58
DP   1  19 20 0  F        52753.56
DP   1  19 20 1  F        53005.99
DP   1  19 21 0  F        52847.39
DP   1  19 21 1  F        52666.72
DP   1  19 22 0  F        52376.86
DP   1  19 22 1  F        51832.28
DP   1  19 23 0  F        51130.02
DP   1  19 23 1  F        50427.77
DP   2  19 00 0  F        14701.68
DP   2  19 00 1  F        14231.01
DP   2  19 01 0  F        13787.76
DP   2  19 01 1  F        13392.96
DP   2  19 02 0  F        13042.27
DP   2  19 02 1  F        12732.52
DP   2  19 03 0  F        12490.69
DP   2  19 03 1  F        12337.81
DP   2  19 04 0  F        12240.82
DP   2  19 04 1  F        12172.39
DP   2  19 05 0  F        12182.09
DP   2  19 05 1  F        12311.97
DP   2  19 06 0  F        12496.96
DP   2  19 06 1  F        12703.19
DP   2  19 07 0  F        13128.67
DP   2  19 07 1  F        13936.34
DP   2  19 08 0  F        14916.87
DP   2  19 08 1  F        15807.77
DP   2  19 09 0  F        16506.34
DP   2  19 09 1  F        16986.21
DP   2  19 10 0  F        17366.64
DP   2  19 10 1  F        17773.45
DP   2  19 11 0  F        18213.31
DP   2  19 11 1  F        18606.64
DP   2  19 12 0  F        18648.06
DP   2  19 12 1  F        18171.01
DP   2  19 13 0  F        17789.94
DP   2  19 13 1  F        18079.85
DP   2  19 14 0  F        18677.00
DP   2  19 14 1  F        19092.08
DP   2  19 15 0  F        19272.41
DP   2  19 15 1  F        19271.30
DP   2  19 16 0  F        19129.63
DP   2  19 16 1  F        18877.89
DP   2  19 17 0  F        18517.60
DP   2  19 17 1  F        18032.98
DP   2  19 18 0  F        17368.20
DP   2  19 18 1  F        16546.97
DP   2  19 19 0  F        15951.30
DP   2  19 19 1  F        15915.14
DP   2  19 20 0  F        16221.80
DP   2  19 20 1  F        16560.37
DP   2  19 21 0  F        16793.63
DP   2  19 21 1  F        16852.38
DP   2  19 22 0  F        16765.77
DP   2  19 22 1  F        16586.24
DP   2  19 23 0  F        16360.91
DP   2  19 23 1  F        16135.58
DP   3  19 00 0  F        14828.38
DP   3  19 00 1  F        14609.88
DP   3  19 01 0  F        14379.66
DP   3  19 01 1  F        14135.01
DP   3  19 02 0  F        13909.33
DP   3  19 02 1  F        13735.10
DP   3  19 03 0  F        13605.03
DP   3  19 03 1  F        13507.88
DP   3  19 04 0  F        13456.40
DP   3  19 04 1  F        13436.50
DP   3  19 05 0  F        13302.66
DP   3  19 05 1  F        12947.63
DP   3  19 06 0  F        12548.55
DP   3  19 06 1  F        12320.87
DP   3  19 07 0  F        12348.85
DP   3  19 07 1  F        12648.94
DP   3  19 08 0  F        13097.51
DP   3  19 08 1  F        13549.83
DP   3  19 09 0  F        13916.65
DP   3  19 09 1  F        14154.51
DP   3  19 10 0  F        14347.29
DP   3  19 10 1  F        14575.10
DP   3  19 11 0  F        14775.51
DP   3  19 11 1  F        14867.66
DP   3  19 12 0  F        14839.45
DP   3  19 12 1  F        14720.93
DP   3  19 13 0  F        14641.78
DP   3  19 13 1  F        14714.37
DP   3  19 14 0  F        14882.25
DP   3  19 14 1  F        15056.18
DP   3  19 15 0  F        15184.73
DP   3  19 15 1  F        15239.76
DP   3  19 16 0  F        15248.67
DP   3  19 16 1  F        15208.88
DP   3  19 17 0  F        14942.28
DP   3  19 17 1  F        14353.19
DP   3  19 18 0  F        13851.09
DP   3  19 18 1  F        13826.01
DP   3  19 19 0  F        14085.11
DP   3  19 19 1  F        14331.40
DP   3  19 20 0  F        14434.28
DP   3  19 20 1  F        14367.95
DP   3  19 21 0  F        14359.35
DP   3  19 21 1  F        14603.26
DP   3  19 22 0  F        14913.09
DP   3  19 22 1  F        15071.91
DP   3  19 23 0  F        15122.72
DP   3  19 23 1  F        15173.53
DP   4  19 00 0  F        8100.39
DP   4  19 00 1  F        8020.25
DP   4  19 01 0  F        7943.56
DP   4  19 01 1  F        7869.68
DP   4  19 02 0  F        7781.64
DP   4  19 02 1  F        7667.15
DP   4  19 03 0  F        7548.95
DP   4  19 03 1  F        7452.00
DP   4  19 04 0  F        7374.91
DP   4  19 04 1  F        7312.08
DP   4  19 05 0  F        7267.23
DP   4  19 05 1  F        7230.67
DP   4  19 06 0  F        7129.78
DP   4  19 06 1  F        6924.43
DP   4  19 07 0  F        6767.49
DP   4  19 07 1  F        6804.74
DP   4  19 08 0  F        6960.79
DP   4  19 08 1  F        7127.05
DP   4  19 09 0  F        7283.28
DP   4  19 09 1  F        7425.38
DP   4  19 10 0  F        7525.35
DP   4  19 10 1  F        7564.84
DP   4  19 11 0  F        7588.19
DP   4  19 11 1  F        7636.43
DP   4  19 12 0  F        7674.81
DP   4  19 12 1  F        7670.05
DP   4  19 13 0  F        7670.56
DP   4  19 13 1  F        7728.89
DP   4  19 14 0  F        7832.59
DP   4  19 14 1  F        7953.23
DP   4  19 15 0  F        8063.44
DP   4  19 15 1  F        8135.12
DP   4  19 16 0  F        8136.30
DP   4  19 16 1  F        8048.58
DP   4  19 17 0  F        7911.86
DP   4  19 17 1  F        7766.43
DP   4  19 18 0  F        7595.85
DP   4  19 18 1  F        7403.19
DP   4  19 19 0  F        7326.39
DP   4  19 19 1  F        7471.78
DP   4  19 20 0  F        7684.67
DP   4  19 20 1  F        7797.36
DP   4  19 21 0  F        7851.28
DP   4  19 21 1  F        7919.37
DP   4  19 22 0  F        7991.52
DP   4  19 22 1  F        8044.19
DP   4  19 23 0  F        8083.43
DP   4  19 23 1  F        8122.67
