&   CARGA
&
&   ss  di hi m df hf m Demanda
&X  XX  XX XX X XX XX X XXXXXXXXXX
DP   1  17 00 0  F        48259.91
DP   1  17 00 1  F        46850.96
DP   1  17 01 0  F        45515.53
DP   1  17 01 1  F        44323.01
DP   1  17 02 0  F        43326.16
DP   1  17 02 1  F        42552.85
DP   1  17 03 0  F        41948.02
DP   1  17 03 1  F        41457.03
DP   1  17 04 0  F        41110.11
DP   1  17 04 1  F        40944.21
DP   1  17 05 0  F        40938.31
DP   1  17 05 1  F        41056.70
DP   1  17 06 0  F        41262.85
DP   1  17 06 1  F        41587.00
DP   1  17 07 0  F        42327.26
DP   1  17 07 1  F        43725.28
DP   1  17 08 0  F        45529.12
DP   1  17 08 1  F        47383.11
DP   1  17 09 0  F        49010.38
DP   1  17 09 1  F        50237.80
DP   1  17 10 0  F        51228.45
DP   1  17 10 1  F        52150.52
DP   1  17 11 0  F        52856.54
DP   1  17 11 1  F        53181.18
DP   1  17 12 0  F        53203.28
DP   1  17 12 1  F        53112.90
DP   1  17 13 0  F        53300.67
DP   1  17 13 1  F        54041.44
DP   1  17 14 0  F        54946.19
DP   1  17 14 1  F        55567.89
DP   1  17 15 0  F        55891.35
DP   1  17 15 1  F        56009.58
DP   1  17 16 0  F        56016.64
DP   1  17 16 1  F        55899.90
DP   1  17 17 0  F        55219.07
DP   1  17 17 1  F        53654.38
DP   1  17 18 0  F        51795.92
DP   1  17 18 1  F        50407.04
DP   1  17 19 0  F        50034.20
DP   1  17 19 1  F        50891.30
DP   1  17 20 0  F        52079.04
DP   1  17 20 1  F        52682.08
DP   1  17 21 0  F        52834.27
DP   1  17 21 1  F        52835.81
DP   1  17 22 0  F        52603.10
DP   1  17 22 1  F        52020.98
DP   1  17 23 0  F        51231.95
DP   1  17 23 1  F        50442.91
DP   2  17 00 0  F        16394.22
DP   2  17 00 1  F        15781.14
DP   2  17 01 0  F        15234.62
DP   2  17 01 1  F        14800.43
DP   2  17 02 0  F        14441.16
DP   2  17 02 1  F        14113.96
DP   2  17 03 0  F        13837.30
DP   2  17 03 1  F        13635.04
DP   2  17 04 0  F        13491.35
DP   2  17 04 1  F        13393.34
DP   2  17 05 0  F        13379.77
DP   2  17 05 1  F        13477.19
DP   2  17 06 0  F        13611.63
DP   2  17 06 1  F        13743.74
DP   2  17 07 0  F        14073.09
DP   2  17 07 1  F        14774.32
DP   2  17 08 0  F        15683.29
DP   2  17 08 1  F        16563.85
DP   2  17 09 0  F        17230.65
DP   2  17 09 1  F        17581.56
DP   2  17 10 0  F        17796.56
DP   2  17 10 1  F        18072.97
DP   2  17 11 0  F        18395.31
DP   2  17 11 1  F        18657.19
DP   2  17 12 0  F        18601.31
DP   2  17 12 1  F        18115.93
DP   2  17 13 0  F        17822.59
DP   2  17 13 1  F        18268.83
DP   2  17 14 0  F        18973.00
DP   2  17 14 1  F        19347.28
DP   2  17 15 0  F        19408.56
DP   2  17 15 1  F        19312.24
DP   2  17 16 0  F        19163.25
DP   2  17 16 1  F        19018.22
DP   2  17 17 0  F        18791.17
DP   2  17 17 1  F        18372.80
DP   2  17 18 0  F        17703.09
DP   2  17 18 1  F        16834.21
DP   2  17 19 0  F        16217.76
DP   2  17 19 1  F        16231.25
DP   2  17 20 0  F        16556.62
DP   2  17 20 1  F        16795.68
DP   2  17 21 0  F        16925.22
DP   2  17 21 1  F        16994.48
DP   2  17 22 0  F        16967.46
DP   2  17 22 1  F        16809.19
DP   2  17 23 0  F        16574.12
DP   2  17 23 1  F        16339.05
DP   3  17 00 0  F        14082.40
DP   3  17 00 1  F        13845.76
DP   3  17 01 0  F        13615.74
DP   3  17 01 1  F        13399.87
DP   3  17 02 0  F        13209.42
DP   3  17 02 1  F        13050.69
DP   3  17 03 0  F        12906.49
DP   3  17 03 1  F        12765.67
DP   3  17 04 0  F        12664.90
DP   3  17 04 1  F        12620.25
DP   3  17 05 0  F        12517.82
DP   3  17 05 1  F        12260.00
DP   3  17 06 0  F        11944.36
DP   3  17 06 1  F        11710.82
DP   3  17 07 0  F        11673.35
DP   3  17 07 1  F        11901.98
DP   3  17 08 0  F        12317.01
DP   3  17 08 1  F        12800.86
DP   3  17 09 0  F        13234.28
DP   3  17 09 1  F        13529.19
DP   3  17 10 0  F        13723.85
DP   3  17 10 1  F        13876.84
DP   3  17 11 0  F        14001.64
DP   3  17 11 1  F        14087.86
DP   3  17 12 0  F        14074.81
DP   3  17 12 1  F        13937.39
DP   3  17 13 0  F        13843.39
DP   3  17 13 1  F        13948.38
DP   3  17 14 0  F        14166.07
DP   3  17 14 1  F        14368.56
DP   3  17 15 0  F        14503.31
DP   3  17 15 1  F        14546.40
DP   3  17 16 0  F        14512.96
DP   3  17 16 1  F        14402.67
DP   3  17 17 0  F        14114.06
DP   3  17 17 1  F        13608.53
DP   3  17 18 0  F        13199.94
DP   3  17 18 1  F        13174.62
DP   3  17 19 0  F        13356.40
DP   3  17 19 1  F        13500.19
DP   3  17 20 0  F        13547.64
DP   3  17 20 1  F        13521.02
DP   3  17 21 0  F        13578.18
DP   3  17 21 1  F        13838.41
DP   3  17 22 0  F        14131.17
DP   3  17 22 1  F        14271.49
DP   3  17 23 0  F        14306.57
DP   3  17 23 1  F        14341.65
DP   4  17 00 0  F        7832.15
DP   4  17 00 1  F        7770.76
DP   4  17 01 0  F        7705.25
DP   4  17 01 1  F        7632.63
DP   4  17 02 0  F        7554.48
DP   4  17 02 1  F        7473.20
DP   4  17 03 0  F        7389.96
DP   4  17 03 1  F        7306.52
DP   4  17 04 0  F        7228.50
DP   4  17 04 1  F        7163.06
DP   4  17 05 0  F        7119.81
DP   4  17 05 1  F        7098.20
DP   4  17 06 0  F        7054.57
DP   4  17 06 1  F        6953.25
DP   4  17 07 0  F        6833.71
DP   4  17 07 1  F        6752.23
DP   4  17 08 0  F        6757.37
DP   4  17 08 1  F        6875.32
DP   4  17 09 0  F        7050.47
DP   4  17 09 1  F        7218.62
DP   4  17 10 0  F        7362.98
DP   4  17 10 1  F        7479.98
DP   4  17 11 0  F        7571.76
DP   4  17 11 1  F        7635.31
DP   4  17 12 0  F        7641.47
DP   4  17 12 1  F        7579.62
DP   4  17 13 0  F        7539.22
DP   4  17 13 1  F        7604.01
DP   4  17 14 0  F        7734.84
DP   4  17 14 1  F        7867.76
DP   4  17 15 0  F        7962.72
DP   4  17 15 1  F        7995.59
DP   4  17 16 0  F        7981.91
DP   4  17 16 1  F        7939.91
DP   4  17 17 0  F        7858.94
DP   4  17 17 1  F        7725.53
DP   4  17 18 0  F        7543.89
DP   4  17 18 1  F        7344.76
DP   4  17 19 0  F        7247.36
DP   4  17 19 1  F        7341.10
DP   4  17 20 0  F        7507.88
DP   4  17 20 1  F        7613.78
DP   4  17 21 0  F        7669.33
DP   4  17 21 1  F        7714.13
DP   4  17 22 0  F        7759.76
DP   4  17 22 1  F        7809.58
DP   4  17 23 0  F        7862.10
DP   4  17 23 1  F        7914.63
DP   1  18 00 0  F        49023.09
DP   1  18 00 1  F        47626.96
DP   1  18 01 0  F        46320.35
DP   1  18 01 1  F        45175.68
DP   1  18 02 0  F        44196.94
DP   1  18 02 1  F        43373.00
DP   1  18 03 0  F        42700.79
DP   1  18 03 1  F        42182.45
DP   1  18 04 0  F        41832.77
DP   1  18 04 1  F        41659.46
DP   1  18 05 0  F        41629.18
DP   1  18 05 1  F        41695.39
DP   1  18 06 0  F        41799.89
DP   1  18 06 1  F        41968.12
DP   1  18 07 0  F        42571.75
DP   1  18 07 1  F        43915.88
DP   1  18 08 0  F        45693.22
DP   1  18 08 1  F        47487.72
DP   1  18 09 0  F        49060.73
DP   1  18 09 1  F        50280.02
DP   1  18 10 0  F        51261.49
DP   1  18 10 1  F        52126.94
DP   1  18 11 0  F        52773.43
DP   1  18 11 1  F        53083.10
DP   1  18 12 0  F        53103.07
DP   1  18 12 1  F        52982.01
DP   1  18 13 0  F        53109.83
DP   1  18 13 1  F        53776.24
DP   1  18 14 0  F        54628.77
DP   1  18 14 1  F        55247.98
DP   1  18 15 0  F        55588.75
DP   1  18 15 1  F        55704.48
DP   1  18 16 0  F        55668.56
DP   1  18 16 1  F        55473.78
DP   1  18 17 0  F        54770.80
DP   1  18 17 1  F        53310.45
DP   1  18 18 0  F        51586.47
DP   1  18 18 1  F        50254.92
DP   1  18 19 0  F        49878.34
DP   1  18 19 1  F        50708.49
DP   1  18 20 0  F        51847.50
DP   1  18 20 1  F        52386.19
DP   1  18 21 0  F        52519.68
DP   1  18 21 1  F        52595.33
DP   1  18 22 0  F        52465.31
DP   1  18 22 1  F        51943.00
DP   1  18 23 0  F        51182.02
DP   1  18 23 1  F        50421.05
DP   2  18 00 0  F        15540.23
DP   2  18 00 1  F        14995.67
DP   2  18 01 0  F        14499.15
DP   2  18 01 1  F        14085.27
DP   2  18 02 0  F        13734.82
DP   2  18 02 1  F        13425.52
DP   2  18 03 0  F        13176.75
DP   2  18 03 1  F        13008.28
DP   2  18 04 0  F        12899.82
DP   2  18 04 1  F        12833.54
DP   2  18 05 0  F        12841.72
DP   2  18 05 1  F        12949.81
DP   2  18 06 0  F        13105.86
DP   2  18 06 1  F        13288.00
DP   2  18 07 0  F        13671.91
DP   2  18 07 1  F        14402.04
DP   2  18 08 0  F        15300.29
DP   2  18 08 1  F        16127.75
DP   2  18 09 0  F        16724.80
DP   2  18 09 1  F        17018.44
DP   2  18 10 0  F        17202.93
DP   2  18 10 1  F        17478.56
DP   2  18 11 0  F        17802.48
DP   2  18 11 1  F        18044.37
DP   2  18 12 0  F        17967.17
DP   2  18 12 1  F        17477.36
DP   2  18 13 0  F        17162.28
DP   2  18 13 1  F        17543.32
DP   2  18 14 0  F        18197.16
DP   2  18 14 1  F        18590.70
DP   2  18 15 0  F        18696.37
DP   2  18 15 1  F        18620.41
DP   2  18 16 0  F        18498.61
DP   2  18 16 1  F        18421.90
DP   2  18 17 0  F        18272.03
DP   2  18 17 1  F        17905.54
DP   2  18 18 0  F        17287.19
DP   2  18 18 1  F        16493.54
DP   2  18 19 0  F        15940.13
DP   2  18 19 1  F        15968.65
DP   2  18 20 0  F        16286.48
DP   2  18 20 1  F        16525.83
DP   2  18 21 0  F        16652.58
DP   2  18 21 1  F        16700.52
DP   2  18 22 0  F        16641.44
DP   2  18 22 1  F        16451.46
DP   2  18 23 0  F        16186.09
DP   2  18 23 1  F        15920.73
DP   3  18 00 0  F        14125.28
DP   3  18 00 1  F        13874.72
DP   3  18 01 0  F        13636.89
DP   3  18 01 1  F        13422.91
DP   3  18 02 0  F        13237.41
DP   3  18 02 1  F        13079.82
DP   3  18 03 0  F        12935.25
DP   3  18 03 1  F        12795.99
DP   3  18 04 0  F        12697.51
DP   3  18 04 1  F        12653.75
DP   3  18 05 0  F        12549.59
DP   3  18 05 1  F        12286.68
DP   3  18 06 0  F        11962.93
DP   3  18 06 1  F        11719.17
DP   3  18 07 0  F        11671.73
DP   3  18 07 1  F        11890.35
DP   3  18 08 0  F        12283.17
DP   3  18 08 1  F        12724.97
DP   3  18 09 0  F        13119.03
DP   3  18 09 1  F        13398.36
DP   3  18 10 0  F        13586.61
DP   3  18 10 1  F        13724.88
DP   3  18 11 0  F        13833.54
DP   3  18 11 1  F        13912.72
DP   3  18 12 0  F        13902.50
DP   3  18 12 1  F        13775.40
DP   3  18 13 0  F        13694.05
DP   3  18 13 1  F        13807.79
DP   3  18 14 0  F        14022.80
DP   3  18 14 1  F        14207.60
DP   3  18 15 0  F        14323.03
DP   3  18 15 1  F        14358.86
DP   3  18 16 0  F        14328.19
DP   3  18 16 1  F        14225.32
DP   3  18 17 0  F        13946.08
DP   3  18 17 1  F        13453.11
DP   3  18 18 0  F        13074.58
DP   3  18 18 1  F        13103.65
DP   3  18 19 0  F        13327.73
DP   3  18 19 1  F        13469.18
DP   3  18 20 0  F        13495.93
DP   3  18 20 1  F        13462.21
DP   3  18 21 0  F        13521.90
DP   3  18 21 1  F        13783.69
DP   3  18 22 0  F        14075.55
DP   3  18 22 1  F        14213.35
DP   3  18 23 0  F        14245.09
DP   3  18 23 1  F        14276.84
DP   4  18 00 0  F        7953.57
DP   4  18 00 1  F        7893.10
DP   4  18 01 0  F        7831.36
DP   4  18 01 1  F        7766.69
DP   4  18 02 0  F        7695.73
DP   4  18 02 1  F        7615.84
DP   4  18 03 0  F        7528.74
DP   4  18 03 1  F        7438.85
DP   4  18 04 0  F        7356.96
DP   4  18 04 1  F        7293.39
DP   4  18 05 0  F        7250.15
DP   4  18 05 1  F        7219.55
DP   4  18 06 0  F        7163.44
DP   4  18 06 1  F        7053.29
DP   4  18 07 0  F        6929.62
DP   4  18 07 1  F        6847.58
DP   4  18 08 0  F        6851.75
DP   4  18 08 1  F        6963.38
DP   4  18 09 0  F        7121.11
DP   4  18 09 1  F        7257.02
DP   4  18 10 0  F        7359.45
DP   4  18 10 1  F        7432.26
DP   4  18 11 0  F        7484.96
DP   4  18 11 1  F        7522.37
DP   4  18 12 0  F        7524.90
DP   4  18 12 1  F        7483.32
DP   4  18 13 0  F        7454.45
DP   4  18 13 1  F        7494.40
DP   4  18 14 0  F        7590.50
DP   4  18 14 1  F        7709.68
DP   4  18 15 0  F        7806.12
DP   4  18 15 1  F        7842.99
DP   4  18 16 0  F        7832.28
DP   4  18 16 1  F        7791.17
DP   4  18 17 0  F        7708.82
DP   4  18 17 1  F        7576.40
DP   4  18 18 0  F        7421.05
DP   4  18 18 1  F        7285.15
DP   4  18 19 0  F        7235.71
DP   4  18 19 1  F        7315.12
DP   4  18 20 0  F        7442.35
DP   4  18 20 1  F        7528.55
DP   4  18 21 0  F        7576.83
DP   4  18 21 1  F        7611.93
DP   4  18 22 0  F        7653.31
DP   4  18 22 1  F        7714.02
DP   4  18 23 0  F        7786.93
DP   4  18 23 1  F        7859.83
DP   1  19 00 0  F        48916.41
DP   1  19 00 1  F        47569.85
DP   1  19 01 0  F        46295.54
DP   1  19 01 1  F        45155.03
DP   1  19 02 0  F        44166.95
DP   1  19 02 1  F        43338.17
DP   1  19 03 0  F        42671.49
DP   1  19 03 1  F        42169.21
DP   1  19 04 0  F        41835.88
DP   1  19 04 1  F        41667.52
DP   1  19 05 0  F        41623.98
DP   1  19 05 1  F        41658.66
DP   1  19 06 0  F        41735.52
DP   1  19 06 1  F        41891.21
DP   1  19 07 0  F        42442.66
DP   1  19 07 1  F        43654.99
DP   1  19 08 0  F        45305.88
DP   1  19 08 1  F        47055.89
DP   1  19 09 0  F        48584.48
DP   1  19 09 1  F        49672.43
DP   1  19 10 0  F        50486.80
DP   1  19 10 1  F        51211.64
DP   1  19 11 0  F        51712.66
DP   1  19 11 1  F        51839.31
DP   1  19 12 0  F        51694.38
DP   1  19 12 1  F        51477.58
DP   1  19 13 0  F        51522.90
DP   1  19 13 1  F        52058.51
DP   1  19 14 0  F        52755.15
DP   1  19 14 1  F        53230.43
DP   1  19 15 0  F        53446.91
DP   1  19 15 1  F        53443.25
DP   1  19 16 0  F        53217.27
DP   1  19 16 1  F        52739.77
DP   1  19 17 0  F        51914.16
DP   1  19 17 1  F        50700.05
DP   1  19 18 0  F        49349.41
DP   1  19 18 1  F        48237.43
DP   1  19 19 0  F        47939.93
DP   1  19 19 1  F        48779.81
DP   1  19 20 0  F        49867.59
DP   1  19 20 1  F        50290.31
DP   1  19 21 0  F        50253.41
DP   1  19 21 1  F        50132.59
DP   1  19 22 0  F        49866.38
DP   1  19 22 1  F        49338.76
DP   1  19 23 0  F        48653.05
DP   1  19 23 1  F        47967.33
DP   2  19 00 0  F        15240.86
DP   2  19 00 1  F        14687.15
DP   2  19 01 0  F        14191.64
DP   2  19 01 1  F        13795.08
DP   2  19 02 0  F        13468.35
DP   2  19 02 1  F        13177.02
DP   2  19 03 0  F        12935.10
DP   2  19 03 1  F        12761.70
DP   2  19 04 0  F        12647.76
DP   2  19 04 1  F        12586.47
DP   2  19 05 0  F        12608.22
DP   2  19 05 1  F        12733.96
DP   2  19 06 0  F        12909.63
DP   2  19 06 1  F        13111.34
DP   2  19 07 0  F        13510.86
DP   2  19 07 1  F        14247.87
DP   2  19 08 0  F        15137.98
DP   2  19 08 1  F        15943.50
DP   2  19 09 0  F        16537.64
DP   2  19 09 1  F        16872.14
DP   2  19 10 0  F        17101.97
DP   2  19 10 1  F        17389.59
DP   2  19 11 0  F        17724.14
DP   2  19 11 1  F        18009.43
DP   2  19 12 0  F        17981.08
DP   2  19 12 1  F        17514.97
DP   2  19 13 0  F        17216.21
DP   2  19 13 1  F        17628.66
DP   2  19 14 0  F        18321.91
DP   2  19 14 1  F        18753.38
DP   2  19 15 0  F        18906.13
DP   2  19 15 1  F        18888.58
DP   2  19 16 0  F        18785.09
DP   2  19 16 1  F        18647.49
DP   2  19 17 0  F        18421.55
DP   2  19 17 1  F        18031.31
DP   2  19 18 0  F        17419.91
DP   2  19 18 1  F        16630.14
DP   2  19 19 0  F        16084.07
DP   2  19 19 1  F        16133.84
DP   2  19 20 0  F        16472.46
DP   2  19 20 1  F        16717.11
DP   2  19 21 0  F        16841.00
DP   2  19 21 1  F        16890.48
DP   2  19 22 0  F        16848.55
DP   2  19 22 1  F        16698.20
DP   2  19 23 0  F        16485.71
DP   2  19 23 1  F        16273.23
DP   3  19 00 0  F        14051.46
DP   3  19 00 1  F        13790.55
DP   3  19 01 0  F        13549.39
DP   3  19 01 1  F        13343.18
DP   3  19 02 0  F        13168.81
DP   3  19 02 1  F        13017.74
DP   3  19 03 0  F        12878.03
DP   3  19 03 1  F        12745.21
DP   3  19 04 0  F        12648.19
DP   3  19 04 1  F        12596.39
DP   3  19 05 0  F        12487.99
DP   3  19 05 1  F        12235.61
DP   3  19 06 0  F        11920.98
DP   3  19 06 1  F        11668.61
DP   3  19 07 0  F        11605.02
DP   3  19 07 1  F        11813.06
DP   3  19 08 0  F        12198.81
DP   3  19 08 1  F        12631.25
DP   3  19 09 0  F        13007.59
DP   3  19 09 1  F        13259.15
DP   3  19 10 0  F        13425.34
DP   3  19 10 1  F        13560.48
DP   3  19 11 0  F        13670.23
DP   3  19 11 1  F        13739.24
DP   3  19 12 0  F        13716.54
DP   3  19 12 1  F        13584.66
DP   3  19 13 0  F        13495.77
DP   3  19 13 1  F        13589.22
DP   3  19 14 0  F        13783.62
DP   3  19 14 1  F        13960.33
DP   3  19 15 0  F        14072.60
DP   3  19 15 1  F        14100.44
DP   3  19 16 0  F        14059.11
DP   3  19 16 1  F        13950.00
DP   3  19 17 0  F        13683.91
DP   3  19 17 1  F        13233.39
DP   3  19 18 0  F        12908.71
DP   3  19 18 1  F        12981.18
DP   3  19 19 0  F        13228.81
DP   3  19 19 1  F        13370.04
DP   3  19 20 0  F        13378.50
DP   3  19 20 1  F        13318.05
DP   3  19 21 0  F        13358.10
DP   3  19 21 1  F        13617.90
DP   3  19 22 0  F        13910.43
DP   3  19 22 1  F        14035.29
DP   3  19 23 0  F        14044.72
DP   3  19 23 1  F        14054.16
DP   4  19 00 0  F        7680.23
DP   4  19 00 1  F        7612.53
DP   4  19 01 0  F        7549.34
DP   4  19 01 1  F        7492.57
DP   4  19 02 0  F        7433.62
DP   4  19 02 1  F        7364.37
DP   4  19 03 0  F        7289.01
DP   4  19 03 1  F        7213.39
DP   4  19 04 0  F        7137.75
DP   4  19 04 1  F        7064.68
DP   4  19 05 0  F        7011.92
DP   4  19 05 1  F        6988.18
DP   4  19 06 0  F        6950.82
DP   4  19 06 1  F        6861.44
DP   4  19 07 0  F        6749.89
DP   4  19 07 1  F        6664.30
DP   4  19 08 0  F        6657.71
DP   4  19 08 1  F        6761.02
DP   4  19 09 0  F        6911.76
DP   4  19 09 1  F        7039.22
DP   4  19 10 0  F        7133.26
DP   4  19 10 1  F        7199.99
DP   4  19 11 0  F        7250.02
DP   4  19 11 1  F        7288.61
DP   4  19 12 0  F        7295.36
DP   4  19 12 1  F        7258.63
DP   4  19 13 0  F        7227.81
DP   4  19 13 1  F        7254.63
DP   4  19 14 0  F        7339.40
DP   4  19 14 1  F        7461.88
DP   4  19 15 0  F        7571.06
DP   4  19 15 1  F        7622.29
DP   4  19 16 0  F        7627.07
DP   4  19 16 1  F        7603.18
DP   4  19 17 0  F        7537.41
DP   4  19 17 1  F        7417.43
DP   4  19 18 0  F        7265.22
DP   4  19 18 1  F        7121.75
DP   4  19 19 0  F        7069.49
DP   4  19 19 1  F        7162.55
DP   4  19 20 0  F        7300.21
DP   4  19 20 1  F        7374.56
DP   4  19 21 0  F        7403.72
DP   4  19 21 1  F        7430.43
DP   4  19 22 0  F        7469.85
DP   4  19 22 1  F        7527.11
DP   4  19 23 0  F        7594.85
DP   4  19 23 1  F        7662.59
DP   1  20 00 0  F        46981.28
DP   1  20 00 1  F        45754.65
DP   1  20 01 0  F        44597.38
DP   1  20 01 1  F        43564.33
DP   1  20 02 0  F        42652.44
DP   1  20 02 1  F        41851.70
DP   1  20 03 0  F        41182.30
DP   1  20 03 1  F        40667.37
DP   1  20 04 0  F        40311.66
DP   1  20 04 1  F        40099.09
DP   1  20 05 0  F        39948.61
DP   1  20 05 1  F        39772.94
DP   1  20 06 0  F        39524.89
DP   1  20 06 1  F        39244.25
DP   1  20 07 0  F        39278.50
DP   1  20 07 1  F        39927.29
DP   1  20 08 0  F        40991.28
DP   1  20 08 1  F        42169.19
DP   1  20 09 0  F        43250.88
DP   1  20 09 1  F        44094.75
DP   1  20 10 0  F        44742.16
DP   1  20 10 1  F        45255.54
DP   1  20 11 0  F        45598.86
DP   1  20 11 1  F        45740.71
DP   1  20 12 0  F        45766.82
DP   1  20 12 1  F        45774.33
DP   1  20 13 0  F        45789.03
DP   1  20 13 1  F        45814.34
DP   1  20 14 0  F        45835.67
DP   1  20 14 1  F        45832.76
DP   1  20 15 0  F        45780.76
DP   1  20 15 1  F        45670.24
DP   1  20 16 0  F        45557.99
DP   1  20 16 1  F        45481.70
DP   1  20 17 0  F        45336.54
DP   1  20 17 1  F        45049.09
DP   1  20 18 0  F        44814.18
DP   1  20 18 1  F        44888.68
DP   1  20 19 0  F        45509.53
DP   1  20 19 1  F        46717.20
DP   1  20 20 0  F        47786.24
DP   1  20 20 1  F        48034.76
DP   1  20 21 0  F        47720.86
DP   1  20 21 1  F        47241.80
DP   1  20 22 0  F        46611.30
DP   1  20 22 1  F        45780.39
DP   1  20 23 0  F        44832.68
DP   1  20 23 1  F        43884.97
DP   2  20 00 0  F        15157.35
DP   2  20 00 1  F        14645.57
DP   2  20 01 0  F        14170.91
DP   2  20 01 1  F        13761.94
DP   2  20 02 0  F        13412.94
DP   2  20 02 1  F        13113.14
DP   2  20 03 0  F        12865.97
DP   2  20 03 1  F        12675.11
DP   2  20 04 0  F        12531.16
DP   2  20 04 1  F        12429.31
DP   2  20 05 0  F        12396.25
DP   2  20 05 1  F        12443.51
DP   2  20 06 0  F        12490.63
DP   2  20 06 1  F        12492.08
DP   2  20 07 0  F        12634.10
DP   2  20 07 1  F        13083.86
DP   2  20 08 0  F        13700.52
DP   2  20 08 1  F        14286.59
DP   2  20 09 0  F        14726.15
DP   2  20 09 1  F        14966.22
DP   2  20 10 0  F        15124.04
DP   2  20 10 1  F        15324.92
DP   2  20 11 0  F        15556.04
DP   2  20 11 1  F        15749.56
DP   2  20 12 0  F        15755.60
DP   2  20 12 1  F        15499.44
DP   2  20 13 0  F        15288.97
DP   2  20 13 1  F        15407.77
DP   2  20 14 0  F        15659.61
DP   2  20 14 1  F        15787.64
DP   2  20 15 0  F        15772.38
DP   2  20 15 1  F        15663.35
DP   2  20 16 0  F        15548.76
DP   2  20 16 1  F        15499.33
DP   2  20 17 0  F        15477.05
DP   2  20 17 1  F        15414.81
DP   2  20 18 0  F        15237.68
DP   2  20 18 1  F        14935.24
DP   2  20 19 0  F        14762.90
DP   2  20 19 1  F        14936.36
DP   2  20 20 0  F        15246.60
DP   2  20 20 1  F        15432.08
DP   2  20 21 0  F        15445.80
DP   2  20 21 1  F        15302.30
DP   2  20 22 0  F        15047.65
DP   2  20 22 1  F        14731.60
DP   2  20 23 0  F        14386.96
DP   2  20 23 1  F        14042.31
DP   3  20 00 0  F        13793.51
DP   3  20 00 1  F        13581.38
DP   3  20 01 0  F        13370.30
DP   3  20 01 1  F        13166.16
DP   3  20 02 0  F        12994.27
DP   3  20 02 1  F        12871.80
DP   3  20 03 0  F        12764.00
DP   3  20 03 1  F        12639.58
DP   3  20 04 0  F        12533.23
DP   3  20 04 1  F        12466.48
DP   3  20 05 0  F        12342.23
DP   3  20 05 1  F        12072.34
DP   3  20 06 0  F        11723.20
DP   3  20 06 1  F        11402.20
DP   3  20 07 0  F        11226.29
DP   3  20 07 1  F        11274.00
DP   3  20 08 0  F        11460.75
DP   3  20 08 1  F        11673.79
DP   3  20 09 0  F        11851.08
DP   3  20 09 1  F        11959.81
DP   3  20 10 0  F        12033.54
DP   3  20 10 1  F        12112.07
DP   3  20 11 0  F        12193.81
DP   3  20 11 1  F        12261.27
DP   3  20 12 0  F        12274.86
DP   3  20 12 1  F        12215.21
DP   3  20 13 0  F        12166.02
DP   3  20 13 1  F        12204.10
DP   3  20 14 0  F        12275.79
DP   3  20 14 1  F        12313.50
DP   3  20 15 0  F        12324.42
DP   3  20 15 1  F        12327.57
DP   3  20 16 0  F        12314.28
DP   3  20 16 1  F        12268.54
DP   3  20 17 0  F        12172.43
DP   3  20 17 1  F        12057.74
DP   3  20 18 0  F        12156.84
DP   3  20 18 1  F        12631.87
DP   3  20 19 0  F        13163.38
DP   3  20 19 1  F        13412.24
DP   3  20 20 0  F        13442.09
DP   3  20 20 1  F        13402.03
DP   3  20 21 0  F        13380.20
DP   3  20 21 1  F        13424.15
DP   3  20 22 0  F        13479.82
DP   3  20 22 1  F        13486.66
DP   3  20 23 0  F        13459.64
DP   3  20 23 1  F        13432.62
DP   4  20 00 0  F        7640.97
DP   4  20 00 1  F        7592.68
DP   4  20 01 0  F        7545.56
DP   4  20 01 1  F        7499.15
DP   4  20 02 0  F        7446.29
DP   4  20 02 1  F        7380.56
DP   4  20 03 0  F        7305.03
DP   4  20 03 1  F        7225.41
DP   4  20 04 0  F        7148.67
DP   4  20 04 1  F        7082.85
DP   4  20 05 0  F        7039.13
DP   4  20 05 1  F        7018.58
DP   4  20 06 0  F        6978.68
DP   4  20 06 1  F        6882.63
DP   4  20 07 0  F        6760.04
DP   4  20 07 1  F        6655.77
DP   4  20 08 0  F        6609.36
DP   4  20 08 1  F        6643.51
DP   4  20 09 0  F        6718.74
DP   4  20 09 1  F        6790.67
DP   4  20 10 0  F        6857.41
DP   4  20 10 1  F        6923.49
DP   4  20 11 0  F        6976.61
DP   4  20 11 1  F        7002.53
DP   4  20 12 0  F        6996.10
DP   4  20 12 1  F        6961.82
DP   4  20 13 0  F        6933.81
DP   4  20 13 1  F        6945.20
DP   4  20 14 0  F        6995.61
DP   4  20 14 1  F        7071.08
DP   4  20 15 0  F        7137.02
DP   4  20 15 1  F        7163.94
DP   4  20 16 0  F        7163.52
DP   4  20 16 1  F        7151.42
DP   4  20 17 0  F        7118.35
DP   4  20 17 1  F        7056.88
DP   4  20 18 0  F        6992.24
DP   4  20 18 1  F        6961.66
DP   4  20 19 0  F        7017.73
DP   4  20 19 1  F        7184.07
DP   4  20 20 0  F        7353.18
DP   4  20 20 1  F        7420.54
DP   4  20 21 0  F        7424.66
DP   4  20 21 1  F        7427.64
DP   4  20 22 0  F        7442.80
DP   4  20 22 1  F        7469.98
DP   4  20 23 0  F        7503.81
DP   4  20 23 1  F        7537.64
DP   1  21 00 0  F        42810.69
DP   1  21 00 1  F        41646.11
DP   1  21 01 0  F        40584.07
DP   1  21 01 1  F        39692.93
DP   1  21 02 0  F        38904.52
DP   1  21 02 1  F        38149.17
DP   1  21 03 0  F        37487.76
DP   1  21 03 1  F        36990.06
DP   1  21 04 0  F        36630.71
DP   1  21 04 1  F        36354.06
DP   1  21 05 0  F        36078.41
DP   1  21 05 1  F        35725.97
DP   1  21 06 0  F        35260.50
DP   1  21 06 1  F        34714.10
DP   1  21 07 0  F        34350.62
DP   1  21 07 1  F        34411.78
DP   1  21 08 0  F        34819.09
DP   1  21 08 1  F        35416.41
DP   1  21 09 0  F        36057.15
DP   1  21 09 1  F        36622.06
DP   1  21 10 0  F        37091.66
DP   1  21 10 1  F        37482.19
DP   1  21 11 0  F        37853.04
DP   1  21 11 1  F        38240.44
DP   1  21 12 0  F        38544.80
DP   1  21 12 1  F        38670.93
DP   1  21 13 0  F        38677.04
DP   1  21 13 1  F        38645.89
DP   1  21 14 0  F        38604.96
DP   1  21 14 1  F        38564.39
DP   1  21 15 0  F        38520.18
DP   1  21 15 1  F        38484.41
DP   1  21 16 0  F        38547.61
DP   1  21 16 1  F        38785.59
DP   1  21 17 0  F        39136.80
DP   1  21 17 1  F        39519.49
DP   1  21 18 0  F        39908.45
DP   1  21 18 1  F        40366.88
DP   1  21 19 0  F        41255.19
DP   1  21 19 1  F        42764.86
DP   1  21 20 0  F        44114.63
DP   1  21 20 1  F        44554.08
DP   1  21 21 0  F        44429.01
DP   1  21 21 1  F        44229.27
DP   1  21 22 0  F        43924.74
DP   1  21 22 1  F        43404.09
DP   1  21 23 0  F        42750.98
DP   1  21 23 1  F        42097.88
DP   2  21 00 0  F        13509.44
DP   2  21 00 1  F        13050.76
DP   2  21 01 0  F        12631.68
DP   2  21 01 1  F        12280.77
DP   2  21 02 0  F        11982.61
DP   2  21 02 1  F        11717.50
DP   2  21 03 0  F        11492.79
DP   2  21 03 1  F        11320.13
DP   2  21 04 0  F        11201.46
DP   2  21 04 1  F        11135.05
DP   2  21 05 0  F        11114.10
DP   2  21 05 1  F        11122.65
DP   2  21 06 0  F        11113.10
DP   2  21 06 1  F        11072.03
DP   2  21 07 0  F        11154.47
DP   2  21 07 1  F        11492.77
DP   2  21 08 0  F        11960.20
DP   2  21 08 1  F        12388.97
DP   2  21 09 0  F        12706.27
DP   2  21 09 1  F        12894.78
DP   2  21 10 0  F        13064.17
DP   2  21 10 1  F        13317.57
DP   2  21 11 0  F        13604.83
DP   2  21 11 1  F        13831.31
DP   2  21 12 0  F        13877.58
DP   2  21 12 1  F        13693.65
DP   2  21 13 0  F        13531.76
DP   2  21 13 1  F        13624.29
DP   2  21 14 0  F        13821.74
DP   2  21 14 1  F        13929.68
DP   2  21 15 0  F        13955.72
DP   2  21 15 1  F        13953.21
DP   2  21 16 0  F        13956.22
DP   2  21 16 1  F        13987.58
DP   2  21 17 0  F        14044.43
DP   2  21 17 1  F        14099.08
DP   2  21 18 0  F        14050.41
DP   2  21 18 1  F        13860.34
DP   2  21 19 0  F        13816.61
DP   2  21 19 1  F        14159.36
DP   2  21 20 0  F        14612.64
DP   2  21 20 1  F        14855.23
DP   2  21 21 0  F        14900.95
DP   2  21 21 1  F        14831.01
DP   2  21 22 0  F        14661.32
DP   2  21 22 1  F        14399.85
DP   2  21 23 0  F        14088.26
DP   2  21 23 1  F        13776.68
DP   3  21 00 0  F        13456.49
DP   3  21 00 1  F        13258.58
DP   3  21 01 0  F        13064.76
DP   3  21 01 1  F        12881.42
DP   3  21 02 0  F        12724.13
DP   3  21 02 1  F        12602.24
DP   3  21 03 0  F        12490.97
DP   3  21 03 1  F        12368.81
DP   3  21 04 0  F        12261.48
DP   3  21 04 1  F        12181.21
DP   3  21 05 0  F        12039.14
DP   3  21 05 1  F        11755.48
DP   3  21 06 0  F        11387.96
DP   3  21 06 1  F        11030.44
DP   3  21 07 0  F        10783.93
DP   3  21 07 1  F        10718.68
DP   3  21 08 0  F        10774.79
DP   3  21 08 1  F        10866.77
DP   3  21 09 0  F        10936.77
DP   3  21 09 1  F        10953.03
DP   3  21 10 0  F        10960.34
DP   3  21 10 1  F        11007.13
DP   3  21 11 0  F        11079.77
DP   3  21 11 1  F        11150.60
DP   3  21 12 0  F        11197.88
DP   3  21 12 1  F        11211.53
DP   3  21 13 0  F        11222.27
DP   3  21 13 1  F        11260.17
DP   3  21 14 0  F        11311.98
DP   3  21 14 1  F        11356.08
DP   3  21 15 0  F        11380.84
DP   3  21 15 1  F        11382.13
DP   3  21 16 0  F        11375.96
DP   3  21 16 1  F        11372.87
DP   3  21 17 0  F        11341.49
DP   3  21 17 1  F        11295.61
DP   3  21 18 0  F        11471.69
DP   3  21 18 1  F        12033.95
DP   3  21 19 0  F        12634.94
DP   3  21 19 1  F        12914.96
DP   3  21 20 0  F        12977.05
DP   3  21 20 1  F        13006.93
DP   3  21 21 0  F        13058.45
DP   3  21 21 1  F        13140.78
DP   3  21 22 0  F        13216.34
DP   3  21 22 1  F        13248.75
DP   3  21 23 0  F        13253.13
DP   3  21 23 1  F        13257.51
DP   4  21 00 0  F        7421.40
DP   4  21 00 1  F        7378.03
DP   4  21 01 0  F        7335.62
DP   4  21 01 1  F        7293.27
DP   4  21 02 0  F        7242.58
DP   4  21 02 1  F        7177.56
DP   4  21 03 0  F        7109.27
DP   4  21 03 1  F        7048.63
DP   4  21 04 0  F        6988.94
DP   4  21 04 1  F        6925.32
DP   4  21 05 0  F        6877.72
DP   4  21 05 1  F        6857.46
DP   4  21 06 0  F        6816.43
DP   4  21 06 1  F        6709.93
DP   4  21 07 0  F        6566.34
DP   4  21 07 1  F        6431.09
DP   4  21 08 0  F        6344.75
DP   4  21 08 1  F        6331.78
DP   4  21 09 0  F        6357.04
DP   4  21 09 1  F        6380.57
DP   4  21 10 0  F        6402.71
DP   4  21 10 1  F        6431.96
DP   4  21 11 0  F        6468.97
DP   4  21 11 1  F        6509.11
DP   4  21 12 0  F        6534.39
DP   4  21 12 1  F        6533.47
DP   4  21 13 0  F        6534.91
DP   4  21 13 1  F        6568.95
DP   4  21 14 0  F        6632.39
DP   4  21 14 1  F        6711.50
DP   4  21 15 0  F        6783.79
DP   4  21 15 1  F        6830.92
DP   4  21 16 0  F        6860.21
DP   4  21 16 1  F        6879.02
DP   4  21 17 0  F        6869.58
DP   4  21 17 1  F        6821.70
DP   4  21 18 0  F        6780.86
DP   4  21 18 1  F        6800.38
DP   4  21 19 0  F        6909.14
DP   4  21 19 1  F        7104.87
DP   4  21 20 0  F        7284.94
DP   4  21 20 1  F        7357.10
DP   4  21 21 0  F        7370.88
DP   4  21 21 1  F        7395.40
DP   4  21 22 0  F        7436.15
DP   4  21 22 1  F        7483.98
DP   4  21 23 0  F        7534.72
DP   4  21 23 1  F        7585.47
DP   1  22 00 0  F        40650.61
DP   1  22 00 1  F        39516.72
DP   1  22 01 0  F        38502.47
DP   1  22 01 1  F        37691.63
DP   1  22 02 0  F        37024.55
DP   1  22 02 1  F        36430.27
DP   1  22 03 0  F        35936.09
DP   1  22 03 1  F        35589.30
DP   1  22 04 0  F        35418.85
DP   1  22 04 1  F        35439.43
DP   1  22 05 0  F        35626.98
DP   1  22 05 1  F        35957.23
DP   1  22 06 0  F        36443.73
DP   1  22 06 1  F        37132.49
DP   1  22 07 0  F        38161.48
DP   1  22 07 1  F        39619.38
DP   1  22 08 0  F        41305.94
DP   1  22 08 1  F        42962.82
DP   1  22 09 0  F        44388.44
DP   1  22 09 1  F        45452.15
DP   1  22 10 0  F        46250.18
DP   1  22 10 1  F        46900.72
DP   1  22 11 0  F        47382.82
DP   1  22 11 1  F        47639.91
DP   1  22 12 0  F        47612.10
DP   1  22 12 1  F        47329.49
DP   1  22 13 0  F        47185.34
DP   1  22 13 1  F        47510.21
DP   1  22 14 0  F        48020.62
DP   1  22 14 1  F        48357.97
DP   1  22 15 0  F        48477.06
DP   1  22 15 1  F        48429.12
DP   1  22 16 0  F        48337.68
DP   1  22 16 1  F        48247.74
DP   1  22 17 0  F        47817.98
DP   1  22 17 1  F        46785.57
DP   1  22 18 0  F        45588.03
DP   1  22 18 1  F        44813.11
DP   1  22 19 0  F        44949.11
DP   1  22 19 1  F        46162.63
DP   1  22 20 0  F        47433.12
DP   1  22 20 1  F        47778.41
DP   1  22 21 0  F        47557.23
DP   1  22 21 1  F        47290.68
DP   1  22 22 0  F        46808.74
DP   1  22 22 1  F        45872.21
DP   1  22 23 0  F        44656.55
DP   1  22 23 1  F        43440.90
DP   2  22 00 0  F        13451.08
DP   2  22 00 1  F        13026.39
DP   2  22 01 0  F        12657.42
DP   2  22 01 1  F        12380.37
DP   2  22 02 0  F        12153.38
DP   2  22 02 1  F        11934.28
DP   2  22 03 0  F        11757.63
DP   2  22 03 1  F        11659.50
DP   2  22 04 0  F        11605.15
DP   2  22 04 1  F        11566.03
DP   2  22 05 0  F        11609.05
DP   2  22 05 1  F        11793.15
DP   2  22 06 0  F        12049.74
DP   2  22 06 1  F        12331.65
DP   2  22 07 0  F        12804.88
DP   2  22 07 1  F        13602.71
DP   2  22 08 0  F        14514.25
DP   2  22 08 1  F        15283.42
DP   2  22 09 0  F        15817.31
DP   2  22 09 1  F        16107.86
DP   2  22 10 0  F        16323.28
DP   2  22 10 1  F        16625.81
DP   2  22 11 0  F        16977.75
DP   2  22 11 1  F        17261.06
DP   2  22 12 0  F        17236.30
DP   2  22 12 1  F        16800.70
DP   2  22 13 0  F        16519.57
DP   2  22 13 1  F        16896.21
DP   2  22 14 0  F        17517.64
DP   2  22 14 1  F        17874.65
DP   2  22 15 0  F        17989.33
DP   2  22 15 1  F        18000.84
DP   2  22 16 0  F        17985.36
DP   2  22 16 1  F        17972.52
DP   2  22 17 0  F        17868.57
DP   2  22 17 1  F        17564.67
DP   2  22 18 0  F        17014.70
DP   2  22 18 1  F        16281.46
DP   2  22 19 0  F        15800.64
DP   2  22 19 1  F        15926.18
DP   2  22 20 0  F        16311.98
DP   2  22 20 1  F        16542.70
DP   2  22 21 0  F        16625.95
DP   2  22 21 1  F        16642.81
DP   2  22 22 0  F        16545.22
DP   2  22 22 1  F        16282.46
DP   2  22 23 0  F        15922.29
DP   2  22 23 1  F        15562.13
DP   3  22 00 0  F        13305.67
DP   3  22 00 1  F        13074.53
DP   3  22 01 0  F        12854.35
DP   3  22 01 1  F        12657.13
DP   3  22 02 0  F        12498.96
DP   3  22 02 1  F        12387.31
DP   3  22 03 0  F        12291.01
DP   3  22 03 1  F        12183.83
DP   3  22 04 0  F        12097.69
DP   3  22 04 1  F        12051.25
DP   3  22 05 0  F        11951.91
DP   3  22 05 1  F        11720.31
DP   3  22 06 0  F        11441.41
DP   3  22 06 1  F        11240.99
DP   3  22 07 0  F        11243.53
DP   3  22 07 1  F        11529.08
DP   3  22 08 0  F        12000.98
DP   3  22 08 1  F        12518.29
DP   3  22 09 0  F        12939.50
DP   3  22 09 1  F        13170.74
DP   3  22 10 0  F        13309.24
DP   3  22 10 1  F        13464.36
DP   3  22 11 0  F        13602.93
DP   3  22 11 1  F        13662.77
DP   3  22 12 0  F        13608.10
DP   3  22 12 1  F        13451.30
DP   3  22 13 0  F        13370.93
DP   3  22 13 1  F        13517.96
DP   3  22 14 0  F        13767.00
DP   3  22 14 1  F        13956.14
DP   3  22 15 0  F        14053.84
DP   3  22 15 1  F        14067.09
DP   3  22 16 0  F        14026.68
DP   3  22 16 1  F        13939.02
DP   3  22 17 0  F        13689.31
DP   3  22 17 1  F        13230.84
DP   3  22 18 0  F        12910.64
DP   3  22 18 1  F        13027.46
DP   3  22 19 0  F        13293.37
DP   3  22 19 1  F        13368.71
DP   3  22 20 0  F        13293.49
DP   3  22 20 1  F        13208.35
DP   3  22 21 0  F        13276.85
DP   3  22 21 1  F        13588.32
DP   3  22 22 0  F        13912.19
DP   3  22 22 1  F        14014.50
DP   3  22 23 0  F        13967.75
DP   3  22 23 1  F        13920.99
DP   4  22 00 0  F        7516.37
DP   4  22 00 1  F        7463.51
DP   4  22 01 0  F        7414.97
DP   4  22 01 1  F        7371.54
DP   4  22 02 0  F        7319.77
DP   4  22 02 1  F        7249.09
DP   4  22 03 0  F        7174.63
DP   4  22 03 1  F        7111.45
DP   4  22 04 0  F        7048.69
DP   4  22 04 1  F        6979.04
DP   4  22 05 0  F        6935.37
DP   4  22 05 1  F        6937.68
DP   4  22 06 0  F        6914.36
DP   4  22 06 1  F        6803.00
DP   4  22 07 0  F        6669.75
DP   4  22 07 1  F        6602.32
DP   4  22 08 0  F        6646.07
DP   4  22 08 1  F        6812.41
DP   4  22 09 0  F        7019.35
DP   4  22 09 1  F        7183.19
DP   4  22 10 0  F        7306.81
DP   4  22 10 1  F        7410.45
DP   4  22 11 0  F        7497.21
DP   4  22 11 1  F        7561.32
DP   4  22 12 0  F        7578.63
DP   4  22 12 1  F        7540.19
DP   4  22 13 0  F        7516.19
DP   4  22 13 1  F        7575.46
DP   4  22 14 0  F        7702.26
DP   4  22 14 1  F        7855.68
DP   4  22 15 0  F        7978.72
DP   4  22 15 1  F        8026.87
DP   4  22 16 0  F        8021.71
DP   4  22 16 1  F        7989.51
DP   4  22 17 0  F        7909.37
DP   4  22 17 1  F        7758.56
DP   4  22 18 0  F        7554.22
DP   4  22 18 1  F        7342.31
DP   4  22 19 0  F        7244.12
DP   4  22 19 1  F        7344.66
DP   4  22 20 0  F        7508.64
DP   4  22 20 1  F        7591.02
DP   4  22 21 0  F        7628.27
DP   4  22 21 1  F        7684.16
DP   4  22 22 0  F        7750.22
DP   4  22 22 1  F        7805.71
DP   4  22 23 0  F        7853.02
DP   4  22 23 1  F        7900.33
DP   1  23 00 0  F        42018.51
DP   1  23 00 1  F        40582.21
DP   1  23 01 0  F        39304.75
DP   1  23 01 1  F        38301.57
DP   1  23 02 0  F        37514.38
DP   1  23 02 1  F        36859.71
DP   1  23 03 0  F        36327.02
DP   1  23 03 1  F        35933.96
DP   1  23 04 0  F        35738.05
DP   1  23 04 1  F        35775.56
DP   1  23 05 0  F        35957.98
DP   1  23 05 1  F        36199.35
DP   1  23 06 0  F        36548.75
DP   1  23 06 1  F        37110.95
DP   1  23 07 0  F        38078.45
DP   1  23 07 1  F        39558.48
DP   1  23 08 0  F        41229.55
DP   1  23 08 1  F        42731.54
DP   1  23 09 0  F        43978.77
DP   1  23 09 1  F        44965.88
DP   1  23 10 0  F        45734.41
DP   1  23 10 1  F        46324.81
DP   1  23 11 0  F        46726.23
DP   1  23 11 1  F        46915.65
DP   1  23 12 0  F        46872.63
DP   1  23 12 1  F        46647.92
DP   1  23 13 0  F        46574.56
DP   1  23 13 1  F        46927.63
DP   1  23 14 0  F        47468.00
DP   1  23 14 1  F        47884.96
DP   1  23 15 0  F        48095.59
DP   1  23 15 1  F        48109.79
DP   1  23 16 0  F        48080.83
DP   1  23 16 1  F        48079.89
DP   1  23 17 0  F        47706.53
DP   1  23 17 1  F        46660.06
DP   1  23 18 0  F        45510.61
DP   1  23 18 1  F        44953.18
DP   1  23 19 0  F        45311.55
DP   1  23 19 1  F        46570.53
DP   1  23 20 0  F        47730.06
DP   1  23 20 1  F        47886.89
DP   1  23 21 0  F        47509.57
DP   1  23 21 1  F        47198.78
DP   1  23 22 0  F        46711.79
DP   1  23 22 1  F        45723.06
DP   1  23 23 0  F        44419.44
DP   1  23 23 1  F        43115.81
DP   2  23 00 0  F        15396.84
DP   2  23 00 1  F        14775.57
DP   2  23 01 0  F        14237.27
DP   2  23 01 1  F        13836.31
DP   2  23 02 0  F        13512.59
DP   2  23 02 1  F        13203.19
DP   2  23 03 0  F        12948.07
DP   2  23 03 1  F        12792.83
DP   2  23 04 0  F        12702.62
DP   2  23 04 1  F        12642.76
DP   2  23 05 0  F        12659.80
DP   2  23 05 1  F        12797.92
DP   2  23 06 0  F        13010.44
DP   2  23 06 1  F        13272.91
DP   2  23 07 0  F        13740.65
DP   2  23 07 1  F        14536.21
DP   2  23 08 0  F        15471.26
DP   2  23 08 1  F        16306.00
DP   2  23 09 0  F        16905.60
DP   2  23 09 1  F        17222.09
DP   2  23 10 0  F        17450.05
DP   2  23 10 1  F        17784.61
DP   2  23 11 0  F        18180.57
DP   2  23 11 1  F        18500.71
DP   2  23 12 0  F        18480.17
DP   2  23 12 1  F        18008.34
DP   2  23 13 0  F        17719.34
DP   2  23 13 1  F        18174.49
DP   2  23 14 0  F        18899.24
DP   2  23 14 1  F        19308.77
DP   2  23 15 0  F        19413.22
DP   2  23 15 1  F        19361.22
DP   2  23 16 0  F        19260.42
DP   2  23 16 1  F        19170.86
DP   2  23 17 0  F        19002.95
DP   2  23 17 1  F        18638.62
DP   2  23 18 0  F        17995.24
DP   2  23 18 1  F        17112.65
DP   2  23 19 0  F        16484.98
DP   2  23 19 1  F        16526.91
DP   2  23 20 0  F        16881.03
DP   2  23 20 1  F        17106.99
DP   2  23 21 0  F        17204.65
DP   2  23 21 1  F        17251.07
DP   2  23 22 0  F        17191.80
DP   2  23 22 1  F        16970.13
DP   2  23 23 0  F        16651.95
DP   2  23 23 1  F        16333.77
DP   3  23 00 0  F        13940.56
DP   3  23 00 1  F        13670.30
DP   3  23 01 0  F        13426.54
DP   3  23 01 1  F        13227.51
DP   3  23 02 0  F        13058.47
DP   3  23 02 1  F        12901.94
DP   3  23 03 0  F        12762.47
DP   3  23 03 1  F        12651.99
DP   3  23 04 0  F        12589.92
DP   3  23 04 1  F        12569.42
DP   3  23 05 0  F        12471.19
DP   3  23 05 1  F        12200.24
DP   3  23 06 0  F        11871.32
DP   3  23 06 1  F        11643.31
DP   3  23 07 0  F        11642.00
DP   3  23 07 1  F        11936.58
DP   3  23 08 0  F        12402.99
DP   3  23 08 1  F        12882.10
DP   3  23 09 0  F        13267.89
DP   3  23 09 1  F        13499.67
DP   3  23 10 0  F        13645.17
DP   3  23 10 1  F        13783.03
DP   3  23 11 0  F        13907.10
DP   3  23 11 1  F        13982.46
DP   3  23 12 0  F        13943.86
DP   3  23 12 1  F        13771.63
DP   3  23 13 0  F        13658.90
DP   3  23 13 1  F        13779.39
DP   3  23 14 0  F        14016.31
DP   3  23 14 1  F        14209.91
DP   3  23 15 0  F        14318.91
DP   3  23 15 1  F        14338.11
DP   3  23 16 0  F        14287.94
DP   3  23 16 1  F        14171.29
DP   3  23 17 0  F        13895.18
DP   3  23 17 1  F        13432.09
DP   3  23 18 0  F        13112.23
DP   3  23 18 1  F        13216.16
DP   3  23 19 0  F        13467.99
DP   3  23 19 1  F        13542.07
DP   3  23 20 0  F        13470.16
DP   3  23 20 1  F        13380.81
DP   3  23 21 0  F        13432.44
DP   3  23 21 1  F        13714.95
DP   3  23 22 0  F        14014.29
DP   3  23 22 1  F        14111.53
DP   3  23 23 0  F        14072.17
DP   3  23 23 1  F        14032.81
DP   4  23 00 0  F        7796.45
DP   4  23 00 1  F        7727.01
DP   4  23 01 0  F        7664.31
DP   4  23 01 1  F        7610.28
DP   4  23 02 0  F        7547.55
DP   4  23 02 1  F        7461.32
DP   4  23 03 0  F        7366.33
DP   4  23 03 1  F        7279.99
DP   4  23 04 0  F        7200.98
DP   4  23 04 1  F        7128.31
DP   4  23 05 0  F        7080.95
DP   4  23 05 1  F        7066.33
DP   4  23 06 0  F        7025.60
DP   4  23 06 1  F        6909.18
DP   4  23 07 0  F        6770.92
DP   4  23 07 1  F        6685.30
DP   4  23 08 0  F        6706.04
DP   4  23 08 1  F        6855.48
DP   4  23 09 0  F        7051.26
DP   4  23 09 1  F        7206.98
DP   4  23 10 0  F        7324.69
DP   4  23 10 1  F        7423.62
DP   4  23 11 0  F        7502.94
DP   4  23 11 1  F        7554.81
DP   4  23 12 0  F        7563.11
DP   4  23 12 1  F        7526.66
DP   4  23 13 0  F        7512.07
DP   4  23 13 1  F        7581.77
DP   4  23 14 0  F        7713.50
DP   4  23 14 1  F        7863.62
DP   4  23 15 0  F        7987.57
DP   4  23 15 1  F        8050.00
DP   4  23 16 0  F        8053.43
DP   4  23 16 1  F        8006.44
DP   4  23 17 0  F        7903.89
DP   4  23 17 1  F        7744.68
DP   4  23 18 0  F        7557.39
DP   4  23 18 1  F        7388.15
DP   4  23 19 0  F        7323.63
DP   4  23 19 1  F        7419.93
DP   4  23 20 0  F        7570.37
DP   4  23 20 1  F        7659.79
DP   4  23 21 0  F        7701.82
DP   4  23 21 1  F        7735.81
DP   4  23 22 0  F        7775.02
DP   4  23 22 1  F        7824.06
DP   4  23 23 0  F        7879.09
DP   4  23 23 1  F        7934.12
