&   CARGA
&
&   ss  di hi m df hf m Demanda
&X  XX  XX XX X XX XX X XXXXXXXXXX
DP   1  11 00 0  F        47021.66
DP   1  11 00 1  F        45654.38
DP   1  11 01 0  F        44364.03
DP   1  11 01 1  F        43216.00
DP   1  11 02 0  F        42229.52
DP   1  11 02 1  F        41412.06
DP   1  11 03 0  F        40770.23
DP   1  11 03 1  F        40307.33
DP   1  11 04 0  F        40014.56
DP   1  11 04 1  F        39873.33
DP   1  11 05 0  F        39838.10
DP   1  11 05 1  F        39865.37
DP   1  11 06 0  F        39946.65
DP   1  11 06 1  F        40140.66
DP   1  11 07 0  F        40739.84
DP   1  11 07 1  F        41970.84
DP   1  11 08 0  F        43563.21
DP   1  11 08 1  F        45152.57
DP   1  11 09 0  F        46495.90
DP   1  11 09 1  F        47458.32
DP   1  11 10 0  F        48216.26
DP   1  11 10 1  F        48944.06
DP   1  11 11 0  F        49496.48
DP   1  11 11 1  F        49710.80
DP   1  11 12 0  F        49674.13
DP   1  11 12 1  F        49569.78
DP   1  11 13 0  F        49716.01
DP   1  11 13 1  F        50331.93
DP   1  11 14 0  F        51104.99
DP   1  11 14 1  F        51668.44
DP   1  11 15 0  F        51970.32
DP   1  11 15 1  F        52051.42
DP   1  11 16 0  F        52008.83
DP   1  11 16 1  F        51870.99
DP   1  11 17 0  F        51335.50
DP   1  11 17 1  F        50179.28
DP   1  11 18 0  F        48827.23
DP   1  11 18 1  F        47839.98
DP   1  11 19 0  F        47673.20
DP   1  11 19 1  F        48507.90
DP   1  11 20 0  F        49531.73
DP   1  11 20 1  F        49937.62
DP   1  11 21 0  F        49933.14
DP   1  11 21 1  F        49860.08
DP   1  11 22 0  F        49582.61
DP   1  11 22 1  F        48926.34
DP   1  11 23 0  F        48040.24
DP   1  11 23 1  F        47154.15
DP   2  11 00 0  F        14362.75
DP   2  11 00 1  F        13876.53
DP   2  11 01 0  F        13418.92
DP   2  11 01 1  F        13016.58
DP   2  11 02 0  F        12688.30
DP   2  11 02 1  F        12441.36
DP   2  11 03 0  F        12244.93
DP   2  11 03 1  F        12070.69
DP   2  11 04 0  F        11938.60
DP   2  11 04 1  F        11872.12
DP   2  11 05 0  F        11860.56
DP   2  11 05 1  F        11886.78
DP   2  11 06 0  F        11942.14
DP   2  11 06 1  F        12045.64
DP   2  11 07 0  F        12318.39
DP   2  11 07 1  F        12853.93
DP   2  11 08 0  F        13533.45
DP   2  11 08 1  F        14193.71
DP   2  11 09 0  F        14706.27
DP   2  11 09 1  F        14997.71
DP   2  11 10 0  F        15179.89
DP   2  11 10 1  F        15381.97
DP   2  11 11 0  F        15617.12
DP   2  11 11 1  F        15828.18
DP   2  11 12 0  F        15792.90
DP   2  11 12 1  F        15389.44
DP   2  11 13 0  F        15062.81
DP   2  11 13 1  F        15229.69
DP   2  11 14 0  F        15626.70
DP   2  11 14 1  F        15893.34
DP   2  11 15 0  F        15960.84
DP   2  11 15 1  F        15859.53
DP   2  11 16 0  F        15724.32
DP   2  11 16 1  F        15666.38
DP   2  11 17 0  F        15597.30
DP   2  11 17 1  F        15400.63
DP   2  11 18 0  F        15047.26
DP   2  11 18 1  F        14592.93
DP   2  11 19 0  F        14345.45
DP   2  11 19 1  F        14539.06
DP   2  11 20 0  F        14861.97
DP   2  11 20 1  F        14970.83
DP   2  11 21 0  F        14942.10
DP   2  11 21 1  F        14908.50
DP   2  11 22 0  F        14807.78
DP   2  11 22 1  F        14562.35
DP   2  11 23 0  F        14227.88
DP   2  11 23 1  F        13893.41
DP   3  11 00 0  F        14004.56
DP   3  11 00 1  F        13755.62
DP   3  11 01 0  F        13521.72
DP   3  11 01 1  F        13314.98
DP   3  11 02 0  F        13135.88
DP   3  11 02 1  F        12981.22
DP   3  11 03 0  F        12844.86
DP   3  11 03 1  F        12726.28
DP   3  11 04 0  F        12650.60
DP   3  11 04 1  F        12619.39
DP   3  11 05 0  F        12514.61
DP   3  11 05 1  F        12241.14
DP   3  11 06 0  F        11915.03
DP   3  11 06 1  F        11693.22
DP   3  11 07 0  F        11685.02
DP   3  11 07 1  F        11947.56
DP   3  11 08 0  F        12376.99
DP   3  11 08 1  F        12838.12
DP   3  11 09 0  F        13231.52
DP   3  11 09 1  F        13492.85
DP   3  11 10 0  F        13662.38
DP   3  11 10 1  F        13796.63
DP   3  11 11 0  F        13912.28
DP   3  11 11 1  F        14000.28
DP   3  11 12 0  F        13988.35
DP   3  11 12 1  F        13842.50
DP   3  11 13 0  F        13745.10
DP   3  11 13 1  F        13864.33
DP   3  11 14 0  F        14095.17
DP   3  11 14 1  F        14290.43
DP   3  11 15 0  F        14407.32
DP   3  11 15 1  F        14436.80
DP   3  11 16 0  F        14400.42
DP   3  11 16 1  F        14301.84
DP   3  11 17 0  F        14042.69
DP   3  11 17 1  F        13586.23
DP   3  11 18 0  F        13244.19
DP   3  11 18 1  F        13290.93
DP   3  11 19 0  F        13502.80
DP   3  11 19 1  F        13599.84
DP   3  11 20 0  F        13574.80
DP   3  11 20 1  F        13508.56
DP   3  11 21 0  F        13561.75
DP   3  11 21 1  F        13838.27
DP   3  11 22 0  F        14135.30
DP   3  11 22 1  F        14241.51
DP   3  11 23 0  F        14218.20
DP   3  11 23 1  F        14194.90
DP   4  11 00 0  F        7271.85
DP   4  11 00 1  F        7229.93
DP   4  11 01 0  F        7180.63
DP   4  11 01 1  F        7119.82
DP   4  11 02 0  F        7056.30
DP   4  11 02 1  F        6997.13
DP   4  11 03 0  F        6929.23
DP   4  11 03 1  F        6842.51
DP   4  11 04 0  F        6758.78
DP   4  11 04 1  F        6701.20
DP   4  11 05 0  F        6666.34
DP   4  11 05 1  F        6640.18
DP   4  11 06 0  F        6592.80
DP   4  11 06 1  F        6504.33
DP   4  11 07 0  F        6411.08
DP   4  11 07 1  F        6360.08
DP   4  11 08 0  F        6385.15
DP   4  11 08 1  F        6502.07
DP   4  11 09 0  F        6667.75
DP   4  11 09 1  F        6830.44
DP   4  11 10 0  F        6962.68
DP   4  11 10 1  F        7049.50
DP   4  11 11 0  F        7101.60
DP   4  11 11 1  F        7129.84
DP   4  11 12 0  F        7120.10
DP   4  11 12 1  F        7068.66
DP   4  11 13 0  F        7038.63
DP   4  11 13 1  F        7090.08
DP   4  11 14 0  F        7204.32
DP   4  11 14 1  F        7342.28
DP   4  11 15 0  F        7462.11
DP   4  11 15 1  F        7530.99
DP   4  11 16 0  F        7555.01
DP   4  11 16 1  F        7543.71
DP   4  11 17 0  F        7481.46
DP   4  11 17 1  F        7353.67
DP   4  11 18 0  F        7175.00
DP   4  11 18 1  F        6983.46
DP   4  11 19 0  F        6881.24
DP   4  11 19 1  F        6943.06
DP   4  11 20 0  F        7069.59
DP   4  11 20 1  F        7149.93
DP   4  11 21 0  F        7201.12
DP   4  11 21 1  F        7261.48
DP   4  11 22 0  F        7326.58
DP   4  11 22 1  F        7384.66
DP   4  11 23 0  F        7437.55
DP   4  11 23 1  F        7490.44
