&   CARGA
&
&   ss  di hi m df hf m Demanda
&X  XX  XX XX X XX XX X XXXXXXXXXX
DP   1  08 00 0  F        41693.74
DP   1  08 00 1  F        40707.54
DP   1  08 01 0  F        39742.41
DP   1  08 01 1  F        38829.63
DP   1  08 02 0  F        38041.17
DP   1  08 02 1  F        37436.37
DP   1  08 03 0  F        36983.27
DP   1  08 03 1  F        36641.47
DP   1  08 04 0  F        36427.96
DP   1  08 04 1  F        36359.28
DP   1  08 05 0  F        36392.81
DP   1  08 05 1  F        36496.07
DP   1  08 06 0  F        36736.36
DP   1  08 06 1  F        37215.27
DP   1  08 07 0  F        38071.72
DP   1  08 07 1  F        39390.23
DP   1  08 08 0  F        41000.39
DP   1  08 08 1  F        42669.41
DP   1  08 09 0  F        44169.98
DP   1  08 09 1  F        45342.76
DP   1  08 10 0  F        46294.78
DP   1  08 10 1  F        47143.85
DP   1  08 11 0  F        47784.55
DP   1  08 11 1  F        48103.93
DP   1  08 12 0  F        48182.16
DP   1  08 12 1  F        48181.63
DP   1  08 13 0  F        48400.48
DP   1  08 13 1  F        49045.87
DP   1  08 14 0  F        49825.23
DP   1  08 14 1  F        50400.40
DP   1  08 15 0  F        50750.61
DP   1  08 15 1  F        50939.99
DP   1  08 16 0  F        51054.81
DP   1  08 16 1  F        51092.70
DP   1  08 17 0  F        50674.37
DP   1  08 17 1  F        49513.85
DP   1  08 18 0  F        48075.39
DP   1  08 18 1  F        46980.40
DP   1  08 19 0  F        46728.89
DP   1  08 19 1  F        47542.64
DP   1  08 20 0  F        48651.75
DP   1  08 20 1  F        49267.20
DP   1  08 21 0  F        49514.97
DP   1  08 21 1  F        49645.94
DP   1  08 22 0  F        49495.54
DP   1  08 22 1  F        48885.87
DP   1  08 23 0  F        48001.29
DP   1  08 23 1  F        47116.71
DP   2  08 00 0  F        14260.91
DP   2  08 00 1  F        13857.80
DP   2  08 01 0  F        13476.64
DP   2  08 01 1  F        13136.93
DP   2  08 02 0  F        12848.41
DP   2  08 02 1  F        12613.68
DP   2  08 03 0  F        12416.52
DP   2  08 03 1  F        12244.94
DP   2  08 04 0  F        12122.48
DP   2  08 04 1  F        12072.24
DP   2  08 05 0  F        12079.89
DP   2  08 05 1  F        12126.80
DP   2  08 06 0  F        12214.55
DP   2  08 06 1  F        12372.52
DP   2  08 07 0  F        12720.91
DP   2  08 07 1  F        13351.32
DP   2  08 08 0  F        14150.01
DP   2  08 08 1  F        14953.67
DP   2  08 09 0  F        15605.94
DP   2  08 09 1  F        16007.77
DP   2  08 10 0  F        16282.15
DP   2  08 10 1  F        16575.02
DP   2  08 11 0  F        16902.12
DP   2  08 11 1  F        17200.81
DP   2  08 12 0  F        17225.34
DP   2  08 12 1  F        16852.66
DP   2  08 13 0  F        16633.80
DP   2  08 13 1  F        17063.06
DP   2  08 14 0  F        17733.70
DP   2  08 14 1  F        18137.06
DP   2  08 15 0  F        18257.84
DP   2  08 15 1  F        18204.09
DP   2  08 16 0  F        18083.82
DP   2  08 16 1  F        17969.93
DP   2  08 17 0  F        17794.66
DP   2  08 17 1  F        17459.01
DP   2  08 18 0  F        16879.65
DP   2  08 18 1  F        16086.81
DP   2  08 19 0  F        15549.31
DP   2  08 19 1  F        15657.59
DP   2  08 20 0  F        16049.88
DP   2  08 20 1  F        16290.14
DP   2  08 21 0  F        16397.65
DP   2  08 21 1  F        16470.04
DP   2  08 22 0  F        16463.21
DP   2  08 22 1  F        16324.13
DP   2  08 23 0  F        16105.67
DP   2  08 23 1  F        15887.21
DP   3  08 00 0  F        13803.51
DP   3  08 00 1  F        13586.51
DP   3  08 01 0  F        13377.72
DP   3  08 01 1  F        13185.54
DP   3  08 02 0  F        13019.12
DP   3  08 02 1  F        12882.36
DP   3  08 03 0  F        12757.49
DP   3  08 03 1  F        12633.37
DP   3  08 04 0  F        12547.05
DP   3  08 04 1  F        12513.73
DP   3  08 05 0  F        12412.97
DP   3  08 05 1  F        12145.64
DP   3  08 06 0  F        11833.45
DP   3  08 06 1  F        11636.69
DP   3  08 07 0  F        11649.23
DP   3  08 07 1  F        11917.96
DP   3  08 08 0  F        12368.49
DP   3  08 08 1  F        12888.97
DP   3  08 09 0  F        13339.20
DP   3  08 09 1  F        13615.44
DP   3  08 10 0  F        13788.34
DP   3  08 10 1  F        13948.65
DP   3  08 11 0  F        14093.10
DP   3  08 11 1  F        14187.62
DP   3  08 12 0  F        14169.02
DP   3  08 12 1  F        14017.90
DP   3  08 13 0  F        13919.34
DP   3  08 13 1  F        14041.54
DP   3  08 14 0  F        14280.61
DP   3  08 14 1  F        14489.30
DP   3  08 15 0  F        14618.95
DP   3  08 15 1  F        14655.12
DP   3  08 16 0  F        14621.56
DP   3  08 16 1  F        14522.93
DP   3  08 17 0  F        14249.32
DP   3  08 17 1  F        13756.10
DP   3  08 18 0  F        13374.28
DP   3  08 18 1  F        13398.87
DP   3  08 19 0  F        13605.30
DP   3  08 19 1  F        13706.56
DP   3  08 20 0  F        13685.73
DP   3  08 20 1  F        13618.19
DP   3  08 21 0  F        13678.55
DP   3  08 21 1  F        13983.11
DP   3  08 22 0  F        14315.62
DP   3  08 22 1  F        14449.21
DP   3  08 23 0  F        14447.09
DP   3  08 23 1  F        14444.97
DP   4  08 00 0  F        7522.48
DP   4  08 00 1  F        7498.96
DP   4  08 01 0  F        7459.92
DP   4  08 01 1  F        7395.69
DP   4  08 02 0  F        7319.94
DP   4  08 02 1  F        7248.27
DP   4  08 03 0  F        7180.53
DP   4  08 03 1  F        7114.22
DP   4  08 04 0  F        7053.11
DP   4  08 04 1  F        7002.03
DP   4  08 05 0  F        6963.69
DP   4  08 05 1  F        6932.51
DP   4  08 06 0  F        6872.02
DP   4  08 06 1  F        6757.89
DP   4  08 07 0  F        6645.48
DP   4  08 07 1  F        6599.68
DP   4  08 08 0  F        6643.90
DP   4  08 08 1  F        6778.58
DP   4  08 09 0  F        6953.68
DP   4  08 09 1  F        7115.12
DP   4  08 10 0  F        7242.92
DP   4  08 10 1  F        7328.42
DP   4  08 11 0  F        7373.91
DP   4  08 11 1  F        7384.91
DP   4  08 12 0  F        7368.69
DP   4  08 12 1  F        7338.03
DP   4  08 13 0  F        7325.89
DP   4  08 13 1  F        7361.62
DP   4  08 14 0  F        7440.02
DP   4  08 14 1  F        7542.69
DP   4  08 15 0  F        7633.06
DP   4  08 15 1  F        7677.80
DP   4  08 16 0  F        7674.87
DP   4  08 16 1  F        7628.31
DP   4  08 17 0  F        7535.39
DP   4  08 17 1  F        7394.96
DP   4  08 18 0  F        7218.99
DP   4  08 18 1  F        7037.68
DP   4  08 19 0  F        6940.93
DP   4  08 19 1  F        6995.65
DP   4  08 20 0  F        7117.21
DP   4  08 20 1  F        7210.25
DP   4  08 21 0  F        7288.07
DP   4  08 21 1  F        7380.00
DP   4  08 22 0  F        7470.86
DP   4  08 22 1  F        7541.02
DP   4  08 23 0  F        7597.48
DP   4  08 23 1  F        7653.95
