&   CARGA
&
&   ss  di hi m df hf m Demanda
&X  XX  XX XX X XX XX X XXXXXXXXXX
DP   1  10 00 0  F        47058.02
DP   1  10 00 1  F        45703.58
DP   1  10 01 0  F        44414.20
DP   1  10 01 1  F        43250.72
DP   1  10 02 0  F        42257.32
DP   1  10 02 1  F        41460.12
DP   1  10 03 0  F        40830.06
DP   1  10 03 1  F        40338.99
DP   1  10 04 0  F        40017.79
DP   1  10 04 1  F        39885.09
DP   1  10 05 0  F        39851.35
DP   1  10 05 1  F        39832.42
DP   1  10 06 0  F        39873.70
DP   1  10 06 1  F        40091.01
DP   1  10 07 0  F        40752.15
DP   1  10 07 1  F        42050.47
DP   1  10 08 0  F        43729.39
DP   1  10 08 1  F        45445.08
DP   1  10 09 0  F        46954.67
DP   1  10 09 1  F        48107.86
DP   1  10 10 0  F        49023.70
DP   1  10 10 1  F        49830.21
DP   1  10 11 0  F        50422.04
DP   1  10 11 1  F        50689.39
DP   1  10 12 0  F        50738.11
DP   1  10 12 1  F        50754.97
DP   1  10 13 0  F        51034.89
DP   1  10 13 1  F        51774.62
DP   1  10 14 0  F        52670.12
DP   1  10 14 1  F        53362.03
DP   1  10 15 0  F        53770.34
DP   1  10 15 1  F        53912.61
DP   1  10 16 0  F        53917.09
DP   1  10 16 1  F        53828.53
DP   1  10 17 0  F        53246.82
DP   1  10 17 1  F        51874.27
DP   1  10 18 0  F        50267.62
DP   1  10 18 1  F        49126.55
DP   1  10 19 0  F        48867.85
DP   1  10 19 1  F        49616.83
DP   1  10 20 0  F        50615.62
DP   1  10 20 1  F        51109.71
DP   1  10 21 0  F        51241.32
DP   1  10 21 1  F        51275.27
DP   1  10 22 0  F        51070.16
DP   1  10 22 1  F        50463.71
DP   1  10 23 0  F        49616.24
DP   1  10 23 1  F        48768.78
DP   2  10 00 0  F        14481.80
DP   2  10 00 1  F        13978.16
DP   2  10 01 0  F        13517.01
DP   2  10 01 1  F        13130.33
DP   2  10 02 0  F        12807.92
DP   2  10 02 1  F        12533.31
DP   2  10 03 0  F        12306.95
DP   2  10 03 1  F        12133.01
DP   2  10 04 0  F        12013.67
DP   2  10 04 1  F        11947.89
DP   2  10 05 0  F        11923.69
DP   2  10 05 1  F        11930.28
DP   2  10 06 0  F        11972.67
DP   2  10 06 1  F        12079.90
DP   2  10 07 0  F        12361.47
DP   2  10 07 1  F        12898.01
DP   2  10 08 0  F        13574.13
DP   2  10 08 1  F        14233.44
DP   2  10 09 0  F        14751.41
DP   2  10 09 1  F        15057.75
DP   2  10 10 0  F        15267.40
DP   2  10 10 1  F        15508.28
DP   2  10 11 0  F        15775.21
DP   2  10 11 1  F        15998.76
DP   2  10 12 0  F        15985.52
DP   2  10 12 1  F        15643.49
DP   2  10 13 0  F        15409.98
DP   2  10 13 1  F        15680.38
DP   2  10 14 0  F        16153.01
DP   2  10 14 1  F        16441.25
DP   2  10 15 0  F        16515.92
DP   2  10 15 1  F        16445.84
DP   2  10 16 0  F        16334.36
DP   2  10 16 1  F        16258.89
DP   2  10 17 0  F        16158.55
DP   2  10 17 1  F        15944.22
DP   2  10 18 0  F        15552.07
DP   2  10 18 1  F        15012.28
DP   2  10 19 0  F        14705.75
DP   2  10 19 1  F        14937.15
DP   2  10 20 0  F        15355.49
DP   2  10 20 1  F        15559.86
DP   2  10 21 0  F        15605.23
DP   2  10 21 1  F        15618.74
DP   2  10 22 0  F        15560.33
DP   2  10 22 1  F        15374.59
DP   2  10 23 0  F        15111.95
DP   2  10 23 1  F        14849.30
DP   3  10 00 0  F        13919.07
DP   3  10 00 1  F        13667.77
DP   3  10 01 0  F        13431.95
DP   3  10 01 1  F        13224.70
DP   3  10 02 0  F        13049.43
DP   3  10 02 1  F        12903.34
DP   3  10 03 0  F        12768.46
DP   3  10 03 1  F        12636.18
DP   3  10 04 0  F        12550.74
DP   3  10 04 1  F        12531.50
DP   3  10 05 0  F        12445.57
DP   3  10 05 1  F        12180.69
DP   3  10 06 0  F        11859.35
DP   3  10 06 1  F        11647.92
DP   3  10 07 0  F        11653.74
DP   3  10 07 1  F        11931.15
DP   3  10 08 0  F        12381.74
DP   3  10 08 1  F        12873.73
DP   3  10 09 0  F        13294.64
DP   3  10 09 1  F        13567.28
DP   3  10 10 0  F        13736.34
DP   3  10 10 1  F        13866.55
DP   3  10 11 0  F        13980.94
DP   3  10 11 1  F        14073.86
DP   3  10 12 0  F        14066.53
DP   3  10 12 1  F        13917.48
DP   3  10 13 0  F        13807.66
DP   3  10 13 1  F        13907.95
DP   3  10 14 0  F        14126.63
DP   3  10 14 1  F        14325.82
DP   3  10 15 0  F        14445.85
DP   3  10 15 1  F        14461.32
DP   3  10 16 0  F        14405.82
DP   3  10 16 1  F        14297.82
DP   3  10 17 0  F        14036.28
DP   3  10 17 1  F        13577.58
DP   3  10 18 0  F        13227.36
DP   3  10 18 1  F        13257.03
DP   3  10 19 0  F        13451.76
DP   3  10 19 1  F        13542.05
DP   3  10 20 0  F        13525.99
DP   3  10 20 1  F        13482.58
DP   3  10 21 0  F        13547.07
DP   3  10 21 1  F        13803.05
DP   3  10 22 0  F        14071.22
DP   3  10 22 1  F        14166.84
DP   3  10 23 0  F        14146.06
DP   3  10 23 1  F        14125.29
DP   4  10 00 0  F        7455.86
DP   4  10 00 1  F        7422.32
DP   4  10 01 0  F        7375.17
DP   4  10 01 1  F        7305.91
DP   4  10 02 0  F        7226.62
DP   4  10 02 1  F        7150.74
DP   4  10 03 0  F        7076.67
DP   4  10 03 1  F        7001.41
DP   4  10 04 0  F        6931.52
DP   4  10 04 1  F        6874.69
DP   4  10 05 0  F        6833.45
DP   4  10 05 1  F        6802.77
DP   4  10 06 0  F        6752.50
DP   4  10 06 1  F        6660.98
DP   4  10 07 0  F        6565.48
DP   4  10 07 1  F        6514.14
DP   4  10 08 0  F        6539.52
DP   4  10 08 1  F        6655.71
DP   4  10 09 0  F        6818.54
DP   4  10 09 1  F        6975.66
DP   4  10 10 0  F        7100.08
DP   4  10 10 1  F        7177.43
DP   4  10 11 0  F        7218.30
DP   4  10 11 1  F        7233.62
DP   4  10 12 0  F        7210.63
DP   4  10 12 1  F        7145.84
DP   4  10 13 0  F        7096.62
DP   4  10 13 1  F        7118.16
DP   4  10 14 0  F        7196.21
DP   4  10 14 1  F        7298.95
DP   4  10 15 0  F        7393.70
DP   4  10 15 1  F        7451.26
DP   4  10 16 0  F        7457.13
DP   4  10 16 1  F        7405.05
DP   4  10 17 0  F        7306.94
DP   4  10 17 1  F        7177.02
DP   4  10 18 0  F        7020.63
DP   4  10 18 1  F        6856.83
DP   4  10 19 0  F        6768.49
DP   4  10 19 1  F        6819.27
DP   4  10 20 0  F        6932.29
DP   4  10 20 1  F        7018.21
DP   4  10 21 0  F        7078.45
DP   4  10 21 1  F        7133.65
DP   4  10 22 0  F        7190.57
DP   4  10 22 1  F        7251.53
DP   4  10 23 0  F        7315.00
DP   4  10 23 1  F        7378.46
