&   CARGA
&
&   ss  di hi m df hf m Demanda
&X  XX  XX XX X XX XX X XXXXXXXXXX
DP   1  07 00 0  F        42052.93
DP   1  07 00 1  F        40980.49
DP   1  07 01 0  F        39942.18
DP   1  07 01 1  F        38971.53
DP   1  07 02 0  F        38099.71
DP   1  07 02 1  F        37349.38
DP   1  07 03 0  F        36711.62
DP   1  07 03 1  F        36179.23
DP   1  07 04 0  F        35783.35
DP   1  07 04 1  F        35531.41
DP   1  07 05 0  F        35297.70
DP   1  07 05 1  F        34944.90
DP   1  07 06 0  F        34422.47
DP   1  07 06 1  F        33780.62
DP   1  07 07 0  F        33385.86
DP   1  07 07 1  F        33552.64
DP   1  07 08 0  F        34071.10
DP   1  07 08 1  F        34660.54
DP   1  07 09 0  F        35281.40
DP   1  07 09 1  F        35933.62
DP   1  07 10 0  F        36534.02
DP   1  07 10 1  F        37012.85
DP   1  07 11 0  F        37437.30
DP   1  07 11 1  F        37884.41
DP   1  07 12 0  F        38333.68
DP   1  07 12 1  F        38735.23
DP   1  07 13 0  F        39018.84
DP   1  07 13 1  F        39139.60
DP   1  07 14 0  F        39173.86
DP   1  07 14 1  F        39211.58
DP   1  07 15 0  F        39275.82
DP   1  07 15 1  F        39381.12
DP   1  07 16 0  F        39574.92
DP   1  07 16 1  F        39888.91
DP   1  07 17 0  F        40258.91
DP   1  07 17 1  F        40616.36
DP   1  07 18 0  F        40971.08
DP   1  07 18 1  F        41401.03
DP   1  07 19 0  F        42178.49
DP   1  07 19 1  F        43448.76
DP   1  07 20 0  F        44654.89
DP   1  07 20 1  F        45227.34
DP   1  07 21 0  F        45248.30
DP   1  07 21 1  F        44936.71
DP   1  07 22 0  F        44406.78
DP   1  07 22 1  F        43742.73
DP   1  07 23 0  F        43013.52
DP   1  07 23 1  F        42284.32
DP   2  07 00 0  F        13347.82
DP   2  07 00 1  F        12897.30
DP   2  07 01 0  F        12485.91
DP   2  07 01 1  F        12142.00
DP   2  07 02 0  F        11850.73
DP   2  07 02 1  F        11589.59
DP   2  07 03 0  F        11348.53
DP   2  07 03 1  F        11127.24
DP   2  07 04 0  F        10951.99
DP   2  07 04 1  F        10839.48
DP   2  07 05 0  F        10741.60
DP   2  07 05 1  F        10605.26
DP   2  07 06 0  F        10422.09
DP   2  07 06 1  F        10223.60
DP   2  07 07 0  F        10155.88
DP   2  07 07 1  F        10337.25
DP   2  07 08 0  F        10660.26
DP   2  07 08 1  F        10984.06
DP   2  07 09 0  F        11260.14
DP   2  07 09 1  F        11481.08
DP   2  07 10 0  F        11711.61
DP   2  07 10 1  F        12010.19
DP   2  07 11 0  F        12337.94
DP   2  07 11 1  F        12630.94
DP   2  07 12 0  F        12822.21
DP   2  07 12 1  F        12878.91
DP   2  07 13 0  F        12907.66
DP   2  07 13 1  F        13014.89
DP   2  07 14 0  F        13167.03
DP   2  07 14 1  F        13300.97
DP   2  07 15 0  F        13375.70
DP   2  07 15 1  F        13372.49
DP   2  07 16 0  F        13339.86
DP   2  07 16 1  F        13334.45
DP   2  07 17 0  F        13378.34
DP   2  07 17 1  F        13464.67
DP   2  07 18 0  F        13505.46
DP   2  07 18 1  F        13460.75
DP   2  07 19 0  F        13563.92
DP   2  07 19 1  F        14008.77
DP   2  07 20 0  F        14557.38
DP   2  07 20 1  F        14927.69
DP   2  07 21 0  F        15092.66
DP   2  07 21 1  F        15093.44
DP   2  07 22 0  F        14988.98
DP   2  07 22 1  F        14835.57
DP   2  07 23 0  F        14661.23
DP   2  07 23 1  F        14486.89
DP   3  07 00 0  F        13882.00
DP   3  07 00 1  F        13694.98
DP   3  07 01 0  F        13504.99
DP   3  07 01 1  F        13313.53
DP   3  07 02 0  F        13140.08
DP   3  07 02 1  F        12999.84
DP   3  07 03 0  F        12872.87
DP   3  07 03 1  F        12742.35
DP   3  07 04 0  F        12639.01
DP   3  07 04 1  F        12572.86
DP   3  07 05 0  F        12423.41
DP   3  07 05 1  F        12088.74
DP   3  07 06 0  F        11671.72
DP   3  07 06 1  F        11310.25
DP   3  07 07 0  F        11077.43
DP   3  07 07 1  F        11008.07
DP   3  07 08 0  F        11048.63
DP   3  07 08 1  F        11129.12
DP   3  07 09 0  F        11202.18
DP   3  07 09 1  F        11239.56
DP   3  07 10 0  F        11266.95
DP   3  07 10 1  F        11315.85
DP   3  07 11 0  F        11387.27
DP   3  07 11 1  F        11471.11
DP   3  07 12 0  F        11543.33
DP   3  07 12 1  F        11584.92
DP   3  07 13 0  F        11610.97
DP   3  07 13 1  F        11641.28
DP   3  07 14 0  F        11680.27
DP   3  07 14 1  F        11726.15
DP   3  07 15 0  F        11767.50
DP   3  07 15 1  F        11794.43
DP   3  07 16 0  F        11812.62
DP   3  07 16 1  F        11824.69
DP   3  07 17 0  F        11805.45
DP   3  07 17 1  F        11771.98
DP   3  07 18 0  F        11938.40
DP   3  07 18 1  F        12454.51
DP   3  07 19 0  F        13015.83
DP   3  07 19 1  F        13302.81
DP   3  07 20 0  F        13389.65
DP   3  07 20 1  F        13425.35
DP   3  07 21 0  F        13464.21
DP   3  07 21 1  F        13526.51
DP   3  07 22 0  F        13591.02
DP   3  07 22 1  F        13633.84
DP   3  07 23 0  F        13661.97
DP   3  07 23 1  F        13690.10
DP   4  07 00 0  F        7399.60
DP   4  07 00 1  F        7371.24
DP   4  07 01 0  F        7335.79
DP   4  07 01 1  F        7287.88
DP   4  07 02 0  F        7229.23
DP   4  07 02 1  F        7164.42
DP   4  07 03 0  F        7102.48
DP   4  07 03 1  F        7049.66
DP   4  07 04 0  F        6996.68
DP   4  07 04 1  F        6935.42
DP   4  07 05 0  F        6877.96
DP   4  07 05 1  F        6830.98
DP   4  07 06 0  F        6759.36
DP   4  07 06 1  F        6633.94
DP   4  07 07 0  F        6491.03
DP   4  07 07 1  F        6373.64
DP   4  07 08 0  F        6286.01
DP   4  07 08 1  F        6224.27
DP   4  07 09 0  F        6190.72
DP   4  07 09 1  F        6185.21
DP   4  07 10 0  F        6191.65
DP   4  07 10 1  F        6194.90
DP   4  07 11 0  F        6199.58
DP   4  07 11 1  F        6212.35
DP   4  07 12 0  F        6228.11
DP   4  07 12 1  F        6242.19
DP   4  07 13 0  F        6263.51
DP   4  07 13 1  F        6301.78
DP   4  07 14 0  F        6356.31
DP   4  07 14 1  F        6422.23
DP   4  07 15 0  F        6488.08
DP   4  07 15 1  F        6541.99
DP   4  07 16 0  F        6576.92
DP   4  07 16 1  F        6588.19
DP   4  07 17 0  F        6575.84
DP   4  07 17 1  F        6548.05
DP   4  07 18 0  F        6540.77
DP   4  07 18 1  F        6590.25
DP   4  07 19 0  F        6706.14
DP   4  07 19 1  F        6877.31
DP   4  07 20 0  F        7036.28
DP   4  07 20 1  F        7124.48
DP   4  07 21 0  F        7175.33
DP   4  07 21 1  F        7233.37
DP   4  07 22 0  F        7295.73
DP   4  07 22 1  F        7351.00
DP   4  07 23 0  F        7401.06
DP   4  07 23 1  F        7451.11
