&   CARGA
&
&   ss  di hi m df hf m Demanda
&X  XX  XX XX X XX XX X XXXXXXXXXX
DP   1  13 00 0  F        44048.02
DP   1  13 00 1  F        42779.36
DP   1  13 01 0  F        41600.83
DP   1  13 01 1  F        40581.22
DP   1  13 02 0  F        39703.92
DP   1  13 02 1  F        38941.46
DP   1  13 03 0  F        38308.28
DP   1  13 03 1  F        37825.15
DP   1  13 04 0  F        37496.34
DP   1  13 04 1  F        37304.81
DP   1  13 05 0  F        37164.72
DP   1  13 05 1  F        36988.00
DP   1  13 06 0  F        36746.38
DP   1  13 06 1  F        36491.61
DP   1  13 07 0  F        36535.70
DP   1  13 07 1  F        37130.98
DP   1  13 08 0  F        38030.90
DP   1  13 08 1  F        38922.72
DP   1  13 09 0  F        39727.89
DP   1  13 09 1  F        40425.96
DP   1  13 10 0  F        40994.63
DP   1  13 10 1  F        41412.81
DP   1  13 11 0  F        41666.15
DP   1  13 11 1  F        41763.31
DP   1  13 12 0  F        41798.14
DP   1  13 12 1  F        41855.45
DP   1  13 13 0  F        41898.58
DP   1  13 13 1  F        41875.53
DP   1  13 14 0  F        41794.31
DP   1  13 14 1  F        41682.93
DP   1  13 15 0  F        41589.36
DP   1  13 15 1  F        41558.21
DP   1  13 16 0  F        41600.68
DP   1  13 16 1  F        41708.43
DP   1  13 17 0  F        41828.27
DP   1  13 17 1  F        41932.21
DP   1  13 18 0  F        42137.78
DP   1  13 18 1  F        42593.56
DP   1  13 19 0  F        43426.60
DP   1  13 19 1  F        44617.51
DP   1  13 20 0  F        45582.62
DP   1  13 20 1  F        45775.90
DP   1  13 21 0  F        45365.89
DP   1  13 21 1  F        44655.06
DP   1  13 22 0  F        43766.78
DP   1  13 22 1  F        42774.80
DP   1  13 23 0  F        41733.41
DP   1  13 23 1  F        40692.02
DP   2  13 00 0  F        13214.13
DP   2  13 00 1  F        12740.16
DP   2  13 01 0  F        12305.40
DP   2  13 01 1  F        11938.81
DP   2  13 02 0  F        11628.30
DP   2  13 02 1  F        11356.61
DP   2  13 03 0  F        11126.90
DP   2  13 03 1  F        10947.41
DP   2  13 04 0  F        10826.38
DP   2  13 04 1  F        10763.83
DP   2  13 05 0  F        10726.93
DP   2  13 05 1  F        10680.46
DP   2  13 06 0  F        10612.73
DP   2  13 06 1  F        10543.83
DP   2  13 07 0  F        10597.57
DP   2  13 07 1  F        10869.71
DP   2  13 08 0  F        11240.02
DP   2  13 08 1  F        11562.47
DP   2  13 09 0  F        11803.84
DP   2  13 09 1  F        11969.69
DP   2  13 10 0  F        12107.88
DP   2  13 10 1  F        12264.84
DP   2  13 11 0  F        12438.90
DP   2  13 11 1  F        12601.52
DP   2  13 12 0  F        12664.70
DP   2  13 12 1  F        12568.74
DP   2  13 13 0  F        12426.74
DP   2  13 13 1  F        12360.75
DP   2  13 14 0  F        12355.89
DP   2  13 14 1  F        12366.72
DP   2  13 15 0  F        12362.44
DP   2  13 15 1  F        12328.63
DP   2  13 16 0  F        12301.74
DP   2  13 16 1  F        12325.21
DP   2  13 17 0  F        12419.34
DP   2  13 17 1  F        12580.55
DP   2  13 18 0  F        12732.68
DP   2  13 18 1  F        12831.87
DP   2  13 19 0  F        13036.05
DP   2  13 19 1  F        13461.64
DP   2  13 20 0  F        13857.20
DP   2  13 20 1  F        13958.08
DP   2  13 21 0  F        13814.58
DP   2  13 21 1  F        13539.20
DP   2  13 22 0  F        13178.24
DP   2  13 22 1  F        12761.19
DP   2  13 23 0  F        12316.24
DP   2  13 23 1  F        11871.29
DP   3  13 00 0  F        13949.54
DP   3  13 00 1  F        13754.23
DP   3  13 01 0  F        13557.37
DP   3  13 01 1  F        13362.11
DP   3  13 02 0  F        13190.46
DP   3  13 02 1  F        13058.05
DP   3  13 03 0  F        12936.27
DP   3  13 03 1  F        12802.37
DP   3  13 04 0  F        12701.35
DP   3  13 04 1  F        12656.65
DP   3  13 05 0  F        12537.81
DP   3  13 05 1  F        12231.94
DP   3  13 06 0  F        11850.51
DP   3  13 06 1  F        11545.97
DP   3  13 07 0  F        11410.48
DP   3  13 07 1  F        11490.19
DP   3  13 08 0  F        11707.53
DP   3  13 08 1  F        11958.19
DP   3  13 09 0  F        12154.62
DP   3  13 09 1  F        12243.29
DP   3  13 10 0  F        12289.94
DP   3  13 10 1  F        12367.74
DP   3  13 11 0  F        12460.32
DP   3  13 11 1  F        12529.50
DP   3  13 12 0  F        12539.51
DP   3  13 12 1  F        12478.96
DP   3  13 13 0  F        12431.81
DP   3  13 13 1  F        12473.90
DP   3  13 14 0  F        12553.37
DP   3  13 14 1  F        12603.13
DP   3  13 15 0  F        12622.79
DP   3  13 15 1  F        12623.58
DP   3  13 16 0  F        12596.60
DP   3  13 16 1  F        12531.31
DP   3  13 17 0  F        12430.71
DP   3  13 17 1  F        12342.48
DP   3  13 18 0  F        12479.37
DP   3  13 18 1  F        12977.32
DP   3  13 19 0  F        13499.95
DP   3  13 19 1  F        13703.10
DP   3  13 20 0  F        13683.69
DP   3  13 20 1  F        13623.97
DP   3  13 21 0  F        13606.50
DP   3  13 21 1  F        13663.33
DP   3  13 22 0  F        13724.44
DP   3  13 22 1  F        13717.84
DP   3  13 23 0  F        13665.60
DP   3  13 23 1  F        13613.36
DP   4  13 00 0  F        7402.48
DP   4  13 00 1  F        7374.83
DP   4  13 01 0  F        7337.68
DP   4  13 01 1  F        7283.98
DP   4  13 02 0  F        7216.29
DP   4  13 02 1  F        7140.39
DP   4  13 03 0  F        7065.15
DP   4  13 03 1  F        6997.48
DP   4  13 04 0  F        6933.44
DP   4  13 04 1  F        6870.06
DP   4  13 05 0  F        6819.05
DP   4  13 05 1  F        6784.38
DP   4  13 06 0  F        6724.17
DP   4  13 06 1  F        6604.59
DP   4  13 07 0  F        6469.70
DP   4  13 07 1  F        6374.48
DP   4  13 08 0  F        6339.63
DP   4  13 08 1  F        6368.11
DP   4  13 09 0  F        6426.21
DP   4  13 09 1  F        6478.65
DP   4  13 10 0  F        6520.55
DP   4  13 10 1  F        6553.59
DP   4  13 11 0  F        6575.39
DP   4  13 11 1  F        6581.78
DP   4  13 12 0  F        6565.63
DP   4  13 12 1  F        6526.72
DP   4  13 13 0  F        6495.39
DP   4  13 13 1  F        6500.47
DP   4  13 14 0  F        6533.95
DP   4  13 14 1  F        6578.17
DP   4  13 15 0  F        6613.63
DP   4  13 15 1  F        6624.37
DP   4  13 16 0  F        6610.37
DP   4  13 16 1  F        6575.11
DP   4  13 17 0  F        6520.10
DP   4  13 17 1  F        6452.82
DP   4  13 18 0  F        6406.54
DP   4  13 18 1  F        6417.07
DP   4  13 19 0  F        6504.63
DP   4  13 19 1  F        6666.07
DP   4  13 20 0  F        6820.30
DP   4  13 20 1  F        6892.75
DP   4  13 21 0  F        6912.90
DP   4  13 21 1  F        6926.84
DP   4  13 22 0  F        6943.06
DP   4  13 22 1  F        6960.68
DP   4  13 23 0  F        6978.99
DP   4  13 23 1  F        6997.30
