&   CARGA
&
&   ss  di hi m df hf m Demanda
&X  XX  XX XX X XX XX X XXXXXXXXXX
DP   1  12 00 0  F        45711.99
DP   1  12 00 1  F        44360.19
DP   1  12 01 0  F        43087.27
DP   1  12 01 1  F        41963.54
DP   1  12 02 0  F        41024.87
DP   1  12 02 1  F        40286.26
DP   1  12 03 0  F        39713.59
DP   1  12 03 1  F        39273.55
DP   1  12 04 0  F        38985.32
DP   1  12 04 1  F        38867.31
DP   1  12 05 0  F        38882.66
DP   1  12 05 1  F        38987.63
DP   1  12 06 0  F        39166.44
DP   1  12 06 1  F        39466.34
DP   1  12 07 0  F        40158.87
DP   1  12 07 1  F        41444.84
DP   1  12 08 0  F        43017.90
DP   1  12 08 1  F        44502.79
DP   1  12 09 0  F        45755.93
DP   1  12 09 1  F        46726.21
DP   1  12 10 0  F        47500.95
DP   1  12 10 1  F        48161.55
DP   1  12 11 0  F        48627.23
DP   1  12 11 1  F        48811.06
DP   1  12 12 0  F        48763.43
DP   1  12 12 1  F        48613.82
DP   1  12 13 0  F        48670.71
DP   1  12 13 1  F        49156.71
DP   1  12 14 0  F        49772.05
DP   1  12 14 1  F        50174.70
DP   1  12 15 0  F        50375.70
DP   1  12 15 1  F        50446.65
DP   1  12 16 0  F        50348.02
DP   1  12 16 1  F        50011.43
DP   1  12 17 0  F        49364.09
DP   1  12 17 1  F        48400.29
DP   1  12 18 0  F        47387.02
DP   1  12 18 1  F        46671.64
DP   1  12 19 0  F        46650.32
DP   1  12 19 1  F        47495.48
DP   1  12 20 0  F        48435.84
DP   1  12 20 1  F        48712.64
DP   1  12 21 0  F        48561.03
DP   1  12 21 1  F        48346.40
DP   1  12 22 0  F        47961.41
DP   1  12 22 1  F        47251.07
DP   1  12 23 0  F        46342.78
DP   1  12 23 1  F        45434.49
DP   2  12 00 0  F        13399.90
DP   2  12 00 1  F        12914.12
DP   2  12 01 0  F        12470.29
DP   2  12 01 1  F        12100.59
DP   2  12 02 0  F        11798.05
DP   2  12 02 1  F        11548.85
DP   2  12 03 0  F        11350.92
DP   2  12 03 1  F        11204.53
DP   2  12 04 0  F        11107.68
DP   2  12 04 1  F        11058.19
DP   2  12 05 0  F        11055.59
DP   2  12 05 1  F        11098.89
DP   2  12 06 0  F        11183.33
DP   2  12 06 1  F        11325.88
DP   2  12 07 0  F        11633.96
DP   2  12 07 1  F        12183.64
DP   2  12 08 0  F        12834.96
DP   2  12 08 1  F        13416.17
DP   2  12 09 0  F        13844.39
DP   2  12 09 1  F        14092.55
DP   2  12 10 0  F        14267.96
DP   2  12 10 1  F        14480.40
DP   2  12 11 0  F        14715.12
DP   2  12 11 1  F        14896.48
DP   2  12 12 0  F        14829.62
DP   2  12 12 1  F        14421.76
DP   2  12 13 0  F        14107.38
DP   2  12 13 1  F        14283.42
DP   2  12 14 0  F        14669.31
DP   2  12 14 1  F        14904.38
DP   2  12 15 0  F        14985.17
DP   2  12 15 1  F        14986.81
DP   2  12 16 0  F        14941.57
DP   2  12 16 1  F        14867.38
DP   2  12 17 0  F        14767.72
DP   2  12 17 1  F        14629.28
DP   2  12 18 0  F        14386.22
DP   2  12 18 1  F        14034.54
DP   2  12 19 0  F        13870.23
DP   2  12 19 1  F        14126.31
DP   2  12 20 0  F        14483.99
DP   2  12 20 1  F        14592.67
DP   2  12 21 0  F        14526.22
DP   2  12 21 1  F        14424.28
DP   2  12 22 0  F        14265.03
DP   2  12 22 1  F        14006.59
DP   2  12 23 0  F        13688.40
DP   2  12 23 1  F        13370.22
DP   3  12 00 0  F        14098.69
DP   3  12 00 1  F        13850.66
DP   3  12 01 0  F        13616.40
DP   3  12 01 1  F        13408.04
DP   3  12 02 0  F        13231.27
DP   3  12 02 1  F        13085.76
DP   3  12 03 0  F        12953.75
DP   3  12 03 1  F        12824.33
DP   3  12 04 0  F        12731.64
DP   3  12 04 1  F        12689.02
DP   3  12 05 0  F        12581.47
DP   3  12 05 1  F        12312.59
DP   3  12 06 0  F        11988.67
DP   3  12 06 1  F        11756.98
DP   3  12 07 0  F        11726.05
DP   3  12 07 1  F        11956.82
DP   3  12 08 0  F        12358.75
DP   3  12 08 1  F        12806.49
DP   3  12 09 0  F        13186.96
DP   3  12 09 1  F        13423.32
DP   3  12 10 0  F        13571.48
DP   3  12 10 1  F        13703.55
DP   3  12 11 0  F        13823.94
DP   3  12 11 1  F        13910.38
DP   3  12 12 0  F        13901.72
DP   3  12 12 1  F        13772.54
DP   3  12 13 0  F        13679.36
DP   3  12 13 1  F        13768.23
DP   3  12 14 0  F        13961.46
DP   3  12 14 1  F        14141.74
DP   3  12 15 0  F        14256.84
DP   3  12 15 1  F        14281.47
DP   3  12 16 0  F        14232.79
DP   3  12 16 1  F        14117.17
DP   3  12 17 0  F        13855.19
DP   3  12 17 1  F        13425.63
DP   3  12 18 0  F        13125.73
DP   3  12 18 1  F        13211.01
DP   3  12 19 0  F        13451.54
DP   3  12 19 1  F        13565.40
DP   3  12 20 0  F        13548.05
DP   3  12 20 1  F        13482.25
DP   3  12 21 0  F        13522.52
DP   3  12 21 1  F        13770.90
DP   3  12 22 0  F        14047.78
DP   3  12 22 1  F        14163.27
DP   3  12 23 0  F        14168.00
DP   3  12 23 1  F        14172.73
DP   4  12 00 0  F        7530.54
DP   4  12 00 1  F        7500.86
DP   4  12 01 0  F        7451.28
DP   4  12 01 1  F        7370.94
DP   4  12 02 0  F        7285.25
DP   4  12 02 1  F        7218.28
DP   4  12 03 0  F        7152.44
DP   4  12 03 1  F        7068.73
DP   4  12 04 0  F        6984.07
DP   4  12 04 1  F        6919.15
DP   4  12 05 0  F        6873.94
DP   4  12 05 1  F        6837.96
DP   4  12 06 0  F        6779.74
DP   4  12 06 1  F        6677.71
DP   4  12 07 0  F        6570.71
DP   4  12 07 1  F        6509.37
DP   4  12 08 0  F        6530.83
DP   4  12 08 1  F        6651.86
DP   4  12 09 0  F        6820.98
DP   4  12 09 1  F        6979.32
DP   4  12 10 0  F        7106.53
DP   4  12 10 1  F        7195.62
DP   4  12 11 0  F        7254.40
DP   4  12 11 1  F        7288.57
DP   4  12 12 0  F        7280.53
DP   4  12 12 1  F        7225.08
DP   4  12 13 0  F        7189.83
DP   4  12 13 1  F        7239.03
DP   4  12 14 0  F        7350.73
DP   4  12 14 1  F        7481.30
DP   4  12 15 0  F        7586.56
DP   4  12 15 1  F        7632.91
DP   4  12 16 0  F        7629.63
DP   4  12 16 1  F        7590.68
DP   4  12 17 0  F        7505.80
DP   4  12 17 1  F        7365.70
DP   4  12 18 0  F        7189.10
DP   4  12 18 1  F        7013.49
DP   4  12 19 0  F        6923.56
DP   4  12 19 1  F        6978.96
DP   4  12 20 0  F        7091.89
DP   4  12 20 1  F        7165.81
DP   4  12 21 0  F        7216.55
DP   4  12 21 1  F        7277.57
DP   4  12 22 0  F        7340.36
DP   4  12 22 1  F        7390.55
DP   4  12 23 0  F        7432.14
DP   4  12 23 1  F        7473.73
