&   CARGA
&
&   ss  di hi m df hf m Demanda
&X  XX  XX XX X XX XX X XXXXXXXXXX
DP   1  09 00 0  F        46047.14
DP   1  09 00 1  F        44662.46
DP   1  09 01 0  F        43362.19
DP   1  09 01 1  F        42219.92
DP   1  09 02 0  F        41265.97
DP   1  09 02 1  F        40510.07
DP   1  09 03 0  F        39923.03
DP   1  09 03 1  F        39476.05
DP   1  09 04 0  F        39180.93
DP   1  09 04 1  F        39044.77
DP   1  09 05 0  F        39015.49
DP   1  09 05 1  F        39045.60
DP   1  09 06 0  F        39165.30
DP   1  09 06 1  F        39461.24
DP   1  09 07 0  F        40168.38
DP   1  09 07 1  F        41458.67
DP   1  09 08 0  F        43103.96
DP   1  09 08 1  F        44793.29
DP   1  09 09 0  F        46284.64
DP   1  09 09 1  F        47422.01
DP   1  09 10 0  F        48324.51
DP   1  09 10 1  F        49124.71
DP   1  09 11 0  F        49733.95
DP   1  09 11 1  F        50047.51
DP   1  09 12 0  F        50117.85
DP   1  09 12 1  F        50086.38
DP   1  09 13 0  F        50293.24
DP   1  09 13 1  F        50984.84
DP   1  09 14 0  F        51833.88
DP   1  09 14 1  F        52456.39
DP   1  09 15 0  F        52815.48
DP   1  09 15 1  F        52974.25
DP   1  09 16 0  F        53048.81
DP   1  09 16 1  F        53057.50
DP   1  09 17 0  F        52574.58
DP   1  09 17 1  F        51275.13
DP   1  09 18 0  F        49681.43
DP   1  09 18 1  F        48481.56
DP   1  09 19 0  F        48179.54
DP   1  09 19 1  F        48978.68
DP   1  09 20 0  F        50063.60
DP   1  09 20 1  F        50609.24
DP   1  09 21 0  F        50770.63
DP   1  09 21 1  F        50836.15
DP   1  09 22 0  F        50647.50
DP   1  09 22 1  F        50023.40
DP   1  09 23 0  F        49137.24
DP   1  09 23 1  F        48251.08
DP   2  09 00 0  F        15393.08
DP   2  09 00 1  F        14871.12
DP   2  09 01 0  F        14388.25
DP   2  09 01 1  F        13974.64
DP   2  09 02 0  F        13624.65
DP   2  09 02 1  F        13325.70
DP   2  09 03 0  F        13073.14
DP   2  09 03 1  F        12866.77
DP   2  09 04 0  F        12716.15
DP   2  09 04 1  F        12629.45
DP   2  09 05 0  F        12599.56
DP   2  09 05 1  F        12616.30
DP   2  09 06 0  F        12672.41
DP   2  09 06 1  F        12787.19
DP   2  09 07 0  F        13083.05
DP   2  09 07 1  F        13654.81
DP   2  09 08 0  F        14383.67
DP   2  09 08 1  F        15104.08
DP   2  09 09 0  F        15677.17
DP   2  09 09 1  F        16021.02
DP   2  09 10 0  F        16254.89
DP   2  09 10 1  F        16513.71
DP   2  09 11 0  F        16793.88
DP   2  09 11 1  F        17023.10
DP   2  09 12 0  F        16992.67
DP   2  09 12 1  F        16604.14
DP   2  09 13 0  F        16336.47
DP   2  09 13 1  F        16622.02
DP   2  09 14 0  F        17129.26
DP   2  09 14 1  F        17433.81
DP   2  09 15 0  F        17503.69
DP   2  09 15 1  F        17414.06
DP   2  09 16 0  F        17276.39
DP   2  09 16 1  F        17171.12
DP   2  09 17 0  F        17018.33
DP   2  09 17 1  F        16715.64
DP   2  09 18 0  F        16231.24
DP   2  09 18 1  F        15625.22
DP   2  09 19 0  F        15254.53
DP   2  09 19 1  F        15402.13
DP   2  09 20 0  F        15757.99
DP   2  09 20 1  F        15959.07
DP   2  09 21 0  F        16023.36
DP   2  09 21 1  F        16035.05
DP   2  09 22 0  F        15962.31
DP   2  09 22 1  F        15766.53
DP   2  09 23 0  F        15498.12
DP   2  09 23 1  F        15229.70
DP   3  09 00 0  F        14214.68
DP   3  09 00 1  F        13973.75
DP   3  09 01 0  F        13741.94
DP   3  09 01 1  F        13528.07
DP   3  09 02 0  F        13339.75
DP   3  09 02 1  F        13181.28
DP   3  09 03 0  F        13044.99
DP   3  09 03 1  F        12927.63
DP   3  09 04 0  F        12855.79
DP   3  09 04 1  F        12830.74
DP   3  09 05 0  F        12722.64
DP   3  09 05 1  F        12429.18
DP   3  09 06 0  F        12089.12
DP   3  09 06 1  F        11880.39
DP   3  09 07 0  F        11896.41
DP   3  09 07 1  F        12177.80
DP   3  09 08 0  F        12638.40
DP   3  09 08 1  F        13157.19
DP   3  09 09 0  F        13600.43
DP   3  09 09 1  F        13871.60
DP   3  09 10 0  F        14035.94
DP   3  09 10 1  F        14179.17
DP   3  09 11 0  F        14307.13
DP   3  09 11 1  F        14395.29
DP   3  09 12 0  F        14377.41
DP   3  09 12 1  F        14227.57
DP   3  09 13 0  F        14122.76
DP   3  09 13 1  F        14226.74
DP   3  09 14 0  F        14447.59
DP   3  09 14 1  F        14650.31
DP   3  09 15 0  F        14783.37
DP   3  09 15 1  F        14824.83
DP   3  09 16 0  F        14787.69
DP   3  09 16 1  F        14670.82
DP   3  09 17 0  F        14381.64
DP   3  09 17 1  F        13890.86
DP   3  09 18 0  F        13513.83
DP   3  09 18 1  F        13528.18
DP   3  09 19 0  F        13716.01
DP   3  09 19 1  F        13801.45
DP   3  09 20 0  F        13772.28
DP   3  09 20 1  F        13703.20
DP   3  09 21 0  F        13752.97
DP   3  09 21 1  F        14025.76
DP   3  09 22 0  F        14323.25
DP   3  09 22 1  F        14437.94
DP   3  09 23 0  F        14428.01
DP   3  09 23 1  F        14418.08
DP   4  09 00 0  F        7673.33
DP   4  09 00 1  F        7631.92
DP   4  09 01 0  F        7576.29
DP   4  09 01 1  F        7497.82
DP   4  09 02 0  F        7410.27
DP   4  09 02 1  F        7328.81
DP   4  09 03 0  F        7251.92
DP   4  09 03 1  F        7175.71
DP   4  09 04 0  F        7103.57
DP   4  09 04 1  F        7040.58
DP   4  09 05 0  F        6991.31
DP   4  09 05 1  F        6953.27
DP   4  09 06 0  F        6896.24
DP   4  09 06 1  F        6797.80
DP   4  09 07 0  F        6694.46
DP   4  09 07 1  F        6634.82
DP   4  09 08 0  F        6656.95
DP   4  09 08 1  F        6779.79
DP   4  09 09 0  F        6956.41
DP   4  09 09 1  F        7130.57
DP   4  09 10 0  F        7274.88
DP   4  09 10 1  F        7374.09
DP   4  09 11 0  F        7433.01
DP   4  09 11 1  F        7457.51
DP   4  09 12 0  F        7437.77
DP   4  09 12 1  F        7375.70
DP   4  09 13 0  F        7335.73
DP   4  09 13 1  F        7377.35
DP   4  09 14 0  F        7477.70
DP   4  09 14 1  F        7595.69
DP   4  09 15 0  F        7699.48
DP   4  09 15 1  F        7763.21
DP   4  09 16 0  F        7775.45
DP   4  09 16 1  F        7730.31
DP   4  09 17 0  F        7629.73
DP   4  09 17 1  F        7479.21
DP   4  09 18 0  F        7290.90
DP   4  09 18 1  F        7094.09
DP   4  09 19 0  F        6980.19
DP   4  09 19 1  F        7019.31
DP   4  09 20 0  F        7134.37
DP   4  09 20 1  F        7232.92
DP   4  09 21 0  F        7308.17
DP   4  09 21 1  F        7373.11
DP   4  09 22 0  F        7434.17
DP   4  09 22 1  F        7495.24
DP   4  09 23 0  F        7556.75
DP   4  09 23 1  F        7618.25
