&   CARGA
&
&   ss  di hi m df hf m Demanda
&X  XX  XX XX X XX XX X XXXXXXXXXX
DP   1  07 00 0  F        42746.67
DP   1  07 00 1  F        41942.20
DP   1  07 01 0  F        41104.82
DP   1  07 01 1  F        40226.11
DP   1  07 02 0  F        39395.70
DP   1  07 02 1  F        38693.17
DP   1  07 03 0  F        38059.85
DP   1  07 03 1  F        37444.86
DP   1  07 04 0  F        36966.75
DP   1  07 04 1  F        36705.18
DP   1  07 05 0  F        36414.62
DP   1  07 05 1  F        35871.87
DP   1  07 06 0  F        35268.13
DP   1  07 06 1  F        34856.11
DP   1  07 07 0  F        34720.29
DP   1  07 07 1  F        34886.36
DP   1  07 08 0  F        35313.09
DP   1  07 08 1  F        35923.49
DP   1  07 09 0  F        36564.63
DP   1  07 09 1  F        37105.13
DP   1  07 10 0  F        37575.90
DP   1  07 10 1  F        38053.78
DP   1  07 11 0  F        38637.05
DP   1  07 11 1  F        39368.40
DP   1  07 12 0  F        40046.73
DP   1  07 12 1  F        40458.74
DP   1  07 13 0  F        40586.18
DP   1  07 13 1  F        40492.44
DP   1  07 14 0  F        40372.50
DP   1  07 14 1  F        40408.97
DP   1  07 15 0  F        40603.60
DP   1  07 15 1  F        40895.81
DP   1  07 16 0  F        41156.75
DP   1  07 16 1  F        41302.22
DP   1  07 17 0  F        41494.90
DP   1  07 17 1  F        41883.40
DP   1  07 18 0  F        42312.94
DP   1  07 18 1  F        42671.10
DP   1  07 19 0  F        43318.22
DP   1  07 19 1  F        44520.60
DP   1  07 20 0  F        45695.66
DP   1  07 20 1  F        46243.45
DP   1  07 21 0  F        46343.53
DP   1  07 21 1  F        46301.76
DP   1  07 22 0  F        46149.76
DP   1  07 22 1  F        45868.99
DP   1  07 23 0  F        45514.62
DP   1  07 23 1  F        45160.25
DP   2  07 00 0  F        13955.27
DP   2  07 00 1  F        13616.83
DP   2  07 01 0  F        13274.43
DP   2  07 01 1  F        12928.28
DP   2  07 02 0  F        12595.29
DP   2  07 02 1  F        12292.31
DP   2  07 03 0  F        12019.39
DP   2  07 03 1  F        11776.61
DP   2  07 04 0  F        11581.09
DP   2  07 04 1  F        11438.60
DP   2  07 05 0  F        11292.64
DP   2  07 05 1  F        11096.75
DP   2  07 06 0  F        10906.90
DP   2  07 06 1  F        10805.76
DP   2  07 07 0  F        10880.36
DP   2  07 07 1  F        11165.18
DP   2  07 08 0  F        11480.14
DP   2  07 08 1  F        11654.87
DP   2  07 09 0  F        11772.44
DP   2  07 09 1  F        11945.60
DP   2  07 10 0  F        12152.38
DP   2  07 10 1  F        12352.60
DP   2  07 11 0  F        12567.91
DP   2  07 11 1  F        12819.53
DP   2  07 12 0  F        13065.24
DP   2  07 12 1  F        13270.67
DP   2  07 13 0  F        13496.38
DP   2  07 13 1  F        13788.77
DP   2  07 14 0  F        14042.71
DP   2  07 14 1  F        14155.33
DP   2  07 15 0  F        14184.11
DP   2  07 15 1  F        14196.49
DP   2  07 16 0  F        14139.17
DP   2  07 16 1  F        13979.95
DP   2  07 17 0  F        13891.81
DP   2  07 17 1  F        14023.43
DP   2  07 18 0  F        14221.22
DP   2  07 18 1  F        14316.06
DP   2  07 19 0  F        14379.22
DP   2  07 19 1  F        14526.97
DP   2  07 20 0  F        14815.31
DP   2  07 20 1  F        15235.26
DP   2  07 21 0  F        15578.18
DP   2  07 21 1  F        15656.83
DP   2  07 22 0  F        15569.17
DP   2  07 22 1  F        15455.98
DP   2  07 23 0  F        15344.24
DP   2  07 23 1  F        15232.50
DP   3  07 00 0  F        13928.88
DP   3  07 00 1  F        13747.64
DP   3  07 01 0  F        13575.56
DP   3  07 01 1  F        13419.48
DP   3  07 02 0  F        13277.10
DP   3  07 02 1  F        13142.48
DP   3  07 03 0  F        13004.39
DP   3  07 03 1  F        12860.06
DP   3  07 04 0  F        12745.94
DP   3  07 04 1  F        12672.84
DP   3  07 05 0  F        12509.69
DP   3  07 05 1  F        12147.22
DP   3  07 06 0  F        11705.00
DP   3  07 06 1  F        11344.16
DP   3  07 07 0  F        11162.89
DP   3  07 07 1  F        11200.36
DP   3  07 08 0  F        11322.47
DP   3  07 08 1  F        11384.29
DP   3  07 09 0  F        11370.92
DP   3  07 09 1  F        11311.28
DP   3  07 10 0  F        11279.42
DP   3  07 10 1  F        11335.22
DP   3  07 11 0  F        11436.68
DP   3  07 11 1  F        11525.23
DP   3  07 12 0  F        11578.01
DP   3  07 12 1  F        11586.48
DP   3  07 13 0  F        11563.88
DP   3  07 13 1  F        11531.56
DP   3  07 14 0  F        11521.68
DP   3  07 14 1  F        11557.79
DP   3  07 15 0  F        11618.33
DP   3  07 15 1  F        11680.03
DP   3  07 16 0  F        11757.90
DP   3  07 16 1  F        11854.95
DP   3  07 17 0  F        11887.87
DP   3  07 17 1  F        11832.59
DP   3  07 18 0  F        11988.16
DP   3  07 18 1  F        12576.60
DP   3  07 19 0  F        13188.66
DP   3  07 19 1  F        13400.66
DP   3  07 20 0  F        13362.70
DP   3  07 20 1  F        13323.90
DP   3  07 21 0  F        13355.64
DP   3  07 21 1  F        13468.94
DP   3  07 22 0  F        13610.93
DP   3  07 22 1  F        13727.60
DP   3  07 23 0  F        13824.20
DP   3  07 23 1  F        13920.79
DP   4  07 00 0  F        7329.84
DP   4  07 00 1  F        7279.97
DP   4  07 01 0  F        7242.16
DP   4  07 01 1  F        7221.74
DP   4  07 02 0  F        7197.09
DP   4  07 02 1  F        7148.64
DP   4  07 03 0  F        7091.94
DP   4  07 03 1  F        7044.05
DP   4  07 04 0  F        6992.98
DP   4  07 04 1  F        6925.73
DP   4  07 05 0  F        6854.41
DP   4  07 05 1  F        6787.11
DP   4  07 06 0  F        6690.87
DP   4  07 06 1  F        6537.57
DP   4  07 07 0  F        6359.56
DP   4  07 07 1  F        6201.83
DP   4  07 08 0  F        6099.33
DP   4  07 08 1  F        6068.95
DP   4  07 09 0  F        6065.24
DP   4  07 09 1  F        6041.67
DP   4  07 10 0  F        6009.81
DP   4  07 10 1  F        5997.16
DP   4  07 11 0  F        6036.82
DP   4  07 11 1  F        6139.54
DP   4  07 12 0  F        6221.16
DP   4  07 12 1  F        6208.25
DP   4  07 13 0  F        6165.43
DP   4  07 13 1  F        6174.19
DP   4  07 14 0  F        6245.56
DP   4  07 14 1  F        6362.14
DP   4  07 15 0  F        6463.35
DP   4  07 15 1  F        6498.70
DP   4  07 16 0  F        6501.20
DP   4  07 16 1  F        6512.32
DP   4  07 17 0  F        6524.02
DP   4  07 17 1  F        6525.71
DP   4  07 18 0  F        6546.25
DP   4  07 18 1  F        6615.50
DP   4  07 19 0  F        6728.08
DP   4  07 19 1  F        6864.32
DP   4  07 20 0  F        6982.87
DP   4  07 20 1  F        7050.90
DP   4  07 21 0  F        7091.44
DP   4  07 21 1  F        7136.44
DP   4  07 22 0  F        7197.78
DP   4  07 22 1  F        7279.23
DP   4  07 23 0  F        7372.26
DP   4  07 23 1  F        7465.29
