&   CARGA
&
&   ss  di hi m df hf m Demanda
&X  XX  XX XX X XX XX X XXXXXXXXXX
DP   1  21 00 0  F        44998.62
DP   1  21 00 1  F        43854.86
DP   1  21 01 0  F        42778.46
DP   1  21 01 1  F        41820.60
DP   1  21 02 0  F        40967.64
DP   1  21 02 1  F        40201.15
DP   1  21 03 0  F        39548.13
DP   1  21 03 1  F        39033.44
DP   1  21 04 0  F        38627.80
DP   1  21 04 1  F        38290.50
DP   1  21 05 0  F        37989.30
DP   1  21 05 1  F        37682.84
DP   1  21 06 0  F        37284.86
DP   1  21 06 1  F        36774.71
DP   1  21 07 0  F        36438.87
DP   1  21 07 1  F        36554.94
DP   1  21 08 0  F        37057.81
DP   1  21 08 1  F        37787.43
DP   1  21 09 0  F        38546.54
DP   1  21 09 1  F        39168.73
DP   1  21 10 0  F        39648.11
DP   1  21 10 1  F        40027.75
DP   1  21 11 0  F        40386.20
DP   1  21 11 1  F        40772.68
DP   1  21 12 0  F        41083.72
DP   1  21 12 1  F        41218.67
DP   1  21 13 0  F        41240.94
DP   1  21 13 1  F        41235.43
DP   1  21 14 0  F        41209.14
DP   1  21 14 1  F        41155.09
DP   1  21 15 0  F        41088.22
DP   1  21 15 1  F        41037.53
DP   1  21 16 0  F        41066.31
DP   1  21 16 1  F        41226.91
DP   1  21 17 0  F        41493.48
DP   1  21 17 1  F        41808.60
DP   1  21 18 0  F        42066.43
DP   1  21 18 1  F        42277.52
DP   1  21 19 0  F        42966.13
DP   1  21 19 1  F        44474.20
DP   1  21 20 0  F        45900.65
DP   1  21 20 1  F        46352.97
DP   1  21 21 0  F        46216.02
DP   1  21 21 1  F        46045.88
DP   1  21 22 0  F        45805.98
DP   1  21 22 1  F        45363.61
DP   1  21 23 0  F        44794.03
DP   1  21 23 1  F        44224.44
DP   2  21 00 0  F        12847.40
DP   2  21 00 1  F        12431.38
DP   2  21 01 0  F        12048.69
DP   2  21 01 1  F        11724.79
DP   2  21 02 0  F        11453.55
DP   2  21 02 1  F        11221.09
DP   2  21 03 0  F        11014.07
DP   2  21 03 1  F        10824.66
DP   2  21 04 0  F        10666.45
DP   2  21 04 1  F        10552.50
DP   2  21 05 0  F        10472.23
DP   2  21 05 1  F        10400.18
DP   2  21 06 0  F        10275.11
DP   2  21 06 1  F        10076.59
DP   2  21 07 0  F        9983.20
DP   2  21 07 1  F        10152.62
DP   2  21 08 0  F        10459.97
DP   2  21 08 1  F        10743.35
DP   2  21 09 0  F        10975.43
DP   2  21 09 1  F        11169.76
DP   2  21 10 0  F        11369.05
DP   2  21 10 1  F        11610.33
DP   2  21 11 0  F        11878.62
DP   2  21 11 1  F        12131.05
DP   2  21 12 0  F        12265.01
DP   2  21 12 1  F        12209.09
DP   2  21 13 0  F        12076.61
DP   2  21 13 1  F        11996.63
DP   2  21 14 0  F        11976.61
DP   2  21 14 1  F        11989.38
DP   2  21 15 0  F        11990.87
DP   2  21 15 1  F        11952.20
DP   2  21 16 0  F        11921.98
DP   2  21 16 1  F        11958.66
DP   2  21 17 0  F        12082.43
DP   2  21 17 1  F        12282.81
DP   2  21 18 0  F        12464.82
DP   2  21 18 1  F        12572.23
DP   2  21 19 0  F        12788.26
DP   2  21 19 1  F        13264.69
DP   2  21 20 0  F        13788.28
DP   2  21 20 1  F        14111.43
DP   2  21 21 0  F        14214.19
DP   2  21 21 1  F        14140.32
DP   2  21 22 0  F        13960.62
DP   2  21 22 1  F        13742.07
DP   2  21 23 0  F        13509.38
DP   2  21 23 1  F        13276.69
DP   3  21 00 0  F        14083.60
DP   3  21 00 1  F        13881.19
DP   3  21 01 0  F        13683.28
DP   3  21 01 1  F        13496.13
DP   3  21 02 0  F        13332.97
DP   3  21 02 1  F        13200.30
DP   3  21 03 0  F        13070.64
DP   3  21 03 1  F        12924.10
DP   3  21 04 0  F        12805.12
DP   3  21 04 1  F        12736.49
DP   3  21 05 0  F        12590.20
DP   3  21 05 1  F        12254.97
DP   3  21 06 0  F        11837.49
DP   3  21 06 1  F        11480.66
DP   3  21 07 0  F        11254.34
DP   3  21 07 1  F        11190.89
DP   3  21 08 0  F        11245.52
DP   3  21 08 1  F        11353.70
DP   3  21 09 0  F        11448.83
DP   3  21 09 1  F        11486.24
DP   3  21 10 0  F        11510.94
DP   3  21 10 1  F        11574.05
DP   3  21 11 0  F        11661.40
DP   3  21 11 1  F        11744.77
DP   3  21 12 0  F        11805.30
DP   3  21 12 1  F        11833.84
DP   3  21 13 0  F        11851.10
DP   3  21 13 1  F        11879.99
DP   3  21 14 0  F        11922.65
DP   3  21 14 1  F        11973.05
DP   3  21 15 0  F        12013.32
DP   3  21 15 1  F        12029.10
DP   3  21 16 0  F        12031.72
DP   3  21 16 1  F        12028.36
DP   3  21 17 0  F        11983.91
DP   3  21 17 1  F        11908.66
DP   3  21 18 0  F        12036.87
DP   3  21 18 1  F        12538.98
DP   3  21 19 0  F        13106.11
DP   3  21 19 1  F        13409.19
DP   3  21 20 0  F        13517.67
DP   3  21 20 1  F        13575.57
DP   3  21 21 0  F        13626.87
DP   3  21 21 1  F        13685.49
DP   3  21 22 0  F        13745.33
DP   3  21 22 1  F        13797.96
DP   3  21 23 0  F        13845.64
DP   3  21 23 1  F        13893.32
DP   4  21 00 0  F        7827.78
DP   4  21 00 1  F        7799.93
DP   4  21 01 0  F        7760.80
DP   4  21 01 1  F        7703.13
DP   4  21 02 0  F        7635.91
DP   4  21 02 1  F        7569.12
DP   4  21 03 0  F        7500.44
DP   4  21 03 1  F        7427.06
DP   4  21 04 0  F        7356.30
DP   4  21 04 1  F        7297.08
DP   4  21 05 0  F        7254.53
DP   4  21 05 1  F        7221.76
DP   4  21 06 0  F        7147.69
DP   4  21 06 1  F        6994.11
DP   4  21 07 0  F        6818.69
DP   4  21 07 1  F        6689.11
DP   4  21 08 0  F        6617.25
DP   4  21 08 1  F        6597.31
DP   4  21 09 0  F        6608.61
DP   4  21 09 1  F        6628.38
DP   4  21 10 0  F        6640.52
DP   4  21 10 1  F        6637.25
DP   4  21 11 0  F        6637.49
DP   4  21 11 1  F        6657.36
DP   4  21 12 0  F        6675.09
DP   4  21 12 1  F        6671.90
DP   4  21 13 0  F        6678.88
DP   4  21 13 1  F        6726.53
DP   4  21 14 0  F        6793.27
DP   4  21 14 1  F        6850.88
DP   4  21 15 0  F        6896.80
DP   4  21 15 1  F        6932.45
DP   4  21 16 0  F        6949.39
DP   4  21 16 1  F        6940.21
DP   4  21 17 0  F        6911.13
DP   4  21 17 1  F        6875.03
DP   4  21 18 0  F        6857.67
DP   4  21 18 1  F        6888.47
DP   4  21 19 0  F        6998.60
DP   4  21 19 1  F        7193.54
DP   4  21 20 0  F        7374.33
DP   4  21 20 1  F        7451.73
DP   4  21 21 0  F        7480.06
DP   4  21 21 1  F        7529.92
DP   4  21 22 0  F        7593.72
DP   4  21 22 1  F        7649.90
DP   4  21 23 0  F        7699.47
DP   4  21 23 1  F        7749.04
