&   CARGA
&
&   ss  di hi m df hf m Demanda
&X  XX  XX XX X XX XX X XXXXXXXXXX
DP   1  05 00 0  F        44090.59
DP   1  05 00 1  F        42763.47
DP   1  05 01 0  F        41513.47
DP   1  05 01 1  F        40407.86
DP   1  05 02 0  F        39474.57
DP   1  05 02 1  F        38725.74
DP   1  05 03 0  F        38149.74
DP   1  05 03 1  F        37733.74
DP   1  05 04 0  F        37483.86
DP   1  05 04 1  F        37396.38
DP   1  05 05 0  F        37409.29
DP   1  05 05 1  F        37462.68
DP   1  05 06 0  F        37563.18
DP   1  05 06 1  F        37783.83
DP   1  05 07 0  F        38396.64
DP   1  05 07 1  F        39596.02
DP   1  05 08 0  F        41066.87
DP   1  05 08 1  F        42433.27
DP   1  05 09 0  F        43585.52
DP   1  05 09 1  F        44503.30
DP   1  05 10 0  F        45257.70
DP   1  05 10 1  F        45905.09
DP   1  05 11 0  F        46351.80
DP   1  05 11 1  F        46517.21
DP   1  05 12 0  F        46523.17
DP   1  05 12 1  F        46545.75
DP   1  05 13 0  F        46775.48
DP   1  05 13 1  F        47320.37
DP   1  05 14 0  F        47944.03
DP   1  05 14 1  F        48387.86
DP   1  05 15 0  F        48648.94
DP   1  05 15 1  F        48775.27
DP   1  05 16 0  F        48762.84
DP   1  05 16 1  F        48574.28
DP   1  05 17 0  F        48090.66
DP   1  05 17 1  F        47253.94
DP   1  05 18 0  F        46331.14
DP   1  05 18 1  F        45687.96
DP   1  05 19 0  F        45759.67
DP   1  05 19 1  F        46745.39
DP   1  05 20 0  F        47829.91
DP   1  05 20 1  F        48199.49
DP   1  05 21 0  F        48060.63
DP   1  05 21 1  F        47775.75
DP   1  05 22 0  F        47310.65
DP   1  05 22 1  F        46580.34
DP   1  05 23 0  F        45693.25
DP   1  05 23 1  F        44806.15
DP   2  05 00 0  F        13245.08
DP   2  05 00 1  F        12755.70
DP   2  05 01 0  F        12316.70
DP   2  05 01 1  F        11964.38
DP   2  05 02 0  F        11678.74
DP   2  05 02 1  F        11433.52
DP   2  05 03 0  F        11233.81
DP   2  05 03 1  F        11089.78
DP   2  05 04 0  F        11000.60
DP   2  05 04 1  F        10963.57
DP   2  05 05 0  F        10979.58
DP   2  05 05 1  F        11045.15
DP   2  05 06 0  F        11135.97
DP   2  05 06 1  F        11257.93
DP   2  05 07 0  F        11558.81
DP   2  05 07 1  F        12148.85
DP   2  05 08 0  F        12846.32
DP   2  05 08 1  F        13433.70
DP   2  05 09 0  F        13842.40
DP   2  05 09 1  F        14069.84
DP   2  05 10 0  F        14228.53
DP   2  05 10 1  F        14430.94
DP   2  05 11 0  F        14674.12
DP   2  05 11 1  F        14889.88
DP   2  05 12 0  F        14864.19
DP   2  05 12 1  F        14487.22
DP   2  05 13 0  F        14211.61
DP   2  05 13 1  F        14449.24
DP   2  05 14 0  F        14886.59
DP   2  05 14 1  F        15131.85
DP   2  05 15 0  F        15205.57
DP   2  05 15 1  F        15212.88
DP   2  05 16 0  F        15184.98
DP   2  05 16 1  F        15132.02
DP   2  05 17 0  F        15053.88
DP   2  05 17 1  F        14929.15
DP   2  05 18 0  F        14661.38
DP   2  05 18 1  F        14230.86
DP   2  05 19 0  F        13999.68
DP   2  05 19 1  F        14263.61
DP   2  05 20 0  F        14671.08
DP   2  05 20 1  F        14824.15
DP   2  05 21 0  F        14786.72
DP   2  05 21 1  F        14700.86
DP   2  05 22 0  F        14559.56
DP   2  05 22 1  F        14334.25
DP   2  05 23 0  F        14059.07
DP   2  05 23 1  F        13783.90
DP   3  05 00 0  F        14258.78
DP   3  05 00 1  F        13998.94
DP   3  05 01 0  F        13758.93
DP   3  05 01 1  F        13553.75
DP   3  05 02 0  F        13379.00
DP   3  05 02 1  F        13225.00
DP   3  05 03 0  F        13080.39
DP   3  05 03 1  F        12942.58
DP   3  05 04 0  F        12845.67
DP   3  05 04 1  F        12800.33
DP   3  05 05 0  F        12686.55
DP   3  05 05 1  F        12405.29
DP   3  05 06 0  F        12071.89
DP   3  05 06 1  F        11839.50
DP   3  05 07 0  F        11798.19
DP   3  05 07 1  F        11994.39
DP   3  05 08 0  F        12363.08
DP   3  05 08 1  F        12806.59
DP   3  05 09 0  F        13208.12
DP   3  05 09 1  F        13478.59
DP   3  05 10 0  F        13658.92
DP   3  05 10 1  F        13808.46
DP   3  05 11 0  F        13930.28
DP   3  05 11 1  F        14005.92
DP   3  05 12 0  F        13987.04
DP   3  05 12 1  F        13859.89
DP   3  05 13 0  F        13779.13
DP   3  05 13 1  F        13886.05
DP   3  05 14 0  F        14100.34
DP   3  05 14 1  F        14301.36
DP   3  05 15 0  F        14429.07
DP   3  05 15 1  F        14452.83
DP   3  05 16 0  F        14399.14
DP   3  05 16 1  F        14282.52
DP   3  05 17 0  F        14012.40
DP   3  05 17 1  F        13555.77
DP   3  05 18 0  F        13214.79
DP   3  05 18 1  F        13257.06
DP   3  05 19 0  F        13476.88
DP   3  05 19 1  F        13608.76
DP   3  05 20 0  F        13621.55
DP   3  05 20 1  F        13568.48
DP   3  05 21 0  F        13606.05
DP   3  05 21 1  F        13846.98
DP   3  05 22 0  F        14125.62
DP   3  05 22 1  F        14262.40
DP   3  05 23 0  F        14300.40
DP   3  05 23 1  F        14338.40
DP   4  05 00 0  F        7799.95
DP   4  05 00 1  F        7753.55
DP   4  05 01 0  F        7694.87
DP   4  05 01 1  F        7616.60
DP   4  05 02 0  F        7531.40
DP   4  05 02 1  F        7452.27
DP   4  05 03 0  F        7373.65
DP   4  05 03 1  F        7288.94
DP   4  05 04 0  F        7205.91
DP   4  05 04 1  F        7134.42
DP   4  05 05 0  F        7078.27
DP   4  05 05 1  F        7030.48
DP   4  05 06 0  F        6946.98
DP   4  05 06 1  F        6797.54
DP   4  05 07 0  F        6644.06
DP   4  05 07 1  F        6561.68
DP   4  05 08 0  F        6586.29
DP   4  05 08 1  F        6723.07
DP   4  05 09 0  F        6893.48
DP   4  05 09 1  F        7018.75
DP   4  05 10 0  F        7102.73
DP   4  05 10 1  F        7165.20
DP   4  05 11 0  F        7207.03
DP   4  05 11 1  F        7223.93
DP   4  05 12 0  F        7209.80
DP   4  05 12 1  F        7169.66
DP   4  05 13 0  F        7154.72
DP   4  05 13 1  F        7211.34
DP   4  05 14 0  F        7320.33
DP   4  05 14 1  F        7445.05
DP   4  05 15 0  F        7544.48
DP   4  05 15 1  F        7585.27
DP   4  05 16 0  F        7568.99
DP   4  05 16 1  F        7505.64
DP   4  05 17 0  F        7403.93
DP   4  05 17 1  F        7272.26
DP   4  05 18 0  F        7118.93
DP   4  05 18 1  F        6968.31
DP   4  05 19 0  F        6909.08
DP   4  05 19 1  F        7003.25
DP   4  05 20 0  F        7141.87
DP   4  05 20 1  F        7210.98
DP   4  05 21 0  F        7247.74
DP   4  05 21 1  F        7309.72
DP   4  05 22 0  F        7385.21
DP   4  05 22 1  F        7451.30
DP   4  05 23 0  F        7509.63
DP   4  05 23 1  F        7567.95
DP   1  06 00 0  F        43643.29
DP   1  06 00 1  F        42373.50
DP   1  06 01 0  F        41180.84
DP   1  06 01 1  F        40129.20
DP   1  06 02 0  F        39229.49
DP   1  06 02 1  F        38477.55
DP   1  06 03 0  F        37861.76
DP   1  06 03 1  F        37375.51
DP   1  06 04 0  F        37039.46
DP   1  06 04 1  F        36854.49
DP   1  06 05 0  F        36715.18
DP   1  06 05 1  F        36511.30
DP   1  06 06 0  F        36219.68
DP   1  06 06 1  F        35909.99
DP   1  06 07 0  F        35936.18
DP   1  06 07 1  F        36581.78
DP   1  06 08 0  F        37564.30
DP   1  06 08 1  F        38529.45
DP   1  06 09 0  F        39401.75
DP   1  06 09 1  F        40171.33
DP   1  06 10 0  F        40811.83
DP   1  06 10 1  F        41297.61
DP   1  06 11 0  F        41622.40
DP   1  06 11 1  F        41802.41
DP   1  06 12 0  F        41924.44
DP   1  06 12 1  F        42071.66
DP   1  06 13 0  F        42241.99
DP   1  06 13 1  F        42406.74
DP   1  06 14 0  F        42515.95
DP   1  06 14 1  F        42539.34
DP   1  06 15 0  F        42546.54
DP   1  06 15 1  F        42611.61
DP   1  06 16 0  F        42726.24
DP   1  06 16 1  F        42854.38
DP   1  06 17 0  F        42931.40
DP   1  06 17 1  F        42933.44
DP   1  06 18 0  F        43028.45
DP   1  06 18 1  F        43415.18
DP   1  06 19 0  F        44223.80
DP   1  06 19 1  F        45426.19
DP   1  06 20 0  F        46429.74
DP   1  06 20 1  F        46676.34
DP   1  06 21 0  F        46310.47
DP   1  06 21 1  F        45618.86
DP   1  06 22 0  F        44754.66
DP   1  06 22 1  F        43822.07
DP   1  06 23 0  F        42863.08
DP   1  06 23 1  F        41904.08
DP   2  06 00 0  F        13251.70
DP   2  06 00 1  F        12752.10
DP   2  06 01 0  F        12305.82
DP   2  06 01 1  F        11949.32
DP   2  06 02 0  F        11651.48
DP   2  06 02 1  F        11376.76
DP   2  06 03 0  F        11139.45
DP   2  06 03 1  F        10960.84
DP   2  06 04 0  F        10840.45
DP   2  06 04 1  F        10770.02
DP   2  06 05 0  F        10732.10
DP   2  06 05 1  F        10703.01
DP   2  06 06 0  F        10643.61
DP   2  06 06 1  F        10552.31
DP   2  06 07 0  F        10593.34
DP   2  06 07 1  F        10901.66
DP   2  06 08 0  F        11329.33
DP   2  06 08 1  F        11693.36
DP   2  06 09 0  F        11953.44
DP   2  06 09 1  F        12119.48
DP   2  06 10 0  F        12259.55
DP   2  06 10 1  F        12435.63
DP   2  06 11 0  F        12627.07
DP   2  06 11 1  F        12785.55
DP   2  06 12 0  F        12834.70
DP   2  06 12 1  F        12735.46
DP   2  06 13 0  F        12626.28
DP   2  06 13 1  F        12640.74
DP   2  06 14 0  F        12715.46
DP   2  06 14 1  F        12759.73
DP   2  06 15 0  F        12770.44
DP   2  06 15 1  F        12766.25
DP   2  06 16 0  F        12765.35
DP   2  06 16 1  F        12788.44
DP   2  06 17 0  F        12866.83
DP   2  06 17 1  F        13004.49
DP   2  06 18 0  F        13085.42
DP   2  06 18 1  F        13043.04
DP   2  06 19 0  F        13128.38
DP   2  06 19 1  F        13547.92
DP   2  06 20 0  F        14012.28
DP   2  06 20 1  F        14197.04
DP   2  06 21 0  F        14133.63
DP   2  06 21 1  F        13928.79
DP   2  06 22 0  F        13634.79
DP   2  06 22 1  F        13288.08
DP   2  06 23 0  F        12916.13
DP   2  06 23 1  F        12544.18
DP   3  06 00 0  F        14114.22
DP   3  06 00 1  F        13913.39
DP   3  06 01 0  F        13703.31
DP   3  06 01 1  F        13484.04
DP   3  06 02 0  F        13292.94
DP   3  06 02 1  F        13159.62
DP   3  06 03 0  F        13045.53
DP   3  06 03 1  F        12914.49
DP   3  06 04 0  F        12807.87
DP   3  06 04 1  F        12751.17
DP   3  06 05 0  F        12628.66
DP   3  06 05 1  F        12338.60
DP   3  06 06 0  F        11976.38
DP   3  06 06 1  F        11675.65
DP   3  06 07 0  F        11525.80
DP   3  06 07 1  F        11577.60
DP   3  06 08 0  F        11771.47
DP   3  06 08 1  F        12020.80
DP   3  06 09 0  F        12241.11
DP   3  06 09 1  F        12372.14
DP   3  06 10 0  F        12448.25
DP   3  06 10 1  F        12519.26
DP   3  06 11 0  F        12602.38
DP   3  06 11 1  F        12692.59
DP   3  06 12 0  F        12728.63
DP   3  06 12 1  F        12669.56
DP   3  06 13 0  F        12612.08
DP   3  06 13 1  F        12651.87
DP   3  06 14 0  F        12742.95
DP   3  06 14 1  F        12816.45
DP   3  06 15 0  F        12853.72
DP   3  06 15 1  F        12852.21
DP   3  06 16 0  F        12823.77
DP   3  06 16 1  F        12774.32
DP   3  06 17 0  F        12671.88
DP   3  06 17 1  F        12529.33
DP   3  06 18 0  F        12577.13
DP   3  06 18 1  F        12985.91
DP   3  06 19 0  F        13469.44
DP   3  06 19 1  F        13714.04
DP   3  06 20 0  F        13753.21
DP   3  06 20 1  F        13703.91
DP   3  06 21 0  F        13669.84
DP   3  06 21 1  F        13719.34
DP   3  06 22 0  F        13792.53
DP   3  06 22 1  F        13818.48
DP   3  06 23 0  F        13810.31
DP   3  06 23 1  F        13802.14
DP   4  06 00 0  F        7435.04
DP   4  06 00 1  F        7403.90
DP   4  06 01 0  F        7364.36
DP   4  06 01 1  F        7310.85
DP   4  06 02 0  F        7248.99
DP   4  06 02 1  F        7185.04
DP   4  06 03 0  F        7116.34
DP   4  06 03 1  F        7041.44
DP   4  06 04 0  F        6972.37
DP   4  06 04 1  F        6920.51
DP   4  06 05 0  F        6881.26
DP   4  06 05 1  F        6840.66
DP   4  06 06 0  F        6763.44
DP   4  06 06 1  F        6626.18
DP   4  06 07 0  F        6474.05
DP   4  06 07 1  F        6360.80
DP   4  06 08 0  F        6305.80
DP   4  06 08 1  F        6311.27
DP   4  06 09 0  F        6345.41
DP   4  06 09 1  F        6374.91
DP   4  06 10 0  F        6394.61
DP   4  06 10 1  F        6406.38
DP   4  06 11 0  F        6412.03
DP   4  06 11 1  F        6411.69
DP   4  06 12 0  F        6398.69
DP   4  06 12 1  F        6370.46
DP   4  06 13 0  F        6347.51
DP   4  06 13 1  F        6350.25
DP   4  06 14 0  F        6375.78
DP   4  06 14 1  F        6415.19
DP   4  06 15 0  F        6458.76
DP   4  06 15 1  F        6494.73
DP   4  06 16 0  F        6503.86
DP   4  06 16 1  F        6473.29
DP   4  06 17 0  F        6423.24
DP   4  06 17 1  F        6380.98
DP   4  06 18 0  F        6369.01
DP   4  06 18 1  F        6406.73
DP   4  06 19 0  F        6505.80
DP   4  06 19 1  F        6660.68
DP   4  06 20 0  F        6804.55
DP   4  06 20 1  F        6876.51
DP   4  06 21 0  F        6900.44
DP   4  06 21 1  F        6914.72
DP   4  06 22 0  F        6930.95
DP   4  06 22 1  F        6952.61
DP   4  06 23 0  F        6977.68
DP   4  06 23 1  F        7002.75
DP   1  07 00 0  F        41240.73
DP   1  07 00 1  F        40149.70
DP   1  07 01 0  F        39101.59
DP   1  07 01 1  F        38135.21
DP   1  07 02 0  F        37273.01
DP   1  07 02 1  F        36529.96
DP   1  07 03 0  F        35907.50
DP   1  07 03 1  F        35406.96
DP   1  07 04 0  F        35042.92
DP   1  07 04 1  F        34806.63
DP   1  07 05 0  F        34582.97
DP   1  07 05 1  F        34248.95
DP   1  07 06 0  F        33756.57
DP   1  07 06 1  F        33151.25
DP   1  07 07 0  F        32777.15
DP   1  07 07 1  F        32928.60
DP   1  07 08 0  F        33401.70
DP   1  07 08 1  F        33929.96
DP   1  07 09 0  F        34494.75
DP   1  07 09 1  F        35112.63
DP   1  07 10 0  F        35693.21
DP   1  07 10 1  F        36157.61
DP   1  07 11 0  F        36579.85
DP   1  07 11 1  F        37042.75
DP   1  07 12 0  F        37511.17
DP   1  07 12 1  F        37918.72
DP   1  07 13 0  F        38192.02
DP   1  07 13 1  F        38288.73
DP   1  07 14 0  F        38297.80
DP   1  07 14 1  F        38321.35
DP   1  07 15 0  F        38383.03
DP   1  07 15 1  F        38496.61
DP   1  07 16 0  F        38714.91
DP   1  07 16 1  F        39076.48
DP   1  07 17 0  F        39523.88
DP   1  07 17 1  F        39986.78
DP   1  07 18 0  F        40439.50
DP   1  07 18 1  F        40926.78
DP   1  07 19 0  F        41730.39
DP   1  07 19 1  F        43012.62
DP   1  07 20 0  F        44220.77
DP   1  07 20 1  F        44785.26
DP   1  07 21 0  F        44783.83
DP   1  07 21 1  F        44433.38
DP   1  07 22 0  F        43860.19
DP   1  07 22 1  F        43160.51
DP   1  07 23 0  F        42401.25
DP   1  07 23 1  F        41642.00
DP   2  07 00 0  F        12608.70
DP   2  07 00 1  F        12162.86
DP   2  07 01 0  F        11756.65
DP   2  07 01 1  F        11418.65
DP   2  07 02 0  F        11133.16
DP   2  07 02 1  F        10878.17
DP   2  07 03 0  F        10650.45
DP   2  07 03 1  F        10456.27
DP   2  07 04 0  F        10320.96
DP   2  07 04 1  F        10257.11
DP   2  07 05 0  F        10207.11
DP   2  07 05 1  F        10109.74
DP   2  07 06 0  F        9959.60
DP   2  07 06 1  F        9791.78
DP   2  07 07 0  F        9747.65
DP   2  07 07 1  F        9940.39
DP   2  07 08 0  F        10264.13
DP   2  07 08 1  F        10579.39
DP   2  07 09 0  F        10831.45
DP   2  07 09 1  F        11010.26
DP   2  07 10 0  F        11199.97
DP   2  07 10 1  F        11475.25
DP   2  07 11 0  F        11778.94
DP   2  07 11 1  F        12028.05
DP   2  07 12 0  F        12168.21
DP   2  07 12 1  F        12184.33
DP   2  07 13 0  F        12189.84
DP   2  07 13 1  F        12289.60
DP   2  07 14 0  F        12425.68
DP   2  07 14 1  F        12520.84
DP   2  07 15 0  F        12583.30
DP   2  07 15 1  F        12637.28
DP   2  07 16 0  F        12685.59
DP   2  07 16 1  F        12734.86
DP   2  07 17 0  F        12828.54
DP   2  07 17 1  F        12979.75
DP   2  07 18 0  F        13043.53
DP   2  07 18 1  F        12936.07
DP   2  07 19 0  F        12976.16
DP   2  07 19 1  F        13437.85
DP   2  07 20 0  F        14013.53
DP   2  07 20 1  F        14343.62
DP   2  07 21 0  F        14442.13
DP   2  07 21 1  F        14404.38
DP   2  07 22 0  F        14277.29
DP   2  07 22 1  F        14094.39
DP   2  07 23 0  F        13884.23
DP   2  07 23 1  F        13674.07
DP   3  07 00 0  F        13618.66
DP   3  07 00 1  F        13420.91
DP   3  07 01 0  F        13222.57
DP   3  07 01 1  F        13027.91
DP   3  07 02 0  F        12860.73
DP   3  07 02 1  F        12737.72
DP   3  07 03 0  F        12627.67
DP   3  07 03 1  F        12502.97
DP   3  07 04 0  F        12398.31
DP   3  07 04 1  F        12331.71
DP   3  07 05 0  F        12192.20
DP   3  07 05 1  F        11882.08
DP   3  07 06 0  F        11485.71
DP   3  07 06 1  F        11123.70
DP   3  07 07 0  F        10879.76
DP   3  07 07 1  F        10801.59
DP   3  07 08 0  F        10829.68
DP   3  07 08 1  F        10887.12
DP   3  07 09 0  F        10934.46
DP   3  07 09 1  F        10952.87
DP   3  07 10 0  F        10968.39
DP   3  07 10 1  F        11010.61
DP   3  07 11 0  F        11078.18
DP   3  07 11 1  F        11159.23
DP   3  07 12 0  F        11230.56
DP   3  07 12 1  F        11273.94
DP   3  07 13 0  F        11302.24
DP   3  07 13 1  F        11333.07
DP   3  07 14 0  F        11371.65
DP   3  07 14 1  F        11416.71
DP   3  07 15 0  F        11453.40
DP   3  07 15 1  F        11470.74
DP   3  07 16 0  F        11486.73
DP   3  07 16 1  F        11515.14
DP   3  07 17 0  F        11523.89
DP   3  07 17 1  F        11519.84
DP   3  07 18 0  F        11711.41
DP   3  07 18 1  F        12244.30
DP   3  07 19 0  F        12811.88
DP   3  07 19 1  F        13094.41
DP   3  07 20 0  F        13172.12
DP   3  07 20 1  F        13200.18
DP   3  07 21 0  F        13233.52
DP   3  07 21 1  F        13291.32
DP   3  07 22 0  F        13350.10
DP   3  07 22 1  F        13384.20
DP   3  07 23 0  F        13401.74
DP   3  07 23 1  F        13419.27
DP   4  07 00 0  F        7013.37
DP   4  07 00 1  F        6984.68
DP   4  07 01 0  F        6953.80
DP   4  07 01 1  F        6918.16
DP   4  07 02 0  F        6873.62
DP   4  07 02 1  F        6818.38
DP   4  07 03 0  F        6761.54
DP   4  07 03 1  F        6711.22
DP   4  07 04 0  F        6660.48
DP   4  07 04 1  F        6603.40
DP   4  07 05 0  F        6552.99
DP   4  07 05 1  F        6516.28
DP   4  07 06 0  F        6457.47
DP   4  07 06 1  F        6344.98
DP   4  07 07 0  F        6206.80
DP   4  07 07 1  F        6079.65
DP   4  07 08 0  F        5975.42
DP   4  07 08 1  F        5898.08
DP   4  07 09 0  F        5844.60
DP   4  07 09 1  F        5809.99
DP   4  07 10 0  F        5788.26
DP   4  07 10 1  F        5774.16
DP   4  07 11 0  F        5766.28
DP   4  07 11 1  F        5763.38
DP   4  07 12 0  F        5761.16
DP   4  07 12 1  F        5757.00
DP   4  07 13 0  F        5758.15
DP   4  07 13 1  F        5772.58
DP   4  07 14 0  F        5801.41
DP   4  07 14 1  F        5843.24
DP   4  07 15 0  F        5893.59
DP   4  07 15 1  F        5945.05
DP   4  07 16 0  F        5981.52
DP   4  07 16 1  F        5991.43
DP   4  07 17 0  F        5989.93
DP   4  07 17 1  F        5998.25
DP   4  07 18 0  F        6035.07
DP   4  07 18 1  F        6116.17
DP   4  07 19 0  F        6248.23
DP   4  07 19 1  F        6422.55
DP   4  07 20 0  F        6578.12
DP   4  07 20 1  F        6661.33
DP   4  07 21 0  F        6700.64
DP   4  07 21 1  F        6737.07
DP   4  07 22 0  F        6779.80
DP   4  07 22 1  F        6829.22
DP   4  07 23 0  F        6882.39
DP   4  07 23 1  F        6935.56
DP   1  08 00 0  F        41038.78
DP   1  08 00 1  F        40043.09
DP   1  08 01 0  F        39068.25
DP   1  08 01 1  F        38147.86
DP   1  08 02 0  F        37366.43
DP   1  08 02 1  F        36791.07
DP   1  08 03 0  F        36368.29
DP   1  08 03 1  F        36037.26
DP   1  08 04 0  F        35828.27
DP   1  08 04 1  F        35774.33
DP   1  08 05 0  F        35828.33
DP   1  08 05 1  F        35953.24
DP   1  08 06 0  F        36232.53
DP   1  08 06 1  F        36776.97
DP   1  08 07 0  F        37685.98
DP   1  08 07 1  F        39005.00
DP   1  08 08 0  F        40575.05
DP   1  08 08 1  F        42187.56
DP   1  08 09 0  F        43640.03
DP   1  08 09 1  F        44790.83
DP   1  08 10 0  F        45735.86
DP   1  08 10 1  F        46580.39
DP   1  08 11 0  F        47229.89
DP   1  08 11 1  F        47580.83
DP   1  08 12 0  F        47693.63
DP   1  08 12 1  F        47708.49
DP   1  08 13 0  F        47920.81
DP   1  08 13 1  F        48542.17
DP   1  08 14 0  F        49293.72
DP   1  08 14 1  F        49852.91
DP   1  08 15 0  F        50212.78
DP   1  08 15 1  F        50443.79
DP   1  08 16 0  F        50610.51
DP   1  08 16 1  F        50691.34
DP   1  08 17 0  F        50325.90
DP   1  08 17 1  F        49244.04
DP   1  08 18 0  F        47875.31
DP   1  08 18 1  F        46806.60
DP   1  08 19 0  F        46554.66
DP   1  08 19 1  F        47368.32
DP   1  08 20 0  F        48495.10
DP   1  08 20 1  F        49150.04
DP   1  08 21 0  F        49419.79
DP   1  08 21 1  F        49521.60
DP   1  08 22 0  F        49323.66
DP   1  08 22 1  F        48686.63
DP   1  08 23 0  F        47790.16
DP   1  08 23 1  F        46893.70
DP   2  08 00 0  F        13578.84
DP   2  08 00 1  F        13180.51
DP   2  08 01 0  F        12814.57
DP   2  08 01 1  F        12505.21
DP   2  08 02 0  F        12243.96
DP   2  08 02 1  F        12017.80
DP   2  08 03 0  F        11828.29
DP   2  08 03 1  F        11681.53
DP   2  08 04 0  F        11587.33
DP   2  08 04 1  F        11554.06
DP   2  08 05 0  F        11580.65
DP   2  08 05 1  F        11659.90
DP   2  08 06 0  F        11769.57
DP   2  08 06 1  F        11918.71
DP   2  08 07 0  F        12256.60
DP   2  08 07 1  F        12901.66
DP   2  08 08 0  F        13708.66
DP   2  08 08 1  F        14483.22
DP   2  08 09 0  F        15098.13
DP   2  08 09 1  F        15487.87
DP   2  08 10 0  F        15766.52
DP   2  08 10 1  F        16061.66
DP   2  08 11 0  F        16375.37
DP   2  08 11 1  F        16638.42
DP   2  08 12 0  F        16622.00
DP   2  08 12 1  F        16222.20
DP   2  08 13 0  F        15994.38
DP   2  08 13 1  F        16427.68
DP   2  08 14 0  F        17087.30
DP   2  08 14 1  F        17449.06
DP   2  08 15 0  F        17555.21
DP   2  08 15 1  F        17562.03
DP   2  08 16 0  F        17515.29
DP   2  08 16 1  F        17423.36
DP   2  08 17 0  F        17255.32
DP   2  08 17 1  F        16954.98
DP   2  08 18 0  F        16404.38
DP   2  08 18 1  F        15599.76
DP   2  08 19 0  F        15056.11
DP   2  08 19 1  F        15205.30
DP   2  08 20 0  F        15627.98
DP   2  08 20 1  F        15831.52
DP   2  08 21 0  F        15881.43
DP   2  08 21 1  F        15929.90
DP   2  08 22 0  F        15917.55
DP   2  08 22 1  F        15765.27
DP   2  08 23 0  F        15526.47
DP   2  08 23 1  F        15287.67
DP   3  08 00 0  F        13600.38
DP   3  08 00 1  F        13374.32
DP   3  08 01 0  F        13162.84
DP   3  08 01 1  F        12977.98
DP   3  08 02 0  F        12821.71
DP   3  08 02 1  F        12690.96
DP   3  08 03 0  F        12572.54
DP   3  08 03 1  F        12459.25
DP   3  08 04 0  F        12378.14
DP   3  08 04 1  F        12337.25
DP   3  08 05 0  F        12234.50
DP   3  08 05 1  F        11987.13
DP   3  08 06 0  F        11699.91
DP   3  08 06 1  F        11513.04
DP   3  08 07 0  F        11520.93
DP   3  08 07 1  F        11776.72
DP   3  08 08 0  F        12214.15
DP   3  08 08 1  F        12727.10
DP   3  08 09 0  F        13169.46
DP   3  08 09 1  F        13431.93
DP   3  08 10 0  F        13592.55
DP   3  08 10 1  F        13749.47
DP   3  08 11 0  F        13894.01
DP   3  08 11 1  F        13985.64
DP   3  08 12 0  F        13963.38
DP   3  08 12 1  F        13811.84
DP   3  08 13 0  F        13718.61
DP   3  08 13 1  F        13852.07
DP   3  08 14 0  F        14100.97
DP   3  08 14 1  F        14310.83
DP   3  08 15 0  F        14433.75
DP   3  08 15 1  F        14459.77
DP   3  08 16 0  F        14423.98
DP   3  08 16 1  F        14340.13
DP   3  08 17 0  F        14091.48
DP   3  08 17 1  F        13624.12
DP   3  08 18 0  F        13265.88
DP   3  08 18 1  F        13308.52
DP   3  08 19 0  F        13517.87
DP   3  08 19 1  F        13600.87
DP   3  08 20 0  F        13554.92
DP   3  08 20 1  F        13471.56
DP   3  08 21 0  F        13528.43
DP   3  08 21 1  F        13839.27
DP   3  08 22 0  F        14176.15
DP   3  08 22 1  F        14301.87
DP   3  08 23 0  F        14283.92
DP   3  08 23 1  F        14265.97
DP   4  08 00 0  F        7080.41
DP   4  08 00 1  F        7051.68
DP   4  08 01 0  F        7016.28
DP   4  08 01 1  F        6969.51
DP   4  08 02 0  F        6914.66
DP   4  08 02 1  F        6855.90
DP   4  08 03 0  F        6793.01
DP   4  08 03 1  F        6726.95
DP   4  08 04 0  F        6667.93
DP   4  08 04 1  F        6625.48
DP   4  08 05 0  F        6597.19
DP   4  08 05 1  F        6572.02
DP   4  08 06 0  F        6516.52
DP   4  08 06 1  F        6409.86
DP   4  08 07 0  F        6304.28
DP   4  08 07 1  F        6260.00
DP   4  08 08 0  F        6296.24
DP   4  08 08 1  F        6410.99
DP   4  08 09 0  F        6558.31
DP   4  08 09 1  F        6690.03
DP   4  08 10 0  F        6792.88
DP   4  08 10 1  F        6863.64
DP   4  08 11 0  F        6904.49
DP   4  08 11 1  F        6917.82
DP   4  08 12 0  F        6901.59
DP   4  08 12 1  F        6861.07
DP   4  08 13 0  F        6835.33
DP   4  08 13 1  F        6861.47
DP   4  08 14 0  F        6935.04
DP   4  08 14 1  F        7037.04
DP   4  08 15 0  F        7131.88
DP   4  08 15 1  F        7186.94
DP   4  08 16 0  F        7198.12
DP   4  08 16 1  F        7167.70
DP   4  08 17 0  F        7094.86
DP   4  08 17 1  F        6979.84
DP   4  08 18 0  F        6830.09
DP   4  08 18 1  F        6671.84
DP   4  08 19 0  F        6599.13
DP   4  08 19 1  F        6680.70
DP   4  08 20 0  F        6816.20
DP   4  08 20 1  F        6896.89
DP   4  08 21 0  F        6949.36
DP   4  08 21 1  F        7020.07
DP   4  08 22 0  F        7099.38
DP   4  08 22 1  F        7168.85
DP   4  08 23 0  F        7230.80
DP   4  08 23 1  F        7292.76
DP   1  09 00 0  F        45090.76
DP   1  09 00 1  F        43657.08
DP   1  09 01 0  F        42331.95
DP   1  09 01 1  F        41203.49
DP   1  09 02 0  F        40277.96
DP   1  09 02 1  F        39539.71
DP   1  09 03 0  F        38967.33
DP   1  09 03 1  F        38543.81
DP   1  09 04 0  F        38275.70
DP   1  09 04 1  F        38167.06
DP   1  09 05 0  F        38188.50
DP   1  09 05 1  F        38310.54
DP   1  09 06 0  F        38536.84
DP   1  09 06 1  F        38920.36
DP   1  09 07 0  F        39678.28
DP   1  09 07 1  F        40967.19
DP   1  09 08 0  F        42537.02
DP   1  09 08 1  F        44070.42
DP   1  09 09 0  F        45387.44
DP   1  09 09 1  F        46392.95
DP   1  09 10 0  F        47193.77
DP   1  09 10 1  F        47898.46
DP   1  09 11 0  F        48420.63
DP   1  09 11 1  F        48661.17
DP   1  09 12 0  F        48664.94
DP   1  09 12 1  F        48560.69
DP   1  09 13 0  F        48668.72
DP   1  09 13 1  F        49224.33
DP   1  09 14 0  F        49931.26
DP   1  09 14 1  F        50439.83
DP   1  09 15 0  F        50718.16
DP   1  09 15 1  F        50829.63
DP   1  09 16 0  F        50900.92
DP   1  09 16 1  F        50964.88
DP   1  09 17 0  F        50615.80
DP   1  09 17 1  F        49534.06
DP   1  09 18 0  F        48182.94
DP   1  09 18 1  F        47182.21
DP   1  09 19 0  F        46994.78
DP   1  09 19 1  F        47804.46
DP   1  09 20 0  F        48835.55
DP   1  09 20 1  F        49303.42
DP   1  09 21 0  F        49347.12
DP   1  09 21 1  F        49239.05
DP   1  09 22 0  F        48861.12
DP   1  09 22 1  F        48074.06
DP   1  09 23 0  F        47044.22
DP   1  09 23 1  F        46014.38
DP   2  09 00 0  F        15086.35
DP   2  09 00 1  F        14517.72
DP   2  09 01 0  F        14012.58
DP   2  09 01 1  F        13613.80
DP   2  09 02 0  F        13281.85
DP   2  09 02 1  F        12973.34
DP   2  09 03 0  F        12711.89
DP   2  09 03 1  F        12527.20
DP   2  09 04 0  F        12406.25
DP   2  09 04 1  F        12331.69
DP   2  09 05 0  F        12311.46
DP   2  09 05 1  F        12350.34
DP   2  09 06 0  F        12415.25
DP   2  09 06 1  F        12507.10
DP   2  09 07 0  F        12800.86
DP   2  09 07 1  F        13437.81
DP   2  09 08 0  F        14250.33
DP   2  09 08 1  F        15016.78
DP   2  09 09 0  F        15608.30
DP   2  09 09 1  F        15966.44
DP   2  09 10 0  F        16221.49
DP   2  09 10 1  F        16513.90
DP   2  09 11 0  F        16836.15
DP   2  09 11 1  F        17106.19
DP   2  09 12 0  F        17091.94
DP   2  09 12 1  F        16689.88
DP   2  09 13 0  F        16460.70
DP   2  09 13 1  F        16898.91
DP   2  09 14 0  F        17569.95
DP   2  09 14 1  F        17945.48
DP   2  09 15 0  F        18051.04
DP   2  09 15 1  F        18030.97
DP   2  09 16 0  F        17950.99
DP   2  09 16 1  F        17840.27
DP   2  09 17 0  F        17660.35
DP   2  09 17 1  F        17343.03
DP   2  09 18 0  F        16768.84
DP   2  09 18 1  F        15941.48
DP   2  09 19 0  F        15408.75
DP   2  09 19 1  F        15622.39
DP   2  09 20 0  F        16105.74
DP   2  09 20 1  F        16311.42
DP   2  09 21 0  F        16337.50
DP   2  09 21 1  F        16378.94
DP   2  09 22 0  F        16372.93
DP   2  09 22 1  F        16228.00
DP   2  09 23 0  F        15995.71
DP   2  09 23 1  F        15763.42
DP   3  09 00 0  F        14124.00
DP   3  09 00 1  F        13875.45
DP   3  09 01 0  F        13637.46
DP   3  09 01 1  F        13420.74
DP   3  09 02 0  F        13236.72
DP   3  09 02 1  F        13091.20
DP   3  09 03 0  F        12966.85
DP   3  09 03 1  F        12851.20
DP   3  09 04 0  F        12774.29
DP   3  09 04 1  F        12743.54
DP   3  09 05 0  F        12633.42
DP   3  09 05 1  F        12344.19
DP   3  09 06 0  F        12012.22
DP   3  09 06 1  F        11811.19
DP   3  09 07 0  F        11827.95
DP   3  09 07 1  F        12099.01
DP   3  09 08 0  F        12546.50
DP   3  09 08 1  F        13057.17
DP   3  09 09 0  F        13490.62
DP   3  09 09 1  F        13744.18
DP   3  09 10 0  F        13893.16
DP   3  09 10 1  F        14033.49
DP   3  09 11 0  F        14165.77
DP   3  09 11 1  F        14257.22
DP   3  09 12 0  F        14237.22
DP   3  09 12 1  F        14079.39
DP   3  09 13 0  F        13972.27
DP   3  09 13 1  F        14089.08
DP   3  09 14 0  F        14326.71
DP   3  09 14 1  F        14536.91
DP   3  09 15 0  F        14667.03
DP   3  09 15 1  F        14699.16
DP   3  09 16 0  F        14658.49
DP   3  09 16 1  F        14553.34
DP   3  09 17 0  F        14281.44
DP   3  09 17 1  F        13802.76
DP   3  09 18 0  F        13436.91
DP   3  09 18 1  F        13466.14
DP   3  09 19 0  F        13663.56
DP   3  09 19 1  F        13744.52
DP   3  09 20 0  F        13702.44
DP   3  09 20 1  F        13620.72
DP   3  09 21 0  F        13664.66
DP   3  09 21 1  F        13941.69
DP   3  09 22 0  F        14245.89
DP   3  09 22 1  F        14361.83
DP   3  09 23 0  F        14349.24
DP   3  09 23 1  F        14336.65
DP   4  09 00 0  F        7424.42
DP   4  09 00 1  F        7377.17
DP   4  09 01 0  F        7319.87
DP   4  09 01 1  F        7247.04
DP   4  09 02 0  F        7171.43
DP   4  09 02 1  F        7104.50
DP   4  09 03 0  F        7034.49
DP   4  09 03 1  F        6950.71
DP   4  09 04 0  F        6869.82
DP   4  09 04 1  F        6810.43
DP   4  09 05 0  F        6771.25
DP   4  09 05 1  F        6740.03
DP   4  09 06 0  F        6680.39
DP   4  09 06 1  F        6568.11
DP   4  09 07 0  F        6451.58
DP   4  09 07 1  F        6390.64
DP   4  09 08 0  F        6418.09
DP   4  09 08 1  F        6543.06
DP   4  09 09 0  F        6706.97
DP   4  09 09 1  F        6847.21
DP   4  09 10 0  F        6952.86
DP   4  09 10 1  F        7026.06
DP   4  09 11 0  F        7069.46
DP   4  09 11 1  F        7083.20
DP   4  09 12 0  F        7056.76
DP   4  09 12 1  F        6992.36
DP   4  09 13 0  F        6953.83
DP   4  09 13 1  F        6999.17
DP   4  09 14 0  F        7101.61
DP   4  09 14 1  F        7216.47
DP   4  09 15 0  F        7312.38
DP   4  09 15 1  F        7365.79
DP   4  09 16 0  F        7371.16
DP   4  09 16 1  F        7327.92
DP   4  09 17 0  F        7237.41
DP   4  09 17 1  F        7103.72
DP   4  09 18 0  F        6940.01
DP   4  09 18 1  F        6776.06
DP   4  09 19 0  F        6699.11
DP   4  09 19 1  F        6771.89
DP   4  09 20 0  F        6901.77
DP   4  09 20 1  F        6986.03
DP   4  09 21 0  F        7037.00
DP   4  09 21 1  F        7088.50
DP   4  09 22 0  F        7145.44
DP   4  09 22 1  F        7205.59
DP   4  09 23 0  F        7267.29
DP   4  09 23 1  F        7328.99
DP   1  10 00 0  F        44512.51
DP   1  10 00 1  F        43071.17
DP   1  10 01 0  F        41732.96
DP   1  10 01 1  F        40586.44
DP   1  10 02 0  F        39661.87
DP   1  10 02 1  F        38959.00
DP   1  10 03 0  F        38413.88
DP   1  10 03 1  F        37973.40
DP   1  10 04 0  F        37691.40
DP   1  10 04 1  F        37619.78
DP   1  10 05 0  F        37695.63
DP   1  10 05 1  F        37847.71
DP   1  10 06 0  F        38086.21
DP   1  10 06 1  F        38483.69
DP   1  10 07 0  F        39280.61
DP   1  10 07 1  F        40641.78
DP   1  10 08 0  F        42261.26
DP   1  10 08 1  F        43771.75
DP   1  10 09 0  F        45031.17
DP   1  10 09 1  F        45993.25
DP   1  10 10 0  F        46769.78
DP   1  10 10 1  F        47462.30
DP   1  10 11 0  F        47973.31
DP   1  10 11 1  F        48199.14
DP   1  10 12 0  F        48210.49
DP   1  10 12 1  F        48154.91
DP   1  10 13 0  F        48312.92
DP   1  10 13 1  F        48884.51
DP   1  10 14 0  F        49614.48
DP   1  10 14 1  F        50192.64
DP   1  10 15 0  F        50544.11
DP   1  10 15 1  F        50682.70
DP   1  10 16 0  F        50741.81
DP   1  10 16 1  F        50775.39
DP   1  10 17 0  F        50399.86
DP   1  10 17 1  F        49323.80
DP   1  10 18 0  F        48062.00
DP   1  10 18 1  F        47256.09
DP   1  10 19 0  F        47248.98
DP   1  10 19 1  F        48103.11
DP   1  10 20 0  F        49057.55
DP   1  10 20 1  F        49377.36
DP   1  10 21 0  F        49254.73
DP   1  10 21 1  F        49006.51
DP   1  10 22 0  F        48521.18
DP   1  10 22 1  F        47654.51
DP   1  10 23 0  F        46559.96
DP   1  10 23 1  F        45465.41
DP   2  10 00 0  F        14967.93
DP   2  10 00 1  F        14384.49
DP   2  10 01 0  F        13870.40
DP   2  10 01 1  F        13472.69
DP   2  10 02 0  F        13149.06
DP   2  10 02 1  F        12850.83
DP   2  10 03 0  F        12593.17
DP   2  10 03 1  F        12401.07
DP   2  10 04 0  F        12275.15
DP   2  10 04 1  F        12209.37
DP   2  10 05 0  F        12195.57
DP   2  10 05 1  F        12221.47
DP   2  10 06 0  F        12260.26
DP   2  10 06 1  F        12322.57
DP   2  10 07 0  F        12583.26
DP   2  10 07 1  F        13185.38
DP   2  10 08 0  F        13980.53
DP   2  10 08 1  F        14760.48
DP   2  10 09 0  F        15368.94
DP   2  10 09 1  F        15720.91
DP   2  10 10 0  F        15964.29
DP   2  10 10 1  F        16259.58
DP   2  10 11 0  F        16584.66
DP   2  10 11 1  F        16842.50
DP   2  10 12 0  F        16819.00
DP   2  10 12 1  F        16431.10
DP   2  10 13 0  F        16236.90
DP   2  10 13 1  F        16720.34
DP   2  10 14 0  F        17427.41
DP   2  10 14 1  F        17814.41
DP   2  10 15 0  F        17916.77
DP   2  10 15 1  F        17892.57
DP   2  10 16 0  F        17811.49
DP   2  10 16 1  F        17703.74
DP   2  10 17 0  F        17530.01
DP   2  10 17 1  F        17219.69
DP   2  10 18 0  F        16646.33
DP   2  10 18 1  F        15807.18
DP   2  10 19 0  F        15250.24
DP   2  10 19 1  F        15432.77
DP   2  10 20 0  F        15898.52
DP   2  10 20 1  F        16116.06
DP   2  10 21 0  F        16166.95
DP   2  10 21 1  F        16228.49
DP   2  10 22 0  F        16248.19
DP   2  10 22 1  F        16147.04
DP   2  10 23 0  F        15969.99
DP   2  10 23 1  F        15792.93
DP   3  10 00 0  F        13814.51
DP   3  10 00 1  F        13558.05
DP   3  10 01 0  F        13318.60
DP   3  10 01 1  F        13110.93
DP   3  10 02 0  F        12940.84
DP   3  10 02 1  F        12806.20
DP   3  10 03 0  F        12682.04
DP   3  10 03 1  F        12552.85
DP   3  10 04 0  F        12463.62
DP   3  10 04 1  F        12437.17
DP   3  10 05 0  F        12347.19
DP   3  10 05 1  F        12086.60
DP   3  10 06 0  F        11774.40
DP   3  10 06 1  F        11571.73
DP   3  10 07 0  F        11582.19
DP   3  10 07 1  F        11857.79
DP   3  10 08 0  F        12301.72
DP   3  10 08 1  F        12784.47
DP   3  10 09 0  F        13194.77
DP   3  10 09 1  F        13457.10
DP   3  10 10 0  F        13620.86
DP   3  10 10 1  F        13753.43
DP   3  10 11 0  F        13869.21
DP   3  10 11 1  F        13954.85
DP   3  10 12 0  F        13939.18
DP   3  10 12 1  F        13790.19
DP   3  10 13 0  F        13690.32
DP   3  10 13 1  F        13808.36
DP   3  10 14 0  F        14044.10
DP   3  10 14 1  F        14251.60
DP   3  10 15 0  F        14371.15
DP   3  10 15 1  F        14380.94
DP   3  10 16 0  F        14324.58
DP   3  10 16 1  F        14227.05
DP   3  10 17 0  F        13973.44
DP   3  10 17 1  F        13508.48
DP   3  10 18 0  F        13155.26
DP   3  10 18 1  F        13201.32
DP   3  10 19 0  F        13413.54
DP   3  10 19 1  F        13501.98
DP   3  10 20 0  F        13470.04
DP   3  10 20 1  F        13409.03
DP   3  10 21 0  F        13468.43
DP   3  10 21 1  F        13740.04
DP   3  10 22 0  F        14026.59
DP   3  10 22 1  F        14124.69
DP   3  10 23 0  F        14095.51
DP   3  10 23 1  F        14066.32
DP   4  10 00 0  F        7162.13
DP   4  10 00 1  F        7120.78
DP   4  10 01 0  F        7069.43
DP   4  10 01 1  F        7002.21
DP   4  10 02 0  F        6929.74
DP   4  10 02 1  F        6862.79
DP   4  10 03 0  F        6796.17
DP   4  10 03 1  F        6724.29
DP   4  10 04 0  F        6655.89
DP   4  10 04 1  F        6601.61
DP   4  10 05 0  F        6565.37
DP   4  10 05 1  F        6540.62
DP   4  10 06 0  F        6485.69
DP   4  10 06 1  F        6371.61
DP   4  10 07 0  F        6255.31
DP   4  10 07 1  F        6205.56
DP   4  10 08 0  F        6252.71
DP   4  10 08 1  F        6399.85
DP   4  10 09 0  F        6579.42
DP   4  10 09 1  F        6722.22
DP   4  10 10 0  F        6823.13
DP   4  10 10 1  F        6892.36
DP   4  10 11 0  F        6937.51
DP   4  10 11 1  F        6961.08
DP   4  10 12 0  F        6947.81
DP   4  10 12 1  F        6895.13
DP   4  10 13 0  F        6869.18
DP   4  10 13 1  F        6931.05
DP   4  10 14 0  F        7053.20
DP   4  10 14 1  F        7188.81
DP   4  10 15 0  F        7302.77
DP   4  10 15 1  F        7367.69
DP   4  10 16 0  F        7375.48
DP   4  10 16 1  F        7325.43
DP   4  10 17 0  F        7227.11
DP   4  10 17 1  F        7092.52
DP   4  10 18 0  F        6933.16
DP   4  10 18 1  F        6776.10
DP   4  10 19 0  F        6711.35
DP   4  10 19 1  F        6802.10
DP   4  10 20 0  F        6941.38
DP   4  10 20 1  F        7015.37
DP   4  10 21 0  F        7053.14
DP   4  10 21 1  F        7105.98
DP   4  10 22 0  F        7171.17
DP   4  10 22 1  F        7235.51
DP   4  10 23 0  F        7297.91
DP   4  10 23 1  F        7360.31
DP   1  11 00 0  F        44314.07
DP   1  11 00 1  F        42858.65
DP   1  11 01 0  F        41524.88
DP   1  11 01 1  F        40408.00
DP   1  11 02 0  F        39497.51
DP   1  11 02 1  F        38762.43
DP   1  11 03 0  F        38195.68
DP   1  11 03 1  F        37796.45
DP   1  11 04 0  F        37565.14
DP   1  11 04 1  F        37496.65
DP   1  11 05 0  F        37562.75
DP   1  11 05 1  F        37734.93
DP   1  11 06 0  F        38006.90
DP   1  11 06 1  F        38425.51
DP   1  11 07 0  F        39228.21
DP   1  11 07 1  F        40582.91
DP   1  11 08 0  F        42188.74
DP   1  11 08 1  F        43682.44
DP   1  11 09 0  F        44919.84
DP   1  11 09 1  F        45855.65
DP   1  11 10 0  F        46620.91
DP   1  11 10 1  F        47333.92
DP   1  11 11 0  F        47885.78
DP   1  11 11 1  F        48151.62
DP   1  11 12 0  F        48169.98
DP   1  11 12 1  F        48068.38
DP   1  11 13 0  F        48166.88
DP   1  11 13 1  F        48707.21
DP   1  11 14 0  F        49425.52
DP   1  11 14 1  F        49993.60
DP   1  11 15 0  F        50331.50
DP   1  11 15 1  F        50452.20
DP   1  11 16 0  F        50492.19
DP   1  11 16 1  F        50512.15
DP   1  11 17 0  F        50146.07
DP   1  11 17 1  F        49112.18
DP   1  11 18 0  F        47892.39
DP   1  11 18 1  F        47104.80
DP   1  11 19 0  F        47148.60
DP   1  11 19 1  F        48125.86
DP   1  11 20 0  F        49169.10
DP   1  11 20 1  F        49448.24
DP   1  11 21 0  F        49252.34
DP   1  11 21 1  F        49006.01
DP   1  11 22 0  F        48556.79
DP   1  11 22 1  F        47699.05
DP   1  11 23 0  F        46591.52
DP   1  11 23 1  F        45483.98
DP   2  11 00 0  F        14919.73
DP   2  11 00 1  F        14397.57
DP   2  11 01 0  F        13910.69
DP   2  11 01 1  F        13487.78
DP   2  11 02 0  F        13131.20
DP   2  11 02 1  F        12836.18
DP   2  11 03 0  F        12595.75
DP   2  11 03 1  F        12403.64
DP   2  11 04 0  F        12258.74
DP   2  11 04 1  F        12164.09
DP   2  11 05 0  F        12134.33
DP   2  11 05 1  F        12171.68
DP   2  11 06 0  F        12217.10
DP   2  11 06 1  F        12249.73
DP   2  11 07 0  F        12462.67
DP   2  11 07 1  F        13022.57
DP   2  11 08 0  F        13776.40
DP   2  11 08 1  F        14508.52
DP   2  11 09 0  F        15072.69
DP   2  11 09 1  F        15391.61
DP   2  11 10 0  F        15594.45
DP   2  11 10 1  F        15826.84
DP   2  11 11 0  F        16093.84
DP   2  11 11 1  F        16325.69
DP   2  11 12 0  F        16293.92
DP   2  11 12 1  F        15889.12
DP   2  11 13 0  F        15636.83
DP   2  11 13 1  F        16006.43
DP   2  11 14 0  F        16607.81
DP   2  11 14 1  F        16956.41
DP   2  11 15 0  F        17049.55
DP   2  11 15 1  F        17001.03
DP   2  11 16 0  F        16908.78
DP   2  11 16 1  F        16833.47
DP   2  11 17 0  F        16702.61
DP   2  11 17 1  F        16417.60
DP   2  11 18 0  F        15908.46
DP   2  11 18 1  F        15212.23
DP   2  11 19 0  F        14765.27
DP   2  11 19 1  F        14920.13
DP   2  11 20 0  F        15294.91
DP   2  11 20 1  F        15453.43
DP   2  11 21 0  F        15476.84
DP   2  11 21 1  F        15520.15
DP   2  11 22 0  F        15516.50
DP   2  11 22 1  F        15378.06
DP   2  11 23 0  F        15154.97
DP   2  11 23 1  F        14931.89
DP   3  11 00 0  F        13914.43
DP   3  11 00 1  F        13659.25
DP   3  11 01 0  F        13421.61
DP   3  11 01 1  F        13215.70
DP   3  11 02 0  F        13042.43
DP   3  11 02 1  F        12897.23
DP   3  11 03 0  F        12767.08
DP   3  11 03 1  F        12645.43
DP   3  11 04 0  F        12560.15
DP   3  11 04 1  F        12518.70
DP   3  11 05 0  F        12412.47
DP   3  11 05 1  F        12151.57
DP   3  11 06 0  F        11837.06
DP   3  11 06 1  F        11610.64
DP   3  11 07 0  F        11585.47
DP   3  11 07 1  F        11826.34
DP   3  11 08 0  F        12232.89
DP   3  11 08 1  F        12672.31
DP   3  11 09 0  F        13046.88
DP   3  11 09 1  F        13294.04
DP   3  11 10 0  F        13456.68
DP   3  11 10 1  F        13592.25
DP   3  11 11 0  F        13710.86
DP   3  11 11 1  F        13797.77
DP   3  11 12 0  F        13785.95
DP   3  11 12 1  F        13646.63
DP   3  11 13 0  F        13556.17
DP   3  11 13 1  F        13676.43
DP   3  11 14 0  F        13906.23
DP   3  11 14 1  F        14102.51
DP   3  11 15 0  F        14217.62
DP   3  11 15 1  F        14239.56
DP   3  11 16 0  F        14203.22
DP   3  11 16 1  F        14123.77
DP   3  11 17 0  F        13890.49
DP   3  11 17 1  F        13451.61
DP   3  11 18 0  F        13117.23
DP   3  11 18 1  F        13164.62
DP   3  11 19 0  F        13378.12
DP   3  11 19 1  F        13483.48
DP   3  11 20 0  F        13465.22
DP   3  11 20 1  F        13395.91
DP   3  11 21 0  F        13441.83
DP   3  11 21 1  F        13714.11
DP   3  11 22 0  F        14009.60
DP   3  11 22 1  F        14115.09
DP   3  11 23 0  F        14091.34
DP   3  11 23 1  F        14067.58
DP   4  11 00 0  F        7356.94
DP   4  11 00 1  F        7295.85
DP   4  11 01 0  F        7231.62
DP   4  11 01 1  F        7162.75
DP   4  11 02 0  F        7094.41
DP   4  11 02 1  F        7029.48
DP   4  11 03 0  F        6955.17
DP   4  11 03 1  F        6862.51
DP   4  11 04 0  F        6773.68
DP   4  11 04 1  F        6712.39
DP   4  11 05 0  F        6677.57
DP   4  11 05 1  F        6653.06
DP   4  11 06 0  F        6587.20
DP   4  11 06 1  F        6446.15
DP   4  11 07 0  F        6302.73
DP   4  11 07 1  F        6242.23
DP   4  11 08 0  F        6293.17
DP   4  11 08 1  F        6450.71
DP   4  11 09 0  F        6633.43
DP   4  11 09 1  F        6762.04
DP   4  11 10 0  F        6842.59
DP   4  11 10 1  F        6898.20
DP   4  11 11 0  F        6935.06
DP   4  11 11 1  F        6951.71
DP   4  11 12 0  F        6933.07
DP   4  11 12 1  F        6877.90
DP   4  11 13 0  F        6854.17
DP   4  11 13 1  F        6923.37
DP   4  11 14 0  F        7051.99
DP   4  11 14 1  F        7185.60
DP   4  11 15 0  F        7281.20
DP   4  11 15 1  F        7310.70
DP   4  11 16 0  F        7294.23
DP   4  11 16 1  F        7254.58
DP   4  11 17 0  F        7176.97
DP   4  11 17 1  F        7046.19
DP   4  11 18 0  F        6883.00
DP   4  11 18 1  F        6729.44
DP   4  11 19 0  F        6676.49
DP   4  11 19 1  F        6783.01
DP   4  11 20 0  F        6930.29
DP   4  11 20 1  F        6996.78
DP   4  11 21 0  F        7027.18
DP   4  11 21 1  F        7087.58
DP   4  11 22 0  F        7163.44
DP   4  11 22 1  F        7227.45
DP   4  11 23 0  F        7281.84
DP   4  11 23 1  F        7336.22
