&   CARGA
&
&   ss  di hi m df hf m Demanda
&X  XX  XX XX X XX XX X XXXXXXXXXX
DP   1  22 00 0  F        41063.17
DP   1  22 00 1  F        39919.62
DP   1  22 01 0  F        38898.28
DP   1  22 01 1  F        38084.38
DP   1  22 02 0  F        37415.18
DP   1  22 02 1  F        36817.48
DP   1  22 03 0  F        36324.31
DP   1  22 03 1  F        35985.98
DP   1  22 04 0  F        35815.62
DP   1  22 04 1  F        35815.51
DP   1  22 05 0  F        35981.78
DP   1  22 05 1  F        36310.56
DP   1  22 06 0  F        36804.35
DP   1  22 06 1  F        37495.47
DP   1  22 07 0  F        38529.21
DP   1  22 07 1  F        40002.45
DP   1  22 08 0  F        41705.40
DP   1  22 08 1  F        43370.95
DP   1  22 09 0  F        44809.26
DP   1  22 09 1  F        45900.35
DP   1  22 10 0  F        46726.47
DP   1  22 10 1  F        47393.90
DP   1  22 11 0  F        47902.97
DP   1  22 11 1  F        48216.25
DP   1  22 12 0  F        48251.37
DP   1  22 12 1  F        48013.19
DP   1  22 13 0  F        47900.65
DP   1  22 13 1  F        48256.24
DP   1  22 14 0  F        48802.83
DP   1  22 14 1  F        49183.32
DP   1  22 15 0  F        49340.41
DP   1  22 15 1  F        49314.14
DP   1  22 16 0  F        49234.22
DP   1  22 16 1  F        49152.34
DP   1  22 17 0  F        48718.68
DP   1  22 17 1  F        47661.00
DP   1  22 18 0  F        46419.11
DP   1  22 18 1  F        45592.92
DP   1  22 19 0  F        45710.73
DP   1  22 19 1  F        46965.97
DP   1  22 20 0  F        48284.17
DP   1  22 20 1  F        48631.08
DP   1  22 21 0  F        48401.21
DP   1  22 21 1  F        48158.90
DP   1  22 22 0  F        47719.03
DP   1  22 22 1  F        46818.72
DP   1  22 23 0  F        45633.39
DP   1  22 23 1  F        44448.06
DP   2  22 00 0  F        13345.97
DP   2  22 00 1  F        12933.59
DP   2  22 01 0  F        12569.34
DP   2  22 01 1  F        12285.98
DP   2  22 02 0  F        12054.99
DP   2  22 02 1  F        11846.33
DP   2  22 03 0  F        11685.12
DP   2  22 03 1  F        11596.67
DP   2  22 04 0  F        11551.68
DP   2  22 04 1  F        11528.13
DP   2  22 05 0  F        11587.72
DP   2  22 05 1  F        11782.50
DP   2  22 06 0  F        12042.22
DP   2  22 06 1  F        12318.20
DP   2  22 07 0  F        12770.24
DP   2  22 07 1  F        13528.93
DP   2  22 08 0  F        14399.51
DP   2  22 08 1  F        15141.05
DP   2  22 09 0  F        15653.13
DP   2  22 09 1  F        15918.42
DP   2  22 10 0  F        16111.23
DP   2  22 10 1  F        16398.28
DP   2  22 11 0  F        16724.08
DP   2  22 11 1  F        16955.26
DP   2  22 12 0  F        16869.17
DP   2  22 12 1  F        16379.37
DP   2  22 13 0  F        16033.63
DP   2  22 13 1  F        16318.24
DP   2  22 14 0  F        16839.16
DP   2  22 14 1  F        17112.53
DP   2  22 15 0  F        17175.55
DP   2  22 15 1  F        17174.16
DP   2  22 16 0  F        17168.30
DP   2  22 16 1  F        17172.08
DP   2  22 17 0  F        17102.35
DP   2  22 17 1  F        16862.33
DP   2  22 18 0  F        16397.97
DP   2  22 18 1  F        15760.21
DP   2  22 19 0  F        15377.01
DP   2  22 19 1  F        15587.13
DP   2  22 20 0  F        15995.39
DP   2  22 20 1  F        16151.80
DP   2  22 21 0  F        16121.11
DP   2  22 21 1  F        16048.68
DP   2  22 22 0  F        15887.71
DP   2  22 22 1  F        15574.39
DP   2  22 23 0  F        15169.37
DP   2  22 23 1  F        14764.34
DP   3  22 00 0  F        13436.83
DP   3  22 00 1  F        13201.00
DP   3  22 01 0  F        12975.94
DP   3  22 01 1  F        12774.17
DP   3  22 02 0  F        12615.11
DP   3  22 02 1  F        12507.71
DP   3  22 03 0  F        12412.08
DP   3  22 03 1  F        12295.38
DP   3  22 04 0  F        12201.84
DP   3  22 04 1  F        12161.17
DP   3  22 05 0  F        12067.90
DP   3  22 05 1  F        11830.08
DP   3  22 06 0  F        11545.01
DP   3  22 06 1  F        11352.24
DP   3  22 07 0  F        11371.08
DP   3  22 07 1  F        11674.11
DP   3  22 08 0  F        12167.10
DP   3  22 08 1  F        12710.96
DP   3  22 09 0  F        13153.91
DP   3  22 09 1  F        13392.38
DP   3  22 10 0  F        13528.38
DP   3  22 10 1  F        13679.02
DP   3  22 11 0  F        13816.46
DP   3  22 11 1  F        13880.77
DP   3  22 12 0  F        13828.94
DP   3  22 12 1  F        13666.43
DP   3  22 13 0  F        13575.61
DP   3  22 13 1  F        13713.30
DP   3  22 14 0  F        13956.96
DP   3  22 14 1  F        14145.42
DP   3  22 15 0  F        14242.25
DP   3  22 15 1  F        14250.02
DP   3  22 16 0  F        14202.64
DP   3  22 16 1  F        14109.48
DP   3  22 17 0  F        13850.57
DP   3  22 17 1  F        13374.60
DP   3  22 18 0  F        13034.39
DP   3  22 18 1  F        13136.08
DP   3  22 19 0  F        13395.07
DP   3  22 19 1  F        13471.80
DP   3  22 20 0  F        13397.44
DP   3  22 20 1  F        13305.27
DP   3  22 21 0  F        13366.28
DP   3  22 21 1  F        13677.49
DP   3  22 22 0  F        14002.56
DP   3  22 22 1  F        14100.60
DP   3  22 23 0  F        14045.72
DP   3  22 23 1  F        13990.85
DP   4  22 00 0  F        7344.60
DP   4  22 00 1  F        7300.25
DP   4  22 01 0  F        7246.47
DP   4  22 01 1  F        7179.54
DP   4  22 02 0  F        7118.55
DP   4  22 02 1  F        7078.89
DP   4  22 03 0  F        7038.35
DP   4  22 03 1  F        6973.61
DP   4  22 04 0  F        6894.59
DP   4  22 04 1  F        6820.65
DP   4  22 05 0  F        6775.70
DP   4  22 05 1  F        6768.56
DP   4  22 06 0  F        6743.04
DP   4  22 06 1  F        6651.07
DP   4  22 07 0  F        6542.14
DP   4  22 07 1  F        6483.76
DP   4  22 08 0  F        6518.11
DP   4  22 08 1  F        6660.97
DP   4  22 09 0  F        6848.03
DP   4  22 09 1  F        7011.21
DP   4  22 10 0  F        7147.54
DP   4  22 10 1  F        7265.04
DP   4  22 11 0  F        7350.68
DP   4  22 11 1  F        7390.75
DP   4  22 12 0  F        7390.07
DP   4  22 12 1  F        7364.31
DP   4  22 13 0  F        7354.19
DP   4  22 13 1  F        7396.55
DP   4  22 14 0  F        7487.41
DP   4  22 14 1  F        7606.32
DP   4  22 15 0  F        7707.49
DP   4  22 15 1  F        7751.75
DP   4  22 16 0  F        7751.63
DP   4  22 16 1  F        7723.71
DP   4  22 17 0  F        7648.91
DP   4  22 17 1  F        7506.54
DP   4  22 18 0  F        7305.08
DP   4  22 18 1  F        7081.32
DP   4  22 19 0  F        6956.16
DP   4  22 19 1  F        7020.59
DP   4  22 20 0  F        7161.99
DP   4  22 20 1  F        7252.21
DP   4  22 21 0  F        7304.72
DP   4  22 21 1  F        7359.69
DP   4  22 22 0  F        7422.39
DP   4  22 22 1  F        7489.60
DP   4  22 23 0  F        7558.97
DP   4  22 23 1  F        7628.34
