&   CARGA
&
&   ss  di hi m df hf m Demanda
&X  XX  XX XX X XX XX X XXXXXXXXXX
DP   1  20 00 0  F        47278.86
DP   1  20 00 1  F        46074.75
DP   1  20 01 0  F        44929.74
DP   1  20 01 1  F        43892.48
DP   1  20 02 0  F        42969.80
DP   1  20 02 1  F        42163.59
DP   1  20 03 0  F        41497.92
DP   1  20 03 1  F        40994.04
DP   1  20 04 0  F        40639.75
DP   1  20 04 1  F        40406.53
DP   1  20 05 0  F        40233.96
DP   1  20 05 1  F        40056.53
DP   1  20 06 0  F        39820.25
DP   1  20 06 1  F        39552.65
DP   1  20 07 0  F        39595.97
DP   1  20 07 1  F        40246.83
DP   1  20 08 0  F        41304.88
DP   1  20 08 1  F        42471.00
DP   1  20 09 0  F        43548.05
DP   1  20 09 1  F        44404.99
DP   1  20 10 0  F        45073.34
DP   1  20 10 1  F        45603.21
DP   1  20 11 0  F        45956.41
DP   1  20 11 1  F        46101.87
DP   1  20 12 0  F        46125.35
DP   1  20 12 1  F        46126.60
DP   1  20 13 0  F        46144.74
DP   1  20 13 1  F        46191.82
DP   1  20 14 0  F        46232.37
DP   1  20 14 1  F        46227.95
DP   1  20 15 0  F        46175.80
DP   1  20 15 1  F        46086.74
DP   1  20 16 0  F        45990.21
DP   1  20 16 1  F        45897.75
DP   1  20 17 0  F        45730.66
DP   1  20 17 1  F        45440.89
DP   1  20 18 0  F        45193.31
DP   1  20 18 1  F        45218.67
DP   1  20 19 0  F        45798.36
DP   1  20 19 1  F        47017.77
DP   1  20 20 0  F        48127.55
DP   1  20 20 1  F        48411.17
DP   1  20 21 0  F        48118.11
DP   1  20 21 1  F        47646.32
DP   1  20 22 0  F        47021.53
DP   1  20 22 1  F        46206.02
DP   1  20 23 0  F        45280.37
DP   1  20 23 1  F        44354.71
DP   2  20 00 0  F        15244.33
DP   2  20 00 1  F        14733.52
DP   2  20 01 0  F        14261.25
DP   2  20 01 1  F        13857.36
DP   2  20 02 0  F        13516.72
DP   2  20 02 1  F        13226.75
DP   2  20 03 0  F        12979.74
DP   2  20 03 1  F        12772.77
DP   2  20 04 0  F        12617.24
DP   2  20 04 1  F        12527.90
DP   2  20 05 0  F        12518.86
DP   2  20 05 1  F        12584.18
DP   2  20 06 0  F        12638.60
DP   2  20 06 1  F        12637.23
DP   2  20 07 0  F        12776.06
DP   2  20 07 1  F        13231.86
DP   2  20 08 0  F        13863.79
DP   2  20 08 1  F        14469.55
DP   2  20 09 0  F        14918.51
DP   2  20 09 1  F        15148.77
DP   2  20 10 0  F        15301.44
DP   2  20 10 1  F        15522.68
DP   2  20 11 0  F        15775.92
DP   2  20 11 1  F        15966.80
DP   2  20 12 0  F        15952.79
DP   2  20 12 1  F        15673.90
DP   2  20 13 0  F        15448.53
DP   2  20 13 1  F        15565.58
DP   2  20 14 0  F        15817.36
DP   2  20 14 1  F        15936.58
DP   2  20 15 0  F        15914.23
DP   2  20 15 1  F        15809.98
DP   2  20 16 0  F        15699.93
DP   2  20 16 1  F        15642.91
DP   2  20 17 0  F        15611.95
DP   2  20 17 1  F        15551.15
DP   2  20 18 0  F        15374.55
DP   2  20 18 1  F        15065.25
DP   2  20 19 0  F        14912.60
DP   2  20 19 1  F        15153.36
DP   2  20 20 0  F        15507.86
DP   2  20 20 1  F        15651.43
DP   2  20 21 0  F        15596.11
DP   2  20 21 1  F        15424.19
DP   2  20 22 0  F        15162.53
DP   2  20 22 1  F        14828.31
DP   2  20 23 0  F        14455.69
DP   2  20 23 1  F        14083.07
DP   3  20 00 0  F        13906.81
DP   3  20 00 1  F        13687.81
DP   3  20 01 0  F        13472.69
DP   3  20 01 1  F        13268.84
DP   3  20 02 0  F        13097.62
DP   3  20 02 1  F        12972.07
DP   3  20 03 0  F        12857.75
DP   3  20 03 1  F        12726.16
DP   3  20 04 0  F        12620.07
DP   3  20 04 1  F        12565.23
DP   3  20 05 0  F        12448.11
DP   3  20 05 1  F        12167.01
DP   3  20 06 0  F        11806.81
DP   3  20 06 1  F        11494.40
DP   3  20 07 0  F        11337.99
DP   3  20 07 1  F        11403.71
DP   3  20 08 0  F        11607.96
DP   3  20 08 1  F        11840.64
DP   3  20 09 0  F        12035.42
DP   3  20 09 1  F        12154.75
DP   3  20 10 0  F        12232.35
DP   3  20 10 1  F        12309.81
DP   3  20 11 0  F        12388.92
DP   3  20 11 1  F        12455.17
DP   3  20 12 0  F        12468.80
DP   3  20 12 1  F        12408.76
DP   3  20 13 0  F        12354.14
DP   3  20 13 1  F        12379.86
DP   3  20 14 0  F        12444.12
DP   3  20 14 1  F        12488.71
DP   3  20 15 0  F        12506.58
DP   3  20 15 1  F        12502.43
DP   3  20 16 0  F        12476.63
DP   3  20 16 1  F        12424.19
DP   3  20 17 0  F        12323.00
DP   3  20 17 1  F        12198.04
DP   3  20 18 0  F        12280.00
DP   3  20 18 1  F        12732.74
DP   3  20 19 0  F        13247.17
DP   3  20 19 1  F        13492.23
DP   3  20 20 0  F        13521.86
DP   3  20 20 1  F        13475.36
DP   3  20 21 0  F        13448.26
DP   3  20 21 1  F        13496.14
DP   3  20 22 0  F        13558.38
DP   3  20 22 1  F        13566.55
DP   3  20 23 0  F        13537.07
DP   3  20 23 1  F        13507.60
DP   4  20 00 0  F        7581.34
DP   4  20 00 1  F        7536.18
DP   4  20 01 0  F        7480.37
DP   4  20 01 1  F        7408.94
DP   4  20 02 0  F        7339.66
DP   4  20 02 1  F        7287.65
DP   4  20 03 0  F        7234.81
DP   4  20 03 1  F        7161.86
DP   4  20 04 0  F        7077.92
DP   4  20 04 1  F        6999.37
DP   4  20 05 0  F        6943.19
DP   4  20 05 1  F        6914.07
DP   4  20 06 0  F        6866.85
DP   4  20 06 1  F        6763.06
DP   4  20 07 0  F        6640.83
DP   4  20 07 1  F        6550.57
DP   4  20 08 0  F        6515.19
DP   4  20 08 1  F        6543.60
DP   4  20 09 0  F        6616.18
DP   4  20 09 1  F        6708.11
DP   4  20 10 0  F        6802.43
DP   4  20 10 1  F        6884.43
DP   4  20 11 0  F        6940.46
DP   4  20 11 1  F        6961.19
DP   4  20 12 0  F        6953.45
DP   4  20 12 1  F        6930.38
DP   4  20 13 0  F        6914.26
DP   4  20 13 1  F        6925.04
DP   4  20 14 0  F        6964.28
DP   4  20 14 1  F        7024.14
DP   4  20 15 0  F        7077.66
DP   4  20 15 1  F        7100.74
DP   4  20 16 0  F        7099.85
DP   4  20 16 1  F        7084.41
DP   4  20 17 0  F        7045.10
DP   4  20 17 1  F        6975.89
DP   4  20 18 0  F        6902.65
DP   4  20 18 1  F        6861.90
DP   4  20 19 0  F        6900.76
DP   4  20 19 1  F        7040.28
DP   4  20 20 0  F        7186.70
DP   4  20 20 1  F        7248.18
DP   4  20 21 0  F        7255.46
DP   4  20 21 1  F        7260.45
DP   4  20 22 0  F        7277.43
DP   4  20 22 1  F        7309.01
DP   4  20 23 0  F        7349.00
DP   4  20 23 1  F        7388.99
