&   CARGA
&
&   ss  di hi m df hf m Demanda
&X  XX  XX XX X XX XX X XXXXXXXXXX
DP   1  21 00 0  F        43167.76
DP   1  21 00 1  F        42009.64
DP   1  21 01 0  F        40947.23
DP   1  21 01 1  F        40045.62
DP   1  21 02 0  F        39247.24
DP   1  21 02 1  F        38492.14
DP   1  21 03 0  F        37833.36
DP   1  21 03 1  F        37331.19
DP   1  21 04 0  F        36961.95
DP   1  21 04 1  F        36676.73
DP   1  21 05 0  F        36409.67
DP   1  21 05 1  F        36090.75
DP   1  21 06 0  F        35650.14
DP   1  21 06 1  F        35090.22
DP   1  21 07 0  F        34701.91
DP   1  21 07 1  F        34758.53
DP   1  21 08 0  F        35174.53
DP   1  21 08 1  F        35777.79
DP   1  21 09 0  F        36408.83
DP   1  21 09 1  F        36943.35
DP   1  21 10 0  F        37385.05
DP   1  21 10 1  F        37772.72
DP   1  21 11 0  F        38157.61
DP   1  21 11 1  F        38560.71
DP   1  21 12 0  F        38869.77
DP   1  21 12 1  F        38982.59
DP   1  21 13 0  F        38970.33
DP   1  21 13 1  F        38929.01
DP   1  21 14 0  F        38880.60
DP   1  21 14 1  F        38827.28
DP   1  21 15 0  F        38766.02
DP   1  21 15 1  F        38714.39
DP   1  21 16 0  F        38777.45
DP   1  21 16 1  F        39040.31
DP   1  21 17 0  F        39420.65
DP   1  21 17 1  F        39812.92
DP   1  21 18 0  F        40186.06
DP   1  21 18 1  F        40608.35
DP   1  21 19 0  F        41471.08
DP   1  21 19 1  F        42991.81
DP   1  21 20 0  F        44370.26
DP   1  21 20 1  F        44829.52
DP   1  21 21 0  F        44704.08
DP   1  21 21 1  F        44482.17
DP   1  21 22 0  F        44155.63
DP   1  21 22 1  F        43634.00
DP   1  21 23 0  F        42993.94
DP   1  21 23 1  F        42353.87
DP   2  21 00 0  F        13715.55
DP   2  21 00 1  F        13229.61
DP   2  21 01 0  F        12787.87
DP   2  21 01 1  F        12423.11
DP   2  21 02 0  F        12122.43
DP   2  21 02 1  F        11865.02
DP   2  21 03 0  F        11644.03
DP   2  21 03 1  F        11459.81
DP   2  21 04 0  F        11327.31
DP   2  21 04 1  F        11258.95
DP   2  21 05 0  F        11242.37
DP   2  21 05 1  F        11251.79
DP   2  21 06 0  F        11232.56
DP   2  21 06 1  F        11167.78
DP   2  21 07 0  F        11220.56
DP   2  21 07 1  F        11532.57
DP   2  21 08 0  F        11979.64
DP   2  21 08 1  F        12394.84
DP   2  21 09 0  F        12706.03
DP   2  21 09 1  F        12894.66
DP   2  21 10 0  F        13061.83
DP   2  21 10 1  F        13303.29
DP   2  21 11 0  F        13573.99
DP   2  21 11 1  F        13787.72
DP   2  21 12 0  F        13834.48
DP   2  21 12 1  F        13666.44
DP   2  21 13 0  F        13508.15
DP   2  21 13 1  F        13567.82
DP   2  21 14 0  F        13715.90
DP   2  21 14 1  F        13784.62
DP   2  21 15 0  F        13791.18
DP   2  21 15 1  F        13790.38
DP   2  21 16 0  F        13802.37
DP   2  21 16 1  F        13838.02
DP   2  21 17 0  F        13905.83
DP   2  21 17 1  F        13991.62
DP   2  21 18 0  F        13992.96
DP   2  21 18 1  F        13864.89
DP   2  21 19 0  F        13880.42
DP   2  21 19 1  F        14264.22
DP   2  21 20 0  F        14729.41
DP   2  21 20 1  F        14948.01
DP   2  21 21 0  F        14939.05
DP   2  21 21 1  F        14796.84
DP   2  21 22 0  F        14569.66
DP   2  21 22 1  F        14292.19
DP   2  21 23 0  F        13990.64
DP   2  21 23 1  F        13689.09
DP   3  21 00 0  F        13544.60
DP   3  21 00 1  F        13331.24
DP   3  21 01 0  F        13127.44
DP   3  21 01 1  F        12943.13
DP   3  21 02 0  F        12789.78
DP   3  21 02 1  F        12670.94
DP   3  21 03 0  F        12557.03
DP   3  21 03 1  F        12425.54
DP   3  21 04 0  F        12315.40
DP   3  21 04 1  F        12248.06
DP   3  21 05 0  F        12113.69
DP   3  21 05 1  F        11814.18
DP   3  21 06 0  F        11429.66
DP   3  21 06 1  F        11077.73
DP   3  21 07 0  F        10847.69
DP   3  21 07 1  F        10792.83
DP   3  21 08 0  F        10850.67
DP   3  21 08 1  F        10938.13
DP   3  21 09 0  F        11005.55
DP   3  21 09 1  F        11027.14
DP   3  21 10 0  F        11039.20
DP   3  21 10 1  F        11081.83
DP   3  21 11 0  F        11148.32
DP   3  21 11 1  F        11219.07
DP   3  21 12 0  F        11269.95
DP   3  21 12 1  F        11286.04
DP   3  21 13 0  F        11293.98
DP   3  21 13 1  F        11322.00
DP   3  21 14 0  F        11363.15
DP   3  21 14 1  F        11402.16
DP   3  21 15 0  F        11425.73
DP   3  21 15 1  F        11426.72
DP   3  21 16 0  F        11420.39
DP   3  21 16 1  F        11416.90
DP   3  21 17 0  F        11383.50
DP   3  21 17 1  F        11334.02
DP   3  21 18 0  F        11511.65
DP   3  21 18 1  F        12085.86
DP   3  21 19 0  F        12701.70
DP   3  21 19 1  F        12990.71
DP   3  21 20 0  F        13054.52
DP   3  21 20 1  F        13080.09
DP   3  21 21 0  F        13125.59
DP   3  21 21 1  F        13203.77
DP   3  21 22 0  F        13274.39
DP   3  21 22 1  F        13297.99
DP   3  21 23 0  F        13291.09
DP   3  21 23 1  F        13284.19
DP   4  21 00 0  F        7490.84
DP   4  21 00 1  F        7467.97
DP   4  21 01 0  F        7426.26
DP   4  21 01 1  F        7356.21
DP   4  21 02 0  F        7285.66
DP   4  21 02 1  F        7239.55
DP   4  21 03 0  F        7193.80
DP   4  21 03 1  F        7122.45
DP   4  21 04 0  F        7041.25
DP   4  21 04 1  F        6973.20
DP   4  21 05 0  F        6928.79
DP   4  21 05 1  F        6905.28
DP   4  21 06 0  F        6859.64
DP   4  21 06 1  F        6755.20
DP   4  21 07 0  F        6621.09
DP   4  21 07 1  F        6499.00
DP   4  21 08 0  F        6414.99
DP   4  21 08 1  F        6385.29
DP   4  21 09 0  F        6402.23
DP   4  21 09 1  F        6450.35
DP   4  21 10 0  F        6506.95
DP   4  21 10 1  F        6552.83
DP   4  21 11 0  F        6589.88
DP   4  21 11 1  F        6621.07
DP   4  21 12 0  F        6632.21
DP   4  21 12 1  F        6615.02
DP   4  21 13 0  F        6601.71
DP   4  21 13 1  F        6624.46
DP   4  21 14 0  F        6674.69
DP   4  21 14 1  F        6734.30
DP   4  21 15 0  F        6787.75
DP   4  21 15 1  F        6824.51
DP   4  21 16 0  F        6851.71
DP   4  21 16 1  F        6874.82
DP   4  21 17 0  F        6874.86
DP   4  21 17 1  F        6837.91
DP   4  21 18 0  F        6794.58
DP   4  21 18 1  F        6785.56
DP   4  21 19 0  F        6847.36
DP   4  21 19 1  F        6992.21
DP   4  21 20 0  F        7139.36
DP   4  21 20 1  F        7211.40
DP   4  21 21 0  F        7237.29
DP   4  21 21 1  F        7263.62
DP   4  21 22 0  F        7301.28
DP   4  21 22 1  F        7350.76
DP   4  21 23 0  F        7406.86
DP   4  21 23 1  F        7462.97
