&   CARGA
&
&   ss  di hi m df hf m Demanda
&X  XX  XX XX X XX XX X XXXXXXXXXX
DP   1  24 00 0  F        42560.07
DP   1  24 00 1  F        41017.90
DP   1  24 01 0  F        39639.51
DP   1  24 01 1  F        38549.14
DP   1  24 02 0  F        37712.92
DP   1  24 02 1  F        37061.09
DP   1  24 03 0  F        36538.45
DP   1  24 03 1  F        36119.80
DP   1  24 04 0  F        35885.48
DP   1  24 04 1  F        35903.81
DP   1  24 05 0  F        36089.62
DP   1  24 05 1  F        36351.97
DP   1  24 06 0  F        36730.34
DP   1  24 06 1  F        37322.09
DP   1  24 07 0  F        38325.56
DP   1  24 07 1  F        39851.87
DP   1  24 08 0  F        41562.23
DP   1  24 08 1  F        43077.54
DP   1  24 09 0  F        44307.52
DP   1  24 09 1  F        45254.89
DP   1  24 10 0  F        46005.91
DP   1  24 10 1  F        46638.39
DP   1  24 11 0  F        47113.19
DP   1  24 11 1  F        47365.42
DP   1  24 12 0  F        47344.37
DP   1  24 12 1  F        47095.45
DP   1  24 13 0  F        47034.47
DP   1  24 13 1  F        47499.32
DP   1  24 14 0  F        48145.92
DP   1  24 14 1  F        48561.25
DP   1  24 15 0  F        48738.64
DP   1  24 15 1  F        48775.94
DP   1  24 16 0  F        48782.81
DP   1  24 16 1  F        48774.49
DP   1  24 17 0  F        48376.57
DP   1  24 17 1  F        47319.36
DP   1  24 18 0  F        46141.56
DP   1  24 18 1  F        45507.24
DP   1  24 19 0  F        45773.60
DP   1  24 19 1  F        46970.89
DP   1  24 20 0  F        48128.36
DP   1  24 20 1  F        48339.52
DP   1  24 21 0  F        47955.68
DP   1  24 21 1  F        47485.86
DP   1  24 22 0  F        46812.04
DP   1  24 22 1  F        45745.14
DP   1  24 23 0  F        44438.85
DP   1  24 23 1  F        43132.56
DP   2  24 00 0  F        14459.34
DP   2  24 00 1  F        13819.84
DP   2  24 01 0  F        13273.55
DP   2  24 01 1  F        12883.02
DP   2  24 02 0  F        12588.03
DP   2  24 02 1  F        12320.61
DP   2  24 03 0  F        12104.59
DP   2  24 03 1  F        11972.28
DP   2  24 04 0  F        11898.10
DP   2  24 04 1  F        11860.01
DP   2  24 05 0  F        11908.04
DP   2  24 05 1  F        12084.09
DP   2  24 06 0  F        12325.48
DP   2  24 06 1  F        12591.76
DP   2  24 07 0  F        13035.81
DP   2  24 07 1  F        13778.63
DP   2  24 08 0  F        14620.45
DP   2  24 08 1  F        15318.93
DP   2  24 09 0  F        15782.34
DP   2  24 09 1  F        16003.17
DP   2  24 10 0  F        16160.00
DP   2  24 10 1  F        16421.06
DP   2  24 11 0  F        16726.92
DP   2  24 11 1  F        16940.21
DP   2  24 12 0  F        16839.44
DP   2  24 12 1  F        16337.90
DP   2  24 13 0  F        15972.06
DP   2  24 13 1  F        16220.50
DP   2  24 14 0  F        16707.05
DP   2  24 14 1  F        16967.91
DP   2  24 15 0  F        17043.33
DP   2  24 15 1  F        17073.32
DP   2  24 16 0  F        17092.84
DP   2  24 16 1  F        17096.48
DP   2  24 17 0  F        17022.28
DP   2  24 17 1  F        16803.81
DP   2  24 18 0  F        16413.16
DP   2  24 18 1  F        15899.39
DP   2  24 19 0  F        15580.79
DP   2  24 19 1  F        15704.74
DP   2  24 20 0  F        15965.67
DP   2  24 20 1  F        16020.25
DP   2  24 21 0  F        15927.09
DP   2  24 21 1  F        15803.90
DP   2  24 22 0  F        15602.99
DP   2  24 22 1  F        15264.06
DP   2  24 23 0  F        14841.74
DP   2  24 23 1  F        14419.43
DP   3  24 00 0  F        13776.73
DP   3  24 00 1  F        13499.89
DP   3  24 01 0  F        13252.61
DP   3  24 01 1  F        13055.85
DP   3  24 02 0  F        12896.11
DP   3  24 02 1  F        12754.78
DP   3  24 03 0  F        12627.15
DP   3  24 03 1  F        12516.45
DP   3  24 04 0  F        12443.67
DP   3  24 04 1  F        12407.76
DP   3  24 05 0  F        12301.91
DP   3  24 05 1  F        12041.36
DP   3  24 06 0  F        11735.45
DP   3  24 06 1  F        11532.04
DP   3  24 07 0  F        11539.20
DP   3  24 07 1  F        11816.90
DP   3  24 08 0  F        12272.72
DP   3  24 08 1  F        12776.55
DP   3  24 09 0  F        13199.97
DP   3  24 09 1  F        13453.05
DP   3  24 10 0  F        13598.28
DP   3  24 10 1  F        13718.38
DP   3  24 11 0  F        13824.74
DP   3  24 11 1  F        13898.95
DP   3  24 12 0  F        13874.65
DP   3  24 12 1  F        13723.34
DP   3  24 13 0  F        13615.89
DP   3  24 13 1  F        13710.97
DP   3  24 14 0  F        13919.11
DP   3  24 14 1  F        14107.21
DP   3  24 15 0  F        14215.61
DP   3  24 15 1  F        14218.72
DP   3  24 16 0  F        14153.67
DP   3  24 16 1  F        14042.15
DP   3  24 17 0  F        13781.46
DP   3  24 17 1  F        13329.27
DP   3  24 18 0  F        13009.10
DP   3  24 18 1  F        13100.06
DP   3  24 19 0  F        13337.79
DP   3  24 19 1  F        13408.69
DP   3  24 20 0  F        13345.85
DP   3  24 20 1  F        13273.48
DP   3  24 21 0  F        13333.80
DP   3  24 21 1  F        13603.63
DP   3  24 22 0  F        13880.15
DP   3  24 22 1  F        13958.28
DP   3  24 23 0  F        13903.40
DP   3  24 23 1  F        13848.53
DP   4  24 00 0  F        7676.98
DP   4  24 00 1  F        7624.63
DP   4  24 01 0  F        7557.51
DP   4  24 01 1  F        7468.62
DP   4  24 02 0  F        7381.98
DP   4  24 02 1  F        7318.41
DP   4  24 03 0  F        7254.82
DP   4  24 03 1  F        7167.84
DP   4  24 04 0  F        7076.89
DP   4  24 04 1  F        7006.92
DP   4  24 05 0  F        6962.24
DP   4  24 05 1  F        6933.73
DP   4  24 06 0  F        6879.17
DP   4  24 06 1  F        6766.59
DP   4  24 07 0  F        6638.00
DP   4  24 07 1  F        6553.70
DP   4  24 08 0  F        6572.95
DP   4  24 08 1  F        6727.12
DP   4  24 09 0  F        6936.98
DP   4  24 09 1  F        7115.34
DP   4  24 10 0  F        7253.88
DP   4  24 10 1  F        7362.80
DP   4  24 11 0  F        7447.53
DP   4  24 11 1  F        7507.61
DP   4  24 12 0  F        7523.81
DP   4  24 12 1  F        7490.59
DP   4  24 13 0  F        7475.99
DP   4  24 13 1  F        7544.04
DP   4  24 14 0  F        7669.13
DP   4  24 14 1  F        7804.81
DP   4  24 15 0  F        7911.10
DP   4  24 15 1  F        7958.93
DP   4  24 16 0  F        7956.51
DP   4  24 16 1  F        7915.58
DP   4  24 17 0  F        7824.70
DP   4  24 17 1  F        7675.05
DP   4  24 18 0  F        7491.39
DP   4  24 18 1  F        7317.65
DP   4  24 19 0  F        7240.84
DP   4  24 19 1  F        7319.16
DP   4  24 20 0  F        7452.37
DP   4  24 20 1  F        7531.40
DP   4  24 21 0  F        7570.34
DP   4  24 21 1  F        7606.87
DP   4  24 22 0  F        7649.80
DP   4  24 22 1  F        7699.82
DP   4  24 23 0  F        7753.84
DP   4  24 23 1  F        7807.87
