&   CARGA
&
&   ss  di hi m df hf m Demanda
&X  XX  XX XX X XX XX X XXXXXXXXXX
DP   1  18 00 0  F        49189.15
DP   1  18 00 1  F        47806.24
DP   1  18 01 0  F        46501.25
DP   1  18 01 1  F        45341.32
DP   1  18 02 0  F        44350.52
DP   1  18 02 1  F        43534.91
DP   1  18 03 0  F        42871.63
DP   1  18 03 1  F        42343.24
DP   1  18 04 0  F        41982.91
DP   1  18 04 1  F        41819.37
DP   1  18 05 0  F        41812.79
DP   1  18 05 1  F        41904.76
DP   1  18 06 0  F        42031.13
DP   1  18 06 1  F        42213.76
DP   1  18 07 0  F        42824.50
DP   1  18 07 1  F        44167.83
DP   1  18 08 0  F        45928.96
DP   1  18 08 1  F        47686.91
DP   1  18 09 0  F        49215.23
DP   1  18 09 1  F        50396.37
DP   1  18 10 0  F        51353.77
DP   1  18 10 1  F        52212.79
DP   1  18 11 0  F        52865.59
DP   1  18 11 1  F        53186.41
DP   1  18 12 0  F        53211.26
DP   1  18 12 1  F        53081.87
DP   1  18 13 0  F        53201.38
DP   1  18 13 1  F        53871.33
DP   1  18 14 0  F        54725.66
DP   1  18 14 1  F        55332.27
DP   1  18 15 0  F        55662.67
DP   1  18 15 1  F        55786.86
DP   1  18 16 0  F        55765.12
DP   1  18 16 1  F        55575.51
DP   1  18 17 0  F        54877.07
DP   1  18 17 1  F        53430.47
DP   1  18 18 0  F        51722.02
DP   1  18 18 1  F        50398.83
DP   1  18 19 0  F        50025.62
DP   1  18 19 1  F        50858.45
DP   1  18 20 0  F        52000.95
DP   1  18 20 1  F        52543.42
DP   1  18 21 0  F        52675.12
DP   1  18 21 1  F        52737.81
DP   1  18 22 0  F        52584.47
DP   1  18 22 1  F        52031.15
DP   1  18 23 0  F        51235.19
DP   1  18 23 1  F        50439.23
DP   2  18 00 0  F        15653.26
DP   2  18 00 1  F        15099.00
DP   2  18 01 0  F        14593.91
DP   2  18 01 1  F        14174.70
DP   2  18 02 0  F        13828.24
DP   2  18 02 1  F        13534.88
DP   2  18 03 0  F        13298.78
DP   2  18 03 1  F        13126.20
DP   2  18 04 0  F        13007.83
DP   2  18 04 1  F        12940.62
DP   2  18 05 0  F        12961.81
DP   2  18 05 1  F        13094.26
DP   2  18 06 0  F        13262.79
DP   2  18 06 1  F        13429.30
DP   2  18 07 0  F        13802.24
DP   2  18 07 1  F        14559.19
DP   2  18 08 0  F        15508.01
DP   2  18 08 1  F        16387.70
DP   2  18 09 0  F        17031.73
DP   2  18 09 1  F        17366.48
DP   2  18 10 0  F        17595.33
DP   2  18 10 1  F        17926.07
DP   2  18 11 0  F        18306.93
DP   2  18 11 1  F        18596.16
DP   2  18 12 0  F        18551.56
DP   2  18 12 1  F        18081.98
DP   2  18 13 0  F        17800.80
DP   2  18 13 1  F        18248.29
DP   2  18 14 0  F        18967.59
DP   2  18 14 1  F        19390.43
DP   2  18 15 0  F        19500.10
DP   2  18 15 1  F        19420.50
DP   2  18 16 0  F        19286.43
DP   2  18 16 1  F        19184.19
DP   2  18 17 0  F        18995.28
DP   2  18 17 1  F        18574.79
DP   2  18 18 0  F        17876.99
DP   2  18 18 1  F        16981.43
DP   2  18 19 0  F        16369.79
DP   2  18 19 1  F        16432.70
DP   2  18 20 0  F        16794.73
DP   2  18 20 1  F        17006.41
DP   2  18 21 0  F        17088.37
DP   2  18 21 1  F        17139.28
DP   2  18 22 0  F        17100.08
DP   2  18 22 1  F        16904.39
DP   2  18 23 0  F        16614.38
DP   2  18 23 1  F        16324.38
DP   3  18 00 0  F        14253.82
DP   3  18 00 1  F        13998.54
DP   3  18 01 0  F        13757.06
DP   3  18 01 1  F        13541.61
DP   3  18 02 0  F        13358.24
DP   3  18 02 1  F        13206.13
DP   3  18 03 0  F        13063.34
DP   3  18 03 1  F        12917.90
DP   3  18 04 0  F        12818.83
DP   3  18 04 1  F        12789.05
DP   3  18 05 0  F        12685.88
DP   3  18 05 1  F        12390.00
DP   3  18 06 0  F        12041.04
DP   3  18 06 1  F        11821.58
DP   3  18 07 0  F        11826.98
DP   3  18 07 1  F        12097.67
DP   3  18 08 0  F        12541.41
DP   3  18 08 1  F        13034.87
DP   3  18 09 0  F        13462.92
DP   3  18 09 1  F        13744.13
DP   3  18 10 0  F        13923.70
DP   3  18 10 1  F        14065.63
DP   3  18 11 0  F        14182.33
DP   3  18 11 1  F        14260.76
DP   3  18 12 0  F        14237.50
DP   3  18 12 1  F        14088.37
DP   3  18 13 0  F        13996.39
DP   3  18 13 1  F        14126.71
DP   3  18 14 0  F        14365.99
DP   3  18 14 1  F        14560.46
DP   3  18 15 0  F        14673.27
DP   3  18 15 1  F        14701.38
DP   3  18 16 0  F        14660.12
DP   3  18 16 1  F        14541.90
DP   3  18 17 0  F        14229.16
DP   3  18 17 1  F        13680.29
DP   3  18 18 0  F        13267.66
DP   3  18 18 1  F        13319.81
DP   3  18 19 0  F        13575.95
DP   3  18 19 1  F        13706.65
DP   3  18 20 0  F        13697.33
DP   3  18 20 1  F        13634.37
DP   3  18 21 0  F        13693.38
DP   3  18 21 1  F        13990.33
DP   3  18 22 0  F        14313.63
DP   3  18 22 1  F        14440.98
DP   3  18 23 0  F        14434.77
DP   3  18 23 1  F        14428.55
DP   4  18 00 0  F        7995.23
DP   4  18 00 1  F        7931.92
DP   4  18 01 0  F        7857.52
DP   4  18 01 1  F        7767.22
DP   4  18 02 0  F        7681.33
DP   4  18 02 1  F        7617.28
DP   4  18 03 0  F        7555.89
DP   4  18 03 1  F        7476.52
DP   4  18 04 0  F        7389.35
DP   4  18 04 1  F        7311.29
DP   4  18 05 0  F        7255.12
DP   4  18 05 1  F        7220.67
DP   4  18 06 0  F        7159.90
DP   4  18 06 1  F        7035.64
DP   4  18 07 0  F        6902.09
DP   4  18 07 1  F        6826.01
DP   4  18 08 0  F        6833.03
DP   4  18 08 1  F        6928.40
DP   4  18 09 0  F        7076.93
DP   4  18 09 1  F        7236.94
DP   4  18 10 0  F        7381.00
DP   4  18 10 1  F        7489.71
DP   4  18 11 0  F        7561.44
DP   4  18 11 1  F        7598.25
DP   4  18 12 0  F        7599.26
DP   4  18 12 1  F        7572.30
DP   4  18 13 0  F        7563.01
DP   4  18 13 1  F        7613.07
DP   4  18 14 0  F        7710.53
DP   4  18 14 1  F        7826.71
DP   4  18 15 0  F        7919.57
DP   4  18 15 1  F        7954.72
DP   4  18 16 0  F        7941.57
DP   4  18 16 1  F        7894.71
DP   4  18 17 0  F        7805.47
DP   4  18 17 1  F        7664.73
DP   4  18 18 0  F        7484.68
DP   4  18 18 1  F        7298.04
DP   4  18 19 0  F        7198.35
DP   4  18 19 1  F        7255.61
DP   4  18 20 0  F        7384.86
DP   4  18 20 1  F        7485.38
DP   4  18 21 0  F        7548.42
DP   4  18 21 1  F        7590.46
DP   4  18 22 0  F        7637.21
DP   4  18 22 1  F        7709.29
DP   4  18 23 0  F        7797.72
DP   4  18 23 1  F        7886.15
