&   CARGA
&
&   ss  di hi m df hf m Demanda
&X  XX  XX XX X XX XX X XXXXXXXXXX
DP   1  19 00 0  F        49171.21
DP   1  19 00 1  F        47782.47
DP   1  19 01 0  F        46493.43
DP   1  19 01 1  F        45379.51
DP   1  19 02 0  F        44419.02
DP   1  19 02 1  F        43581.58
DP   1  19 03 0  F        42899.23
DP   1  19 03 1  F        42406.79
DP   1  19 04 0  F        42087.81
DP   1  19 04 1  F        41912.50
DP   1  19 05 0  F        41848.91
DP   1  19 05 1  F        41865.86
DP   1  19 06 0  F        41937.27
DP   1  19 06 1  F        42107.99
DP   1  19 07 0  F        42701.47
DP   1  19 07 1  F        43982.23
DP   1  19 08 0  F        45700.48
DP   1  19 08 1  F        47492.18
DP   1  19 09 0  F        49050.45
DP   1  19 09 1  F        50174.47
DP   1  19 10 0  F        51030.38
DP   1  19 10 1  F        51795.96
DP   1  19 11 0  F        52328.65
DP   1  19 11 1  F        52471.69
DP   1  19 12 0  F        52332.04
DP   1  19 12 1  F        52116.54
DP   1  19 13 0  F        52167.89
DP   1  19 13 1  F        52720.68
DP   1  19 14 0  F        53440.93
DP   1  19 14 1  F        53937.11
DP   1  19 15 0  F        54155.87
DP   1  19 15 1  F        54126.71
DP   1  19 16 0  F        53872.36
DP   1  19 16 1  F        53385.47
DP   1  19 17 0  F        52545.09
DP   1  19 17 1  F        51287.44
DP   1  19 18 0  F        49890.84
DP   1  19 18 1  F        48765.53
DP   1  19 19 0  F        48507.29
DP   1  19 19 1  F        49433.36
DP   1  19 20 0  F        50561.45
DP   1  19 20 1  F        50906.08
DP   1  19 21 0  F        50768.39
DP   1  19 21 1  F        50625.90
DP   1  19 22 0  F        50374.86
DP   1  19 22 1  F        49837.50
DP   1  19 23 0  F        49121.34
DP   1  19 23 1  F        48405.18
DP   2  19 00 0  F        15841.76
DP   2  19 00 1  F        15264.89
DP   2  19 01 0  F        14750.54
DP   2  19 01 1  F        14342.09
DP   2  19 02 0  F        14006.36
DP   2  19 02 1  F        13704.55
DP   2  19 03 0  F        13451.86
DP   2  19 03 1  F        13269.13
DP   2  19 04 0  F        13145.66
DP   2  19 04 1  F        13073.04
DP   2  19 05 0  F        13083.62
DP   2  19 05 1  F        13198.68
DP   2  19 06 0  F        13354.55
DP   2  19 06 1  F        13521.91
DP   2  19 07 0  F        13894.05
DP   2  19 07 1  F        14632.33
DP   2  19 08 0  F        15547.89
DP   2  19 08 1  F        16389.75
DP   2  19 09 0  F        17008.55
DP   2  19 09 1  F        17341.32
DP   2  19 10 0  F        17568.86
DP   2  19 10 1  F        17876.14
DP   2  19 11 0  F        18221.03
DP   2  19 11 1  F        18477.93
DP   2  19 12 0  F        18414.44
DP   2  19 12 1  F        17939.66
DP   2  19 13 0  F        17635.51
DP   2  19 13 1  F        18019.29
DP   2  19 14 0  F        18676.94
DP   2  19 14 1  F        19085.51
DP   2  19 15 0  F        19217.77
DP   2  19 15 1  F        19168.44
DP   2  19 16 0  F        19024.52
DP   2  19 16 1  F        18844.83
DP   2  19 17 0  F        18583.39
DP   2  19 17 1  F        18169.48
DP   2  19 18 0  F        17538.46
DP   2  19 18 1  F        16730.31
DP   2  19 19 0  F        16197.56
DP   2  19 19 1  F        16308.23
DP   2  19 20 0  F        16679.78
DP   2  19 20 1  F        16863.95
DP   2  19 21 0  F        16900.11
DP   2  19 21 1  F        16909.45
DP   2  19 22 0  F        16852.67
DP   2  19 22 1  F        16675.72
DP   2  19 23 0  F        16425.99
DP   2  19 23 1  F        16176.26
DP   3  19 00 0  F        14182.05
DP   3  19 00 1  F        13925.37
DP   3  19 01 0  F        13683.22
DP   3  19 01 1  F        13468.27
DP   3  19 02 0  F        13285.95
DP   3  19 02 1  F        13135.14
DP   3  19 03 0  F        12996.01
DP   3  19 03 1  F        12856.61
DP   3  19 04 0  F        12755.30
DP   3  19 04 1  F        12709.37
DP   3  19 05 0  F        12601.55
DP   3  19 05 1  F        12331.44
DP   3  19 06 0  F        12000.71
DP   3  19 06 1  F        11754.25
DP   3  19 07 0  F        11707.79
DP   3  19 07 1  F        11929.64
DP   3  19 08 0  F        12327.45
DP   3  19 08 1  F        12773.71
DP   3  19 09 0  F        13160.67
DP   3  19 09 1  F        13414.30
DP   3  19 10 0  F        13575.68
DP   3  19 10 1  F        13703.00
DP   3  19 11 0  F        13807.73
DP   3  19 11 1  F        13878.75
DP   3  19 12 0  F        13861.09
DP   3  19 12 1  F        13731.76
DP   3  19 13 0  F        13639.39
DP   3  19 13 1  F        13722.14
DP   3  19 14 0  F        13904.55
DP   3  19 14 1  F        14074.32
DP   3  19 15 0  F        14185.16
DP   3  19 15 1  F        14215.04
DP   3  19 16 0  F        14172.84
DP   3  19 16 1  F        14054.81
DP   3  19 17 0  F        13775.86
DP   3  19 17 1  F        13314.76
DP   3  19 18 0  F        12986.93
DP   3  19 18 1  F        13066.82
DP   3  19 19 0  F        13328.18
DP   3  19 19 1  F        13482.76
DP   3  19 20 0  F        13495.00
DP   3  19 20 1  F        13423.61
DP   3  19 21 0  F        13451.87
DP   3  19 21 1  F        13711.92
DP   3  19 22 0  F        14006.86
DP   3  19 22 1  F        14124.42
DP   3  19 23 0  F        14119.85
DP   3  19 23 1  F        14115.28
DP   4  19 00 0  F        7728.74
DP   4  19 00 1  F        7677.68
DP   4  19 01 0  F        7613.18
DP   4  19 01 1  F        7529.07
DP   4  19 02 0  F        7448.39
DP   4  19 02 1  F        7391.66
DP   4  19 03 0  F        7340.26
DP   4  19 03 1  F        7271.80
DP   4  19 04 0  F        7188.05
DP   4  19 04 1  F        7100.63
DP   4  19 05 0  F        7036.48
DP   4  19 05 1  F        7009.25
DP   4  19 06 0  F        6964.12
DP   4  19 06 1  F        6853.13
DP   4  19 07 0  F        6724.30
DP   4  19 07 1  F        6640.80
DP   4  19 08 0  F        6630.38
DP   4  19 08 1  F        6701.63
DP   4  19 09 0  F        6821.84
DP   4  19 09 1  F        6950.81
DP   4  19 10 0  F        7059.77
DP   4  19 10 1  F        7130.39
DP   4  19 11 0  F        7174.67
DP   4  19 11 1  F        7205.70
DP   4  19 12 0  F        7210.81
DP   4  19 12 1  F        7181.97
DP   4  19 13 0  F        7155.66
DP   4  19 13 1  F        7170.25
DP   4  19 14 0  F        7227.25
DP   4  19 14 1  F        7313.57
DP   4  19 15 0  F        7394.55
DP   4  19 15 1  F        7437.81
DP   4  19 16 0  F        7441.81
DP   4  19 16 1  F        7411.17
DP   4  19 17 0  F        7344.36
DP   4  19 17 1  F        7240.30
DP   4  19 18 0  F        7105.80
DP   4  19 18 1  F        6964.05
DP   4  19 19 0  F        6895.81
DP   4  19 19 1  F        6961.53
DP   4  19 20 0  F        7082.69
DP   4  19 20 1  F        7168.49
DP   4  19 21 0  F        7217.77
DP   4  19 21 1  F        7251.28
DP   4  19 22 0  F        7287.75
DP   4  19 22 1  F        7340.55
DP   4  19 23 0  F        7403.93
DP   4  19 23 1  F        7467.30
