&   CARGA
&
&   ss  di hi m df hf m Demanda
&X  XX  XX XX X XX XX X XXXXXXXXXX
DP   1  23 00 0  F        42707.24
DP   1  23 00 1  F        41270.91
DP   1  23 01 0  F        39991.47
DP   1  23 01 1  F        38982.02
DP   1  23 02 0  F        38180.57
DP   1  23 02 1  F        37502.86
DP   1  23 03 0  F        36950.49
DP   1  23 03 1  F        36550.20
DP   1  23 04 0  F        36343.50
DP   1  23 04 1  F        36355.95
DP   1  23 05 0  F        36534.64
DP   1  23 05 1  F        36823.57
DP   1  23 06 0  F        37232.82
DP   1  23 06 1  F        37822.85
DP   1  23 07 0  F        38789.58
DP   1  23 07 1  F        40256.31
DP   1  23 08 0  F        41920.35
DP   1  23 08 1  F        43434.12
DP   1  23 09 0  F        44696.63
DP   1  23 09 1  F        45687.21
DP   1  23 10 0  F        46459.82
DP   1  23 10 1  F        47069.92
DP   1  23 11 0  F        47504.26
DP   1  23 11 1  F        47729.91
DP   1  23 12 0  F        47703.87
DP   1  23 12 1  F        47465.46
DP   1  23 13 0  F        47393.53
DP   1  23 13 1  F        47801.66
DP   1  23 14 0  F        48402.85
DP   1  23 14 1  F        48836.48
DP   1  23 15 0  F        49047.95
DP   1  23 15 1  F        49082.21
DP   1  23 16 0  F        49076.34
DP   1  23 16 1  F        49077.50
DP   1  23 17 0  F        48681.14
DP   1  23 17 1  F        47587.32
DP   1  23 18 0  F        46366.37
DP   1  23 18 1  F        45716.67
DP   1  23 19 0  F        45978.64
DP   1  23 19 1  F        47163.22
DP   1  23 20 0  F        48321.37
DP   1  23 20 1  F        48574.35
DP   1  23 21 0  F        48284.39
DP   1  23 21 1  F        47955.81
DP   1  23 22 0  F        47420.22
DP   1  23 22 1  F        46442.43
DP   1  23 23 0  F        45192.84
DP   1  23 23 1  F        43943.25
DP   2  23 00 0  F        14730.82
DP   2  23 00 1  F        14108.32
DP   2  23 01 0  F        13574.53
DP   2  23 01 1  F        13188.92
DP   2  23 02 0  F        12894.00
DP   2  23 02 1  F        12624.41
DP   2  23 03 0  F        12400.08
DP   2  23 03 1  F        12251.96
DP   2  23 04 0  F        12169.55
DP   2  23 04 1  F        12142.31
DP   2  23 05 0  F        12201.04
DP   2  23 05 1  F        12369.37
DP   2  23 06 0  F        12601.21
DP   2  23 06 1  F        12876.72
DP   2  23 07 0  F        13351.10
DP   2  23 07 1  F        14142.21
DP   2  23 08 0  F        15043.49
DP   2  23 08 1  F        15803.42
DP   2  23 09 0  F        16314.97
DP   2  23 09 1  F        16562.66
DP   2  23 10 0  F        16752.91
DP   2  23 10 1  F        17078.29
DP   2  23 11 0  F        17454.29
DP   2  23 11 1  F        17712.98
DP   2  23 12 0  F        17629.91
DP   2  23 12 1  F        17130.70
DP   2  23 13 0  F        16797.68
DP   2  23 13 1  F        17142.46
DP   2  23 14 0  F        17737.11
DP   2  23 14 1  F        18057.15
DP   2  23 15 0  F        18131.55
DP   2  23 15 1  F        18108.50
DP   2  23 16 0  F        18059.77
DP   2  23 16 1  F        18012.49
DP   2  23 17 0  F        17891.64
DP   2  23 17 1  F        17606.02
DP   2  23 18 0  F        17101.99
DP   2  23 18 1  F        16426.81
DP   2  23 19 0  F        15993.90
DP   2  23 19 1  F        16133.76
DP   2  23 20 0  F        16478.89
DP   2  23 20 1  F        16607.59
DP   2  23 21 0  F        16579.15
DP   2  23 21 1  F        16524.67
DP   2  23 22 0  F        16381.51
DP   2  23 22 1  F        16073.75
DP   2  23 23 0  F        15666.11
DP   2  23 23 1  F        15258.48
DP   3  23 00 0  F        14001.76
DP   3  23 00 1  F        13734.11
DP   3  23 01 0  F        13489.92
DP   3  23 01 1  F        13286.16
DP   3  23 02 0  F        13113.82
DP   3  23 02 1  F        12960.01
DP   3  23 03 0  F        12822.29
DP   3  23 03 1  F        12706.18
DP   3  23 04 0  F        12638.86
DP   3  23 04 1  F        12620.69
DP   3  23 05 0  F        12523.23
DP   3  23 05 1  F        12243.92
DP   3  23 06 0  F        11912.54
DP   3  23 06 1  F        11701.20
DP   3  23 07 0  F        11719.16
DP   3  23 07 1  F        12019.58
DP   3  23 08 0  F        12494.23
DP   3  23 08 1  F        12999.76
DP   3  23 09 0  F        13413.82
DP   3  23 09 1  F        13657.62
DP   3  23 10 0  F        13805.83
DP   3  23 10 1  F        13947.35
DP   3  23 11 0  F        14074.55
DP   3  23 11 1  F        14149.49
DP   3  23 12 0  F        14109.57
DP   3  23 12 1  F        13937.65
DP   3  23 13 0  F        13823.36
DP   3  23 13 1  F        13936.95
DP   3  23 14 0  F        14164.56
DP   3  23 14 1  F        14350.84
DP   3  23 15 0  F        14458.45
DP   3  23 15 1  F        14483.21
DP   3  23 16 0  F        14435.47
DP   3  23 16 1  F        14309.51
DP   3  23 17 0  F        14020.66
DP   3  23 17 1  F        13550.15
DP   3  23 18 0  F        13221.67
DP   3  23 18 1  F        13309.36
DP   3  23 19 0  F        13546.71
DP   3  23 19 1  F        13617.38
DP   3  23 20 0  F        13546.30
DP   3  23 20 1  F        13454.04
DP   3  23 21 0  F        13502.50
DP   3  23 21 1  F        13785.68
DP   3  23 22 0  F        14084.69
DP   3  23 22 1  F        14175.38
DP   3  23 23 0  F        14125.44
DP   3  23 23 1  F        14075.50
DP   4  23 00 0  F        7670.24
DP   4  23 00 1  F        7601.95
DP   4  23 01 0  F        7526.84
DP   4  23 01 1  F        7443.30
DP   4  23 02 0  F        7370.60
DP   4  23 02 1  F        7322.62
DP   4  23 03 0  F        7270.65
DP   4  23 03 1  F        7187.16
DP   4  23 04 0  F        7091.70
DP   4  23 04 1  F        7011.65
DP   4  23 05 0  F        6958.36
DP   4  23 05 1  F        6928.68
DP   4  23 06 0  F        6877.35
DP   4  23 06 1  F        6768.76
DP   4  23 07 0  F        6648.18
DP   4  23 07 1  F        6576.57
DP   4  23 08 0  F        6596.90
DP   4  23 08 1  F        6728.45
DP   4  23 09 0  F        6913.64
DP   4  23 09 1  F        7087.67
DP   4  23 10 0  F        7233.58
DP   4  23 10 1  F        7346.58
DP   4  23 11 0  F        7422.60
DP   4  23 11 1  F        7459.52
DP   4  23 12 0  F        7462.25
DP   4  23 12 1  F        7444.42
DP   4  23 13 0  F        7447.42
DP   4  23 13 1  F        7507.56
DP   4  23 14 0  F        7613.19
DP   4  23 14 1  F        7738.24
DP   4  23 15 0  F        7846.90
DP   4  23 15 1  F        7907.86
DP   4  23 16 0  F        7917.36
DP   4  23 16 1  F        7877.14
DP   4  23 17 0  F        7783.14
DP   4  23 17 1  F        7634.27
DP   4  23 18 0  F        7446.87
DP   4  23 18 1  F        7256.58
DP   4  23 19 0  F        7158.82
DP   4  23 19 1  F        7222.60
DP   4  23 20 0  F        7351.57
DP   4  23 20 1  F        7437.20
DP   4  23 21 0  F        7487.79
DP   4  23 21 1  F        7534.83
DP   4  23 22 0  F        7585.81
DP   4  23 22 1  F        7641.54
DP   4  23 23 0  F        7700.01
DP   4  23 23 1  F        7758.47
