&   CARGA
&
&   ss  di hi m df hf m Demanda
&X  XX  XX XX X XX XX X XXXXXXXXXX
DP   1  18 00 0  F        51622.10
DP   1  18 00 1  F        50278.14
DP   1  18 01 0  F        48994.20
DP   1  18 01 1  F        47831.55
DP   1  18 02 0  F        46856.50
DP   1  18 02 1  F        46103.75
DP   1  18 03 0  F        45476.33
DP   1  18 03 1  F        44888.53
DP   1  18 04 0  F        44431.07
DP   1  18 04 1  F        44191.19
DP   1  18 05 0  F        44065.84
DP   1  18 05 1  F        43956.31
DP   1  18 06 0  F        43971.49
DP   1  18 06 1  F        44283.15
DP   1  18 07 0  F        45106.91
DP   1  18 07 1  F        46583.38
DP   1  18 08 0  F        48509.32
DP   1  18 08 1  F        50580.62
DP   1  18 09 0  F        52433.45
DP   1  18 09 1  F        53796.06
DP   1  18 10 0  F        54824.83
DP   1  18 10 1  F        55728.15
DP   1  18 11 0  F        56494.49
DP   1  18 11 1  F        57055.58
DP   1  18 12 0  F        57336.17
DP   1  18 12 1  F        57356.36
DP   1  18 13 0  F        57524.39
DP   1  18 13 1  F        58161.26
DP   1  18 14 0  F        58850.57
DP   1  18 14 1  F        59135.81
DP   1  18 15 0  F        59137.30
DP   1  18 15 1  F        59055.94
DP   1  18 16 0  F        58838.04
DP   1  18 16 1  F        58354.15
DP   1  18 17 0  F        57426.21
DP   1  18 17 1  F        55971.10
DP   1  18 18 0  F        54334.12
DP   1  18 18 1  F        52987.07
DP   1  18 19 0  F        52479.33
DP   1  18 19 1  F        53093.89
DP   1  18 20 0  F        53970.82
DP   1  18 20 1  F        54257.35
DP   1  18 21 0  F        54272.59
DP   1  18 21 1  F        54449.77
DP   1  18 22 0  F        54506.71
DP   1  18 22 1  F        54107.67
DP   1  18 23 0  F        53418.00
DP   1  18 23 1  F        52728.33
DP   2  18 00 0  F        14283.70
DP   2  18 00 1  F        13878.86
DP   2  18 01 0  F        13478.17
DP   2  18 01 1  F        13091.03
DP   2  18 02 0  F        12747.88
DP   2  18 02 1  F        12478.34
DP   2  18 03 0  F        12287.77
DP   2  18 03 1  F        12170.37
DP   2  18 04 0  F        12100.03
DP   2  18 04 1  F        12060.63
DP   2  18 05 0  F        12096.27
DP   2  18 05 1  F        12238.03
DP   2  18 06 0  F        12404.60
DP   2  18 06 1  F        12546.97
DP   2  18 07 0  F        12857.44
DP   2  18 07 1  F        13512.39
DP   2  18 08 0  F        14383.11
DP   2  18 08 1  F        15261.34
DP   2  18 09 0  F        15925.91
DP   2  18 09 1  F        16246.48
DP   2  18 10 0  F        16469.17
DP   2  18 10 1  F        16838.01
DP   2  18 11 0  F        17212.42
DP   2  18 11 1  F        17371.24
DP   2  18 12 0  F        17155.53
DP   2  18 12 1  F        16572.84
DP   2  18 13 0  F        16234.25
DP   2  18 13 1  F        16645.29
DP   2  18 14 0  F        17285.71
DP   2  18 14 1  F        17557.87
DP   2  18 15 0  F        17580.47
DP   2  18 15 1  F        17592.07
DP   2  18 16 0  F        17594.19
DP   2  18 16 1  F        17530.85
DP   2  18 17 0  F        17352.84
DP   2  18 17 1  F        17017.49
DP   2  18 18 0  F        16501.50
DP   2  18 18 1  F        15857.46
DP   2  18 19 0  F        15422.16
DP   2  18 19 1  F        15472.81
DP   2  18 20 0  F        15764.18
DP   2  18 20 1  F        15987.64
DP   2  18 21 0  F        16103.56
DP   2  18 21 1  F        16131.04
DP   2  18 22 0  F        16054.97
DP   2  18 22 1  F        15866.26
DP   2  18 23 0  F        15613.94
DP   2  18 23 1  F        15361.63
DP   3  18 00 0  F        14651.77
DP   3  18 00 1  F        14367.47
DP   3  18 01 0  F        14107.52
DP   3  18 01 1  F        13890.39
DP   3  18 02 0  F        13710.98
DP   3  18 02 1  F        13556.46
DP   3  18 03 0  F        13406.51
DP   3  18 03 1  F        13252.17
DP   3  18 04 0  F        13137.42
DP   3  18 04 1  F        13081.66
DP   3  18 05 0  F        12953.11
DP   3  18 05 1  F        12640.72
DP   3  18 06 0  F        12267.34
DP   3  18 06 1  F        12007.38
DP   3  18 07 0  F        12007.71
DP   3  18 07 1  F        12351.02
DP   3  18 08 0  F        12891.08
DP   3  18 08 1  F        13440.55
DP   3  18 09 0  F        13876.58
DP   3  18 09 1  F        14131.76
DP   3  18 10 0  F        14295.96
DP   3  18 10 1  F        14470.15
DP   3  18 11 0  F        14642.48
DP   3  18 11 1  F        14767.33
DP   3  18 12 0  F        14776.71
DP   3  18 12 1  F        14642.66
DP   3  18 13 0  F        14519.63
DP   3  18 13 1  F        14556.08
DP   3  18 14 0  F        14694.32
DP   3  18 14 1  F        14832.82
DP   3  18 15 0  F        14900.99
DP   3  18 15 1  F        14862.07
DP   3  18 16 0  F        14783.63
DP   3  18 16 1  F        14715.23
DP   3  18 17 0  F        14530.16
DP   3  18 17 1  F        14149.87
DP   3  18 18 0  F        13864.63
DP   3  18 18 1  F        13944.16
DP   3  18 19 0  F        14207.11
DP   3  18 19 1  F        14403.91
DP   3  18 20 0  F        14463.15
DP   3  18 20 1  F        14403.62
DP   3  18 21 0  F        14426.56
DP   3  18 21 1  F        14691.19
DP   3  18 22 0  F        15005.94
DP   3  18 22 1  F        15157.18
DP   3  18 23 0  F        15193.86
DP   3  18 23 1  F        15230.54
DP   4  18 00 0  F        7787.15
DP   4  18 00 1  F        7708.62
DP   4  18 01 0  F        7642.32
DP   4  18 01 1  F        7593.81
DP   4  18 02 0  F        7541.88
DP   4  18 02 1  F        7466.20
DP   4  18 03 0  F        7376.80
DP   4  18 03 1  F        7288.43
DP   4  18 04 0  F        7204.64
DP   4  18 04 1  F        7129.00
DP   4  18 05 0  F        7076.59
DP   4  18 05 1  F        7047.39
DP   4  18 06 0  F        6969.40
DP   4  18 06 1  F        6804.76
DP   4  18 07 0  F        6723.97
DP   4  18 07 1  F        6882.60
DP   4  18 08 0  F        7168.02
DP   4  18 08 1  F        7421.64
DP   4  18 09 0  F        7569.31
DP   4  18 09 1  F        7579.91
DP   4  18 10 0  F        7509.99
DP   4  18 10 1  F        7435.55
DP   4  18 11 0  F        7422.79
DP   4  18 11 1  F        7505.29
DP   4  18 12 0  F        7596.20
DP   4  18 12 1  F        7615.76
DP   4  18 13 0  F        7633.12
DP   4  18 13 1  F        7729.51
DP   4  18 14 0  F        7885.69
DP   4  18 14 1  F        8054.75
DP   4  18 15 0  F        8179.46
DP   4  18 15 1  F        8218.12
DP   4  18 16 0  F        8201.25
DP   4  18 16 1  F        8161.05
DP   4  18 17 0  F        8064.07
DP   4  18 17 1  F        7878.72
DP   4  18 18 0  F        7646.53
DP   4  18 18 1  F        7441.59
DP   4  18 19 0  F        7395.00
DP   4  18 19 1  F        7593.53
DP   4  18 20 0  F        7889.64
DP   4  18 20 1  F        8113.40
DP   4  18 21 0  F        8239.62
DP   4  18 21 1  F        8282.68
DP   4  18 22 0  F        8270.55
DP   4  18 22 1  F        8231.34
DP   4  18 23 0  F        8180.20
DP   4  18 23 1  F        8129.06
