&   CARGA
&
&   ss  di hi m df hf m Demanda
&X  XX  XX XX X XX XX X XXXXXXXXXX
DP   1  20 00 0  F        48244.94
DP   1  20 00 1  F        46977.28
DP   1  20 01 0  F        45795.41
DP   1  20 01 1  F        44762.27
DP   1  20 02 0  F        43849.38
DP   1  20 02 1  F        43024.85
DP   1  20 03 0  F        42334.43
DP   1  20 03 1  F        41824.88
DP   1  20 04 0  F        41469.07
DP   1  20 04 1  F        41222.33
DP   1  20 05 0  F        41043.59
DP   1  20 05 1  F        40888.25
DP   1  20 06 0  F        40693.89
DP   1  20 06 1  F        40476.77
DP   1  20 07 0  F        40585.59
DP   1  20 07 1  F        41324.02
DP   1  20 08 0  F        42483.23
DP   1  20 08 1  F        43751.54
DP   1  20 09 0  F        44918.38
DP   1  20 09 1  F        45843.88
DP   1  20 10 0  F        46569.80
DP   1  20 10 1  F        47157.81
DP   1  20 11 0  F        47567.68
DP   1  20 11 1  F        47761.32
DP   1  20 12 0  F        47811.31
DP   1  20 12 1  F        47812.46
DP   1  20 13 0  F        47837.96
DP   1  20 13 1  F        47930.13
DP   1  20 14 0  F        48029.29
DP   1  20 14 1  F        48066.01
DP   1  20 15 0  F        48033.83
DP   1  20 15 1  F        47945.07
DP   1  20 16 0  F        47824.35
DP   1  20 16 1  F        47676.46
DP   1  20 17 0  F        47414.70
DP   1  20 17 1  F        46988.20
DP   1  20 18 0  F        46581.07
DP   1  20 18 1  F        46452.86
DP   1  20 19 0  F        46930.05
DP   1  20 19 1  F        48127.44
DP   1  20 20 0  F        49246.11
DP   1  20 20 1  F        49521.02
DP   1  20 21 0  F        49236.32
DP   1  20 21 1  F        48826.67
DP   1  20 22 0  F        48279.52
DP   1  20 22 1  F        47513.07
DP   1  20 23 0  F        46615.68
DP   1  20 23 1  F        45718.29
DP   2  20 00 0  F        15193.88
DP   2  20 00 1  F        14679.63
DP   2  20 01 0  F        14204.73
DP   2  20 01 1  F        13799.14
DP   2  20 02 0  F        13455.15
DP   2  20 02 1  F        13157.53
DP   2  20 03 0  F        12898.65
DP   2  20 03 1  F        12676.37
DP   2  20 04 0  F        12502.98
DP   2  20 04 1  F        12388.62
DP   2  20 05 0  F        12320.20
DP   2  20 05 1  F        12271.42
DP   2  20 06 0  F        12186.15
DP   2  20 06 1  F        12051.79
DP   2  20 07 0  F        12059.66
DP   2  20 07 1  F        12373.75
DP   2  20 08 0  F        12844.92
DP   2  20 08 1  F        13281.26
DP   2  20 09 0  F        13633.01
DP   2  20 09 1  F        13896.01
DP   2  20 10 0  F        14106.28
DP   2  20 10 1  F        14302.88
DP   2  20 11 0  F        14496.94
DP   2  20 11 1  F        14672.82
DP   2  20 12 0  F        14735.76
DP   2  20 12 1  F        14624.87
DP   2  20 13 0  F        14493.77
DP   2  20 13 1  F        14495.39
DP   2  20 14 0  F        14565.24
DP   2  20 14 1  F        14599.35
DP   2  20 15 0  F        14553.16
DP   2  20 15 1  F        14418.63
DP   2  20 16 0  F        14274.32
DP   2  20 16 1  F        14199.81
DP   2  20 17 0  F        14192.17
DP   2  20 17 1  F        14219.31
DP   2  20 18 0  F        14214.94
DP   2  20 18 1  F        14154.43
DP   2  20 19 0  F        14213.87
DP   2  20 19 1  F        14532.77
DP   2  20 20 0  F        14903.59
DP   2  20 20 1  F        15086.17
DP   2  20 21 0  F        15057.08
DP   2  20 21 1  F        14854.40
DP   2  20 22 0  F        14545.58
DP   2  20 22 1  F        14195.58
DP   2  20 23 0  F        13829.92
DP   2  20 23 1  F        13464.26
DP   3  20 00 0  F        14305.67
DP   3  20 00 1  F        14099.08
DP   3  20 01 0  F        13893.41
DP   3  20 01 1  F        13693.03
DP   3  20 02 0  F        13516.12
DP   3  20 02 1  F        13375.21
DP   3  20 03 0  F        13246.49
DP   3  20 03 1  F        13111.18
DP   3  20 04 0  F        13007.02
DP   3  20 04 1  F        12950.09
DP   3  20 05 0  F        12813.14
DP   3  20 05 1  F        12488.76
DP   3  20 06 0  F        12092.09
DP   3  20 06 1  F        11778.38
DP   3  20 07 0  F        11641.01
DP   3  20 07 1  F        11726.07
DP   3  20 08 0  F        11952.56
DP   3  20 08 1  F        12214.21
DP   3  20 09 0  F        12430.81
DP   3  20 09 1  F        12553.46
DP   3  20 10 0  F        12632.46
DP   3  20 10 1  F        12726.03
DP   3  20 11 0  F        12825.00
DP   3  20 11 1  F        12900.95
DP   3  20 12 0  F        12916.07
DP   3  20 12 1  F        12855.64
DP   3  20 13 0  F        12806.77
DP   3  20 13 1  F        12849.29
DP   3  20 14 0  F        12932.15
DP   3  20 14 1  F        12988.33
DP   3  20 15 0  F        13017.87
DP   3  20 15 1  F        13031.74
DP   3  20 16 0  F        13017.53
DP   3  20 16 1  F        12955.01
DP   3  20 17 0  F        12815.91
DP   3  20 17 1  F        12629.48
DP   3  20 18 0  F        12663.10
DP   3  20 18 1  F        13111.05
DP   3  20 19 0  F        13637.12
DP   3  20 19 1  F        13879.20
DP   3  20 20 0  F        13901.98
DP   3  20 20 1  F        13861.34
DP   3  20 21 0  F        13851.07
DP   3  20 21 1  F        13920.61
DP   3  20 22 0  F        14004.19
DP   3  20 22 1  F        14029.71
DP   3  20 23 0  F        14014.96
DP   3  20 23 1  F        14000.21
DP   4  20 00 0  F        8064.54
DP   4  20 00 1  F        8044.59
DP   4  20 01 0  F        8004.54
DP   4  20 01 1  F        7931.71
DP   4  20 02 0  F        7843.06
DP   4  20 02 1  F        7758.10
DP   4  20 03 0  F        7677.04
DP   4  20 03 1  F        7597.12
DP   4  20 04 0  F        7522.82
DP   4  20 04 1  F        7459.65
DP   4  20 05 0  F        7409.69
DP   4  20 05 1  F        7365.46
DP   4  20 06 0  F        7284.53
DP   4  20 06 1  F        7138.05
DP   4  20 07 0  F        6986.53
DP   4  20 07 1  F        6899.58
DP   4  20 08 0  F        6893.73
DP   4  20 08 1  F        6962.67
DP   4  20 09 0  F        7061.62
DP   4  20 09 1  F        7146.62
DP   4  20 10 0  F        7215.36
DP   4  20 10 1  F        7272.72
DP   4  20 11 0  F        7310.54
DP   4  20 11 1  F        7319.92
DP   4  20 12 0  F        7301.95
DP   4  20 12 1  F        7266.32
DP   4  20 13 0  F        7247.23
DP   4  20 13 1  F        7274.69
DP   4  20 14 0  F        7337.57
DP   4  20 14 1  F        7412.86
DP   4  20 15 0  F        7471.16
DP   4  20 15 1  F        7487.88
DP   4  20 16 0  F        7463.94
DP   4  20 16 1  F        7407.53
DP   4  20 17 0  F        7330.51
DP   4  20 17 1  F        7247.62
DP   4  20 18 0  F        7181.63
DP   4  20 18 1  F        7160.49
DP   4  20 19 0  F        7224.88
DP   4  20 19 1  F        7389.39
DP   4  20 20 0  F        7551.59
DP   4  20 20 1  F        7615.11
DP   4  20 21 0  F        7624.84
DP   4  20 21 1  F        7644.85
DP   4  20 22 0  F        7674.65
DP   4  20 22 1  F        7700.91
DP   4  20 23 0  F        7723.74
DP   4  20 23 1  F        7746.57
DP   1  21 00 0  F        44302.50
DP   1  21 00 1  F        43156.41
DP   1  21 01 0  F        42083.40
DP   1  21 01 1  F        41138.26
DP   1  21 02 0  F        40302.73
DP   1  21 02 1  F        39552.24
DP   1  21 03 0  F        38910.14
DP   1  21 03 1  F        38401.17
DP   1  21 04 0  F        38007.86
DP   1  21 04 1  F        37696.67
DP   1  21 05 0  F        37412.30
DP   1  21 05 1  F        37092.38
DP   1  21 06 0  F        36668.38
DP   1  21 06 1  F        36140.70
DP   1  21 07 0  F        35791.93
DP   1  21 07 1  F        35890.00
DP   1  21 08 0  F        36362.06
DP   1  21 08 1  F        37043.99
DP   1  21 09 0  F        37747.24
DP   1  21 09 1  F        38317.84
DP   1  21 10 0  F        38764.45
DP   1  21 10 1  F        39135.23
DP   1  21 11 0  F        39473.62
DP   1  21 11 1  F        39799.28
DP   1  21 12 0  F        40041.60
DP   1  21 12 1  F        40134.14
DP   1  21 13 0  F        40117.45
DP   1  21 13 1  F        40051.18
DP   1  21 14 0  F        39964.46
DP   1  21 14 1  F        39873.65
DP   1  21 15 0  F        39774.67
DP   1  21 15 1  F        39679.57
DP   1  21 16 0  F        39685.50
DP   1  21 16 1  F        39876.83
DP   1  21 17 0  F        40201.73
DP   1  21 17 1  F        40577.19
DP   1  21 18 0  F        40931.65
DP   1  21 18 1  F        41298.38
DP   1  21 19 0  F        42118.42
DP   1  21 19 1  F        43652.10
DP   1  21 20 0  F        45029.18
DP   1  21 20 1  F        45409.65
DP   1  21 21 0  F        45204.82
DP   1  21 21 1  F        44984.71
DP   1  21 22 0  F        44702.62
DP   1  21 22 1  F        44213.07
DP   1  21 23 0  F        43592.08
DP   1  21 23 1  F        42971.10
DP   2  21 00 0  F        13105.52
DP   2  21 00 1  F        12674.19
DP   2  21 01 0  F        12262.15
DP   2  21 01 1  F        11889.93
DP   2  21 02 0  F        11583.01
DP   2  21 02 1  F        11354.18
DP   2  21 03 0  F        11160.59
DP   2  21 03 1  F        10964.08
DP   2  21 04 0  F        10800.98
DP   2  21 04 1  F        10708.37
DP   2  21 05 0  F        10651.95
DP   2  21 05 1  F        10583.57
DP   2  21 06 0  F        10471.06
DP   2  21 06 1  F        10319.83
DP   2  21 07 0  F        10269.72
DP   2  21 07 1  F        10438.01
DP   2  21 08 0  F        10717.40
DP   2  21 08 1  F        10974.48
DP   2  21 09 0  F        11196.07
DP   2  21 09 1  F        11398.41
DP   2  21 10 0  F        11595.38
DP   2  21 10 1  F        11796.92
DP   2  21 11 0  F        11999.78
DP   2  21 11 1  F        12181.57
DP   2  21 12 0  F        12256.58
DP   2  21 12 1  F        12163.11
DP   2  21 13 0  F        11998.71
DP   2  21 13 1  F        11876.98
DP   2  21 14 0  F        11816.50
DP   2  21 14 1  F        11803.60
DP   2  21 15 0  F        11790.58
DP   2  21 15 1  F        11740.52
DP   2  21 16 0  F        11693.57
DP   2  21 16 1  F        11706.82
DP   2  21 17 0  F        11828.03
DP   2  21 17 1  F        12070.80
DP   2  21 18 0  F        12321.42
DP   2  21 18 1  F        12495.06
DP   2  21 19 0  F        12749.67
DP   2  21 19 1  F        13217.66
DP   2  21 20 0  F        13686.54
DP   2  21 20 1  F        13916.09
DP   2  21 21 0  F        13900.28
DP   2  21 21 1  F        13701.13
DP   2  21 22 0  F        13418.86
DP   2  21 22 1  F        13142.68
DP   2  21 23 0  F        12879.81
DP   2  21 23 1  F        12616.94
DP   3  21 00 0  F        13946.74
DP   3  21 00 1  F        13740.25
DP   3  21 01 0  F        13541.40
DP   3  21 01 1  F        13358.09
DP   3  21 02 0  F        13199.42
DP   3  21 02 1  F        13068.16
DP   3  21 03 0  F        12940.45
DP   3  21 03 1  F        12800.01
DP   3  21 04 0  F        12687.24
DP   3  21 04 1  F        12620.89
DP   3  21 05 0  F        12476.19
DP   3  21 05 1  F        12145.07
DP   3  21 06 0  F        11729.50
DP   3  21 06 1  F        11368.43
DP   3  21 07 0  F        11138.62
DP   3  21 07 1  F        11078.07
DP   3  21 08 0  F        11132.23
DP   3  21 08 1  F        11227.12
DP   3  21 09 0  F        11303.66
DP   3  21 09 1  F        11326.38
DP   3  21 10 0  F        11339.42
DP   3  21 10 1  F        11391.60
DP   3  21 11 0  F        11470.88
DP   3  21 11 1  F        11551.51
DP   3  21 12 0  F        11613.84
DP   3  21 12 1  F        11646.13
DP   3  21 13 0  F        11662.19
DP   3  21 13 1  F        11680.30
DP   3  21 14 0  F        11711.08
DP   3  21 14 1  F        11756.95
DP   3  21 15 0  F        11795.23
DP   3  21 15 1  F        11805.69
DP   3  21 16 0  F        11803.15
DP   3  21 16 1  F        11800.42
DP   3  21 17 0  F        11767.44
DP   3  21 17 1  F        11717.70
DP   3  21 18 0  F        11881.80
DP   3  21 18 1  F        12421.70
DP   3  21 19 0  F        13007.68
DP   3  21 19 1  F        13296.42
DP   3  21 20 0  F        13381.67
DP   3  21 20 1  F        13433.22
DP   3  21 21 0  F        13487.85
DP   3  21 21 1  F        13546.38
DP   3  21 22 0  F        13598.78
DP   3  21 22 1  F        13636.02
DP   3  21 23 0  F        13663.85
DP   3  21 23 1  F        13691.67
DP   4  21 00 0  F        7731.01
DP   4  21 00 1  F        7703.89
DP   4  21 01 0  F        7668.52
DP   4  21 01 1  F        7618.51
DP   4  21 02 0  F        7555.11
DP   4  21 02 1  F        7482.17
DP   4  21 03 0  F        7406.25
DP   4  21 03 1  F        7334.10
DP   4  21 04 0  F        7270.42
DP   4  21 04 1  F        7218.78
DP   4  21 05 0  F        7180.53
DP   4  21 05 1  F        7147.08
DP   4  21 06 0  F        7072.48
DP   4  21 06 1  F        6924.11
DP   4  21 07 0  F        6759.97
DP   4  21 07 1  F        6644.36
DP   4  21 08 0  F        6576.09
DP   4  21 08 1  F        6539.86
DP   4  21 09 0  F        6529.34
DP   4  21 09 1  F        6537.01
DP   4  21 10 0  F        6541.59
DP   4  21 10 1  F        6527.55
DP   4  21 11 0  F        6516.08
DP   4  21 11 1  F        6526.37
DP   4  21 12 0  F        6532.77
DP   4  21 12 1  F        6513.31
DP   4  21 13 0  F        6505.43
DP   4  21 13 1  F        6545.69
DP   4  21 14 0  F        6607.65
DP   4  21 14 1  F        6657.06
DP   4  21 15 0  F        6691.43
DP   4  21 15 1  F        6714.64
DP   4  21 16 0  F        6724.43
DP   4  21 16 1  F        6718.34
DP   4  21 17 0  F        6699.40
DP   4  21 17 1  F        6677.04
DP   4  21 18 0  F        6680.68
DP   4  21 18 1  F        6740.20
DP   4  21 19 0  F        6867.27
DP   4  21 19 1  F        7051.56
DP   4  21 20 0  F        7212.89
DP   4  21 20 1  F        7282.16
DP   4  21 21 0  F        7304.49
DP   4  21 21 1  F        7339.34
DP   4  21 22 0  F        7389.23
DP   4  21 22 1  F        7444.12
DP   4  21 23 0  F        7500.67
DP   4  21 23 1  F        7557.22
DP   1  22 00 0  F        41635.81
DP   1  22 00 1  F        40483.52
DP   1  22 01 0  F        39449.62
DP   1  22 01 1  F        38618.89
DP   1  22 02 0  F        37941.51
DP   1  22 02 1  F        37354.08
DP   1  22 03 0  F        36873.35
DP   1  22 03 1  F        36532.33
DP   1  22 04 0  F        36348.94
DP   1  22 04 1  F        36337.35
DP   1  22 05 0  F        36511.74
DP   1  22 05 1  F        36878.49
DP   1  22 06 0  F        37412.68
DP   1  22 06 1  F        38120.88
DP   1  22 07 0  F        39166.79
DP   1  22 07 1  F        40670.59
DP   1  22 08 0  F        42421.23
DP   1  22 08 1  F        44137.88
DP   1  22 09 0  F        45591.66
DP   1  22 09 1  F        46640.71
DP   1  22 10 0  F        47438.98
DP   1  22 10 1  F        48154.07
DP   1  22 11 0  F        48712.25
DP   1  22 11 1  F        48999.85
DP   1  22 12 0  F        48985.05
DP   1  22 12 1  F        48736.29
DP   1  22 13 0  F        48641.52
DP   1  22 13 1  F        49016.11
DP   1  22 14 0  F        49565.93
DP   1  22 14 1  F        49926.28
DP   1  22 15 0  F        50059.71
DP   1  22 15 1  F        50025.75
DP   1  22 16 0  F        49944.46
DP   1  22 16 1  F        49853.25
DP   1  22 17 0  F        49398.18
DP   1  22 17 1  F        48303.13
DP   1  22 18 0  F        46994.50
DP   1  22 18 1  F        46074.52
DP   1  22 19 0  F        46146.17
DP   1  22 19 1  F        47458.17
DP   1  22 20 0  F        48841.50
DP   1  22 20 1  F        49167.62
DP   1  22 21 0  F        48887.60
DP   1  22 21 1  F        48637.69
DP   1  22 22 0  F        48215.32
DP   1  22 22 1  F        47325.65
DP   1  22 23 0  F        46143.61
DP   1  22 23 1  F        44961.57
DP   2  22 00 0  F        12622.03
DP   2  22 00 1  F        12226.48
DP   2  22 01 0  F        11874.21
DP   2  22 01 1  F        11596.92
DP   2  22 02 0  F        11380.01
DP   2  22 02 1  F        11202.80
DP   2  22 03 0  F        11066.48
DP   2  22 03 1  F        10973.75
DP   2  22 04 0  F        10911.46
DP   2  22 04 1  F        10875.87
DP   2  22 05 0  F        10916.73
DP   2  22 05 1  F        11074.10
DP   2  22 06 0  F        11295.78
DP   2  22 06 1  F        11548.96
DP   2  22 07 0  F        11970.86
DP   2  22 07 1  F        12667.18
DP   2  22 08 0  F        13447.58
DP   2  22 08 1  F        14090.09
DP   2  22 09 0  F        14542.17
DP   2  22 09 1  F        14817.09
DP   2  22 10 0  F        15021.81
DP   2  22 10 1  F        15259.92
DP   2  22 11 0  F        15527.81
DP   2  22 11 1  F        15754.36
DP   2  22 12 0  F        15705.44
DP   2  22 12 1  F        15260.59
DP   2  22 13 0  F        14916.88
DP   2  22 13 1  F        15130.40
DP   2  22 14 0  F        15575.86
DP   2  22 14 1  F        15834.87
DP   2  22 15 0  F        15898.13
DP   2  22 15 1  F        15859.52
DP   2  22 16 0  F        15816.58
DP   2  22 16 1  F        15831.45
DP   2  22 17 0  F        15821.19
DP   2  22 17 1  F        15681.43
DP   2  22 18 0  F        15367.23
DP   2  22 18 1  F        14922.21
DP   2  22 19 0  F        14684.64
DP   2  22 19 1  F        14921.49
DP   2  22 20 0  F        15319.84
DP   2  22 20 1  F        15514.66
DP   2  22 21 0  F        15512.21
DP   2  22 21 1  F        15395.25
DP   2  22 22 0  F        15181.10
DP   2  22 22 1  F        14878.59
DP   2  22 23 0  F        14527.97
DP   2  22 23 1  F        14177.35
DP   3  22 00 0  F        13711.42
DP   3  22 00 1  F        13491.34
DP   3  22 01 0  F        13276.74
DP   3  22 01 1  F        13075.68
DP   3  22 02 0  F        12906.61
DP   3  22 02 1  F        12780.51
DP   3  22 03 0  F        12668.09
DP   3  22 03 1  F        12546.07
DP   3  22 04 0  F        12455.30
DP   3  22 04 1  F        12418.56
DP   3  22 05 0  F        12322.04
DP   3  22 05 1  F        12069.37
DP   3  22 06 0  F        11770.29
DP   3  22 06 1  F        11575.60
DP   3  22 07 0  F        11594.09
DP   3  22 07 1  F        11887.06
DP   3  22 08 0  F        12367.71
DP   3  22 08 1  F        12907.75
DP   3  22 09 0  F        13360.95
DP   3  22 09 1  F        13623.93
DP   3  22 10 0  F        13782.80
DP   3  22 10 1  F        13941.34
DP   3  22 11 0  F        14084.62
DP   3  22 11 1  F        14166.53
DP   3  22 12 0  F        14134.92
DP   3  22 12 1  F        13983.00
DP   3  22 13 0  F        13891.46
DP   3  22 13 1  F        14020.18
DP   3  22 14 0  F        14258.35
DP   3  22 14 1  F        14454.90
DP   3  22 15 0  F        14568.22
DP   3  22 15 1  F        14592.17
DP   3  22 16 0  F        14553.12
DP   3  22 16 1  F        14456.16
DP   3  22 17 0  F        14188.86
DP   3  22 17 1  F        13705.37
DP   3  22 18 0  F        13343.62
DP   3  22 18 1  F        13400.12
DP   3  22 19 0  F        13621.80
DP   3  22 19 1  F        13699.08
DP   3  22 20 0  F        13645.94
DP   3  22 20 1  F        13571.00
DP   3  22 21 0  F        13637.78
DP   3  22 21 1  F        13943.68
DP   3  22 22 0  F        14266.63
DP   3  22 22 1  F        14378.74
DP   3  22 23 0  F        14348.40
DP   3  22 23 1  F        14318.05
DP   4  22 00 0  F        7656.31
DP   4  22 00 1  F        7622.67
DP   4  22 01 0  F        7580.25
DP   4  22 01 1  F        7523.24
DP   4  22 02 0  F        7457.63
DP   4  22 02 1  F        7390.63
DP   4  22 03 0  F        7322.38
DP   4  22 03 1  F        7252.84
DP   4  22 04 0  F        7188.17
DP   4  22 04 1  F        7136.44
DP   4  22 05 0  F        7107.04
DP   4  22 05 1  F        7096.77
DP   4  22 06 0  F        7050.79
DP   4  22 06 1  F        6929.94
DP   4  22 07 0  F        6809.54
DP   4  22 07 1  F        6776.30
DP   4  22 08 0  F        6848.17
DP   4  22 08 1  F        7012.29
DP   4  22 09 0  F        7201.47
DP   4  22 09 1  F        7349.86
DP   4  22 10 0  F        7451.46
DP   4  22 10 1  F        7515.86
DP   4  22 11 0  F        7555.08
DP   4  22 11 1  F        7575.31
DP   4  22 12 0  F        7556.93
DP   4  22 12 1  F        7492.96
DP   4  22 13 0  F        7452.82
DP   4  22 13 1  F        7500.90
DP   4  22 14 0  F        7605.12
DP   4  22 14 1  F        7713.83
DP   4  22 15 0  F        7793.70
DP   4  22 15 1  F        7822.85
DP   4  22 16 0  F        7806.94
DP   4  22 16 1  F        7754.72
DP   4  22 17 0  F        7660.04
DP   4  22 17 1  F        7517.69
DP   4  22 18 0  F        7341.03
DP   4  22 18 1  F        7164.72
DP   4  22 19 0  F        7089.85
DP   4  22 19 1  F        7186.40
DP   4  22 20 0  F        7333.45
DP   4  22 20 1  F        7404.41
DP   4  22 21 0  F        7441.15
DP   4  22 21 1  F        7507.45
DP   4  22 22 0  F        7586.38
DP   4  22 22 1  F        7649.08
DP   4  22 23 0  F        7699.56
DP   4  22 23 1  F        7750.04
DP   1  23 00 0  F        42762.73
DP   1  23 00 1  F        41280.78
DP   1  23 01 0  F        39977.92
DP   1  23 01 1  F        38980.01
DP   1  23 02 0  F        38199.87
DP   1  23 02 1  F        37526.73
DP   1  23 03 0  F        36968.39
DP   1  23 03 1  F        36563.66
DP   1  23 04 0  F        36356.93
DP   1  23 04 1  F        36374.93
DP   1  23 05 0  F        36568.39
DP   1  23 05 1  F        36883.83
DP   1  23 06 0  F        37327.06
DP   1  23 06 1  F        37954.27
DP   1  23 07 0  F        38963.80
DP   1  23 07 1  F        40476.61
DP   1  23 08 0  F        42161.97
DP   1  23 08 1  F        43651.03
DP   1  23 09 0  F        44874.31
DP   1  23 09 1  F        45845.76
DP   1  23 10 0  F        46613.71
DP   1  23 10 1  F        47226.10
DP   1  23 11 0  F        47694.91
DP   1  23 11 1  F        48002.77
DP   1  23 12 0  F        48050.70
DP   1  23 12 1  F        47826.11
DP   1  23 13 0  F        47743.58
DP   1  23 13 1  F        48160.67
DP   1  23 14 0  F        48779.77
DP   1  23 14 1  F        49222.79
DP   1  23 15 0  F        49444.79
DP   1  23 15 1  F        49501.01
DP   1  23 16 0  F        49514.32
DP   1  23 16 1  F        49520.54
DP   1  23 17 0  F        49139.80
DP   1  23 17 1  F        48086.31
DP   1  23 18 0  F        46866.46
DP   1  23 18 1  F        46133.82
DP   1  23 19 0  F        46338.63
DP   1  23 19 1  F        47591.08
DP   1  23 20 0  F        48844.58
DP   1  23 20 1  F        49112.95
DP   1  23 21 0  F        48808.40
DP   1  23 21 1  F        48501.94
DP   1  23 22 0  F        48001.41
DP   1  23 22 1  F        47035.80
DP   1  23 23 0  F        45781.68
DP   1  23 23 1  F        44527.56
DP   2  23 00 0  F        14029.08
DP   2  23 00 1  F        13467.49
DP   2  23 01 0  F        12973.76
DP   2  23 01 1  F        12595.29
DP   2  23 02 0  F        12297.68
DP   2  23 02 1  F        12039.32
DP   2  23 03 0  F        11831.61
DP   2  23 03 1  F        11691.10
DP   2  23 04 0  F        11601.95
DP   2  23 04 1  F        11551.94
DP   2  23 05 0  F        11575.88
DP   2  23 05 1  F        11702.39
DP   2  23 06 0  F        11888.51
DP   2  23 06 1  F        12112.53
DP   2  23 07 0  F        12509.47
DP   2  23 07 1  F        13183.63
DP   2  23 08 0  F        13959.64
DP   2  23 08 1  F        14623.57
DP   2  23 09 0  F        15087.01
DP   2  23 09 1  F        15335.39
DP   2  23 10 0  F        15524.19
DP   2  23 10 1  F        15801.36
DP   2  23 11 0  F        16114.86
DP   2  23 11 1  F        16342.69
DP   2  23 12 0  F        16283.07
DP   2  23 12 1  F        15854.17
DP   2  23 13 0  F        15533.50
DP   2  23 13 1  F        15752.26
DP   2  23 14 0  F        16197.02
DP   2  23 14 1  F        16463.03
DP   2  23 15 0  F        16524.81
DP   2  23 15 1  F        16460.15
DP   2  23 16 0  F        16380.66
DP   2  23 16 1  F        16366.17
DP   2  23 17 0  F        16335.47
DP   2  23 17 1  F        16179.06
DP   2  23 18 0  F        15835.41
DP   2  23 18 1  F        15335.56
DP   2  23 19 0  F        15032.74
DP   2  23 19 1  F        15213.02
DP   2  23 20 0  F        15571.49
DP   2  23 20 1  F        15745.50
DP   2  23 21 0  F        15732.50
DP   2  23 21 1  F        15606.03
DP   2  23 22 0  F        15383.77
DP   2  23 22 1  F        15076.51
DP   2  23 23 0  F        14723.23
DP   2  23 23 1  F        14369.95
DP   3  23 00 0  F        14209.37
DP   3  23 00 1  F        13947.50
DP   3  23 01 0  F        13708.82
DP   3  23 01 1  F        13509.02
DP   3  23 02 0  F        13333.74
DP   3  23 02 1  F        13166.88
DP   3  23 03 0  F        13015.48
DP   3  23 03 1  F        12894.63
DP   3  23 04 0  F        12828.29
DP   3  23 04 1  F        12811.05
DP   3  23 05 0  F        12710.86
DP   3  23 05 1  F        12423.61
DP   3  23 06 0  F        12083.38
DP   3  23 06 1  F        11866.48
DP   3  23 07 0  F        11879.76
DP   3  23 07 1  F        12173.90
DP   3  23 08 0  F        12644.32
DP   3  23 08 1  F        13152.19
DP   3  23 09 0  F        13577.25
DP   3  23 09 1  F        13839.98
DP   3  23 10 0  F        14005.46
DP   3  23 10 1  F        14154.88
DP   3  23 11 0  F        14289.40
DP   3  23 11 1  F        14380.53
DP   3  23 12 0  F        14361.27
DP   3  23 12 1  F        14206.18
DP   3  23 13 0  F        14094.58
DP   3  23 13 1  F        14191.69
DP   3  23 14 0  F        14401.64
DP   3  23 14 1  F        14587.39
DP   3  23 15 0  F        14708.27
DP   3  23 15 1  F        14751.39
DP   3  23 16 0  F        14718.50
DP   3  23 16 1  F        14598.31
DP   3  23 17 0  F        14312.69
DP   3  23 17 1  F        13846.29
DP   3  23 18 0  F        13501.89
DP   3  23 18 1  F        13539.78
DP   3  23 19 0  F        13732.11
DP   3  23 19 1  F        13800.36
DP   3  23 20 0  F        13751.52
DP   3  23 20 1  F        13678.02
DP   3  23 21 0  F        13728.61
DP   3  23 21 1  F        13994.19
DP   3  23 22 0  F        14277.96
DP   3  23 22 1  F        14376.86
DP   3  23 23 0  F        14350.51
DP   3  23 23 1  F        14324.15
DP   4  23 00 0  F        7955.39
DP   4  23 00 1  F        7905.28
DP   4  23 01 0  F        7848.43
DP   4  23 01 1  F        7780.27
DP   4  23 02 0  F        7705.01
DP   4  23 02 1  F        7627.09
DP   4  23 03 0  F        7543.23
DP   4  23 03 1  F        7452.78
DP   4  23 04 0  F        7373.26
DP   4  23 04 1  F        7320.51
DP   4  23 05 0  F        7285.42
DP   4  23 05 1  F        7249.32
DP   4  23 06 0  F        7180.30
DP   4  23 06 1  F        7062.18
DP   4  23 07 0  F        6954.87
DP   4  23 07 1  F        6925.93
DP   4  23 08 0  F        6997.29
DP   4  23 08 1  F        7164.44
DP   4  23 09 0  F        7362.74
DP   4  23 09 1  F        7527.00
DP   4  23 10 0  F        7649.93
DP   4  23 10 1  F        7737.26
DP   4  23 11 0  F        7788.88
DP   4  23 11 1  F        7802.08
DP   4  23 12 0  F        7769.55
DP   4  23 12 1  F        7699.01
DP   4  23 13 0  F        7662.86
DP   4  23 13 1  F        7724.90
DP   4  23 14 0  F        7849.77
DP   4  23 14 1  F        7981.29
DP   4  23 15 0  F        8078.99
DP   4  23 15 1  F        8115.22
DP   4  23 16 0  F        8097.95
DP   4  23 16 1  F        8038.94
DP   4  23 17 0  F        7929.72
DP   4  23 17 1  F        7764.92
DP   4  23 18 0  F        7572.01
DP   4  23 18 1  F        7397.14
DP   4  23 19 0  F        7328.27
DP   4  23 19 1  F        7420.68
DP   4  23 20 0  F        7556.91
DP   4  23 20 1  F        7616.56
DP   4  23 21 0  F        7640.16
DP   4  23 21 1  F        7690.09
DP   4  23 22 0  F        7755.30
DP   4  23 22 1  F        7812.45
DP   4  23 23 0  F        7862.52
DP   4  23 23 1  F        7912.58
DP   1  24 00 0  F        42325.66
DP   1  24 00 1  F        40718.42
DP   1  24 01 0  F        39316.70
DP   1  24 01 1  F        38267.83
DP   1  24 02 0  F        37486.44
DP   1  24 02 1  F        36851.68
DP   1  24 03 0  F        36333.46
DP   1  24 03 1  F        35937.44
DP   1  24 04 0  F        35721.44
DP   1  24 04 1  F        35734.68
DP   1  24 05 0  F        35939.63
DP   1  24 05 1  F        36291.61
DP   1  24 06 0  F        36803.88
DP   1  24 06 1  F        37526.64
DP   1  24 07 0  F        38600.04
DP   1  24 07 1  F        40091.50
DP   1  24 08 0  F        41687.88
DP   1  24 08 1  F        43050.75
DP   1  24 09 0  F        44121.31
DP   1  24 09 1  F        44924.71
DP   1  24 10 0  F        45542.48
DP   1  24 10 1  F        46049.68
DP   1  24 11 0  F        46439.28
DP   1  24 11 1  F        46665.20
DP   1  24 12 0  F        46607.30
DP   1  24 12 1  F        46246.16
DP   1  24 13 0  F        46039.21
DP   1  24 13 1  F        46378.89
DP   1  24 14 0  F        46920.91
DP   1  24 14 1  F        47243.65
DP   1  24 15 0  F        47352.88
DP   1  24 15 1  F        47360.07
DP   1  24 16 0  F        47372.19
DP   1  24 16 1  F        47407.73
DP   1  24 17 0  F        47135.88
DP   1  24 17 1  F        46308.72
DP   1  24 18 0  F        45359.09
DP   1  24 18 1  F        44845.14
DP   1  24 19 0  F        45145.25
DP   1  24 19 1  F        46338.71
DP   1  24 20 0  F        47488.13
DP   1  24 20 1  F        47701.47
DP   1  24 21 0  F        47284.66
DP   1  24 21 1  F        46706.66
DP   1  24 22 0  F        45890.27
DP   1  24 22 1  F        44695.08
DP   1  24 23 0  F        43273.85
DP   1  24 23 1  F        41852.62
DP   2  24 00 0  F        13612.03
DP   2  24 00 1  F        13025.57
DP   2  24 01 0  F        12519.25
DP   2  24 01 1  F        12148.16
DP   2  24 02 0  F        11867.34
DP   2  24 02 1  F        11623.35
DP   2  24 03 0  F        11428.93
DP   2  24 03 1  F        11304.24
DP   2  24 04 0  F        11232.79
DP   2  24 04 1  F        11200.09
DP   2  24 05 0  F        11236.22
DP   2  24 05 1  F        11364.73
DP   2  24 06 0  F        11538.47
DP   2  24 06 1  F        11737.03
DP   2  24 07 0  F        12117.65
DP   2  24 07 1  F        12800.54
DP   2  24 08 0  F        13580.05
DP   2  24 08 1  F        14215.86
DP   2  24 09 0  F        14654.83
DP   2  24 09 1  F        14914.96
DP   2  24 10 0  F        15111.90
DP   2  24 10 1  F        15354.24
DP   2  24 11 0  F        15625.01
DP   2  24 11 1  F        15841.33
DP   2  24 12 0  F        15782.37
DP   2  24 12 1  F        15339.72
DP   2  24 13 0  F        14992.62
DP   2  24 13 1  F        15179.80
DP   2  24 14 0  F        15590.27
DP   2  24 14 1  F        15825.76
DP   2  24 15 0  F        15888.61
DP   2  24 15 1  F        15874.09
DP   2  24 16 0  F        15848.53
DP   2  24 16 1  F        15850.25
DP   2  24 17 0  F        15834.48
DP   2  24 17 1  F        15733.45
DP   2  24 18 0  F        15470.29
DP   2  24 18 1  F        15046.91
DP   2  24 19 0  F        14789.22
DP   2  24 19 1  F        14962.65
DP   2  24 20 0  F        15266.65
DP   2  24 20 1  F        15353.27
DP   2  24 21 0  F        15250.96
DP   2  24 21 1  F        15061.28
DP   2  24 22 0  F        14801.91
DP   2  24 22 1  F        14476.16
DP   2  24 23 0  F        14113.91
DP   2  24 23 1  F        13751.67
DP   3  24 00 0  F        14018.59
DP   3  24 00 1  F        13759.28
DP   3  24 01 0  F        13523.70
DP   3  24 01 1  F        13327.98
DP   3  24 02 0  F        13157.91
DP   3  24 02 1  F        12997.24
DP   3  24 03 0  F        12851.95
DP   3  24 03 1  F        12734.86
DP   3  24 04 0  F        12664.00
DP   3  24 04 1  F        12632.73
DP   3  24 05 0  F        12530.38
DP   3  24 05 1  F        12269.15
DP   3  24 06 0  F        11956.69
DP   3  24 06 1  F        11739.78
DP   3  24 07 0  F        11726.46
DP   3  24 07 1  F        11978.37
DP   3  24 08 0  F        12410.44
DP   3  24 08 1  F        12900.98
DP   3  24 09 0  F        13328.79
DP   3  24 09 1  F        13606.25
DP   3  24 10 0  F        13779.76
DP   3  24 10 1  F        13916.73
DP   3  24 11 0  F        14034.42
DP   3  24 11 1  F        14123.46
DP   3  24 12 0  F        14117.83
DP   3  24 12 1  F        13984.60
DP   3  24 13 0  F        13879.78
DP   3  24 13 1  F        13952.67
DP   3  24 14 0  F        14136.87
DP   3  24 14 1  F        14323.41
DP   3  24 15 0  F        14448.89
DP   3  24 15 1  F        14476.43
DP   3  24 16 0  F        14429.59
DP   3  24 16 1  F        14321.79
DP   3  24 17 0  F        14065.43
DP   3  24 17 1  F        13627.57
DP   3  24 18 0  F        13294.82
DP   3  24 18 1  F        13319.62
DP   3  24 19 0  F        13498.20
DP   3  24 19 1  F        13576.64
DP   3  24 20 0  F        13556.78
DP   3  24 20 1  F        13515.74
DP   3  24 21 0  F        13576.22
DP   3  24 21 1  F        13812.86
DP   3  24 22 0  F        14062.60
DP   3  24 22 1  F        14157.50
DP   3  24 23 0  F        14147.71
DP   3  24 23 1  F        14137.92
DP   4  24 00 0  F        7839.52
DP   4  24 00 1  F        7795.23
DP   4  24 01 0  F        7738.87
DP   4  24 01 1  F        7662.99
DP   4  24 02 0  F        7578.72
DP   4  24 02 1  F        7497.21
DP   4  24 03 0  F        7411.02
DP   4  24 03 1  F        7315.11
DP   4  24 04 0  F        7232.58
DP   4  24 04 1  F        7184.56
DP   4  24 05 0  F        7156.14
DP   4  24 05 1  F        7122.36
DP   4  24 06 0  F        7054.29
DP   4  24 06 1  F        6938.63
DP   4  24 07 0  F        6828.58
DP   4  24 07 1  F        6788.28
DP   4  24 08 0  F        6859.04
DP   4  24 08 1  F        7053.01
DP   4  24 09 0  F        7288.41
DP   4  24 09 1  F        7479.41
DP   4  24 10 0  F        7617.83
DP   4  24 10 1  F        7715.03
DP   4  24 11 0  F        7782.64
DP   4  24 11 1  F        7824.87
DP   4  24 12 0  F        7815.96
DP   4  24 12 1  F        7748.10
DP   4  24 13 0  F        7715.20
DP   4  24 13 1  F        7802.16
DP   4  24 14 0  F        7956.15
DP   4  24 14 1  F        8101.35
DP   4  24 15 0  F        8207.79
DP   4  24 15 1  F        8260.04
DP   4  24 16 0  F        8255.12
DP   4  24 16 1  F        8193.29
DP   4  24 17 0  F        8075.49
DP   4  24 17 1  F        7906.06
DP   4  24 18 0  F        7702.49
DP   4  24 18 1  F        7503.53
DP   4  24 19 0  F        7419.98
DP   4  24 19 1  F        7526.28
DP   4  24 20 0  F        7679.39
DP   4  24 20 1  F        7732.85
DP   4  24 21 0  F        7743.96
DP   4  24 21 1  F        7794.95
DP   4  24 22 0  F        7864.03
DP   4  24 22 1  F        7913.82
DP   4  24 23 0  F        7948.73
DP   4  24 23 1  F        7983.64
DP   1  25 00 0  F        40836.10
DP   1  25 00 1  F        39247.01
DP   1  25 01 0  F        37899.16
DP   1  25 01 1  F        36955.91
DP   1  25 02 0  F        36269.02
DP   1  25 02 1  F        35658.12
DP   1  25 03 0  F        35126.02
DP   1  25 03 1  F        34730.12
DP   1  25 04 0  F        34563.03
DP   1  25 04 1  F        34686.07
DP   1  25 05 0  F        35000.39
DP   1  25 05 1  F        35402.20
DP   1  25 06 0  F        35928.29
DP   1  25 06 1  F        36657.94
DP   1  25 07 0  F        37699.79
DP   1  25 07 1  F        39098.06
DP   1  25 08 0  F        40609.84
DP   1  25 08 1  F        41972.43
DP   1  25 09 0  F        43130.91
DP   1  25 09 1  F        44079.45
DP   1  25 10 0  F        44800.86
DP   1  25 10 1  F        45300.04
DP   1  25 11 0  F        45681.95
DP   1  25 11 1  F        46007.91
DP   1  25 12 0  F        46064.80
DP   1  25 12 1  F        45718.68
DP   1  25 13 0  F        45426.86
DP   1  25 13 1  F        45627.11
DP   1  25 14 0  F        46088.01
DP   1  25 14 1  F        46476.24
DP   1  25 15 0  F        46720.21
DP   1  25 15 1  F        46834.74
DP   1  25 16 0  F        46918.64
DP   1  25 16 1  F        47005.14
DP   1  25 17 0  F        46781.15
DP   1  25 17 1  F        46015.62
DP   1  25 18 0  F        45152.00
DP   1  25 18 1  F        44747.68
DP   1  25 19 0  F        45141.27
DP   1  25 19 1  F        46369.52
DP   1  25 20 0  F        47480.67
DP   1  25 20 1  F        47596.14
DP   1  25 21 0  F        47118.75
DP   1  25 21 1  F        46597.12
DP   1  25 22 0  F        45881.82
DP   1  25 22 1  F        44746.01
DP   1  25 23 0  F        43351.39
DP   1  25 23 1  F        41956.76
DP   2  25 00 0  F        13307.87
DP   2  25 00 1  F        12757.19
DP   2  25 01 0  F        12288.33
DP   2  25 01 1  F        11956.49
DP   2  25 02 0  F        11710.58
DP   2  25 02 1  F        11491.19
DP   2  25 03 0  F        11312.09
DP   2  25 03 1  F        11193.80
DP   2  25 04 0  F        11110.83
DP   2  25 04 1  F        11045.22
DP   2  25 05 0  F        11055.27
DP   2  25 05 1  F        11189.53
DP   2  25 06 0  F        11381.32
DP   2  25 06 1  F        11584.14
DP   2  25 07 0  F        11947.37
DP   2  25 07 1  F        12588.49
DP   2  25 08 0  F        13301.33
DP   2  25 08 1  F        13852.11
DP   2  25 09 0  F        14220.31
DP   2  25 09 1  F        14452.37
DP   2  25 10 0  F        14649.49
DP   2  25 10 1  F        14897.06
DP   2  25 11 0  F        15162.65
DP   2  25 11 1  F        15356.82
DP   2  25 12 0  F        15279.98
DP   2  25 12 1  F        14838.54
DP   2  25 13 0  F        14473.21
DP   2  25 13 1  F        14591.74
DP   2  25 14 0  F        14935.65
DP   2  25 14 1  F        15159.17
DP   2  25 15 0  F        15233.56
DP   2  25 15 1  F        15215.14
DP   2  25 16 0  F        15183.49
DP   2  25 16 1  F        15197.95
DP   2  25 17 0  F        15213.64
DP   2  25 17 1  F        15158.45
DP   2  25 18 0  F        14955.44
DP   2  25 18 1  F        14603.31
DP   2  25 19 0  F        14408.04
DP   2  25 19 1  F        14617.70
DP   2  25 20 0  F        14941.28
DP   2  25 20 1  F        15045.16
DP   2  25 21 0  F        14964.28
DP   2  25 21 1  F        14802.27
DP   2  25 22 0  F        14568.81
DP   2  25 22 1  F        14259.51
DP   2  25 23 0  F        13907.60
DP   2  25 23 1  F        13555.68
DP   3  25 00 0  F        14035.53
DP   3  25 00 1  F        13783.55
DP   3  25 01 0  F        13552.61
DP   3  25 01 1  F        13357.21
DP   3  25 02 0  F        13185.67
DP   3  25 02 1  F        13025.13
DP   3  25 03 0  F        12884.30
DP   3  25 03 1  F        12777.04
DP   3  25 04 0  F        12716.09
DP   3  25 04 1  F        12688.85
DP   3  25 05 0  F        12582.57
DP   3  25 05 1  F        12309.65
DP   3  25 06 0  F        11983.49
DP   3  25 06 1  F        11757.07
DP   3  25 07 0  F        11740.96
DP   3  25 07 1  F        11993.80
DP   3  25 08 0  F        12408.91
DP   3  25 08 1  F        12850.18
DP   3  25 09 0  F        13229.08
DP   3  25 09 1  F        13490.14
DP   3  25 10 0  F        13662.69
DP   3  25 10 1  F        13791.83
DP   3  25 11 0  F        13900.95
DP   3  25 11 1  F        13990.03
DP   3  25 12 0  F        13987.23
DP   3  25 12 1  F        13854.01
DP   3  25 13 0  F        13757.04
DP   3  25 13 1  F        13853.66
DP   3  25 14 0  F        14058.86
DP   3  25 14 1  F        14246.61
DP   3  25 15 0  F        14369.41
DP   3  25 15 1  F        14407.97
DP   3  25 16 0  F        14377.41
DP   3  25 16 1  F        14279.74
DP   3  25 17 0  F        14030.00
DP   3  25 17 1  F        13601.92
DP   3  25 18 0  F        13291.02
DP   3  25 18 1  F        13353.63
DP   3  25 19 0  F        13567.59
DP   3  25 19 1  F        13659.66
DP   3  25 20 0  F        13630.64
DP   3  25 20 1  F        13565.75
DP   3  25 21 0  F        13613.59
DP   3  25 21 1  F        13868.93
DP   3  25 22 0  F        14147.79
DP   3  25 22 1  F        14257.94
DP   3  25 23 0  F        14253.01
DP   3  25 23 1  F        14248.08
DP   4  25 00 0  F        8049.69
DP   4  25 00 1  F        8006.83
DP   4  25 01 0  F        7945.14
DP   4  25 01 1  F        7854.31
DP   4  25 02 0  F        7758.01
DP   4  25 02 1  F        7678.54
DP   4  25 03 0  F        7598.55
DP   4  25 03 1  F        7501.26
DP   4  25 04 0  F        7411.71
DP   4  25 04 1  F        7355.31
DP   4  25 05 0  F        7317.02
DP   4  25 05 1  F        7271.35
DP   4  25 06 0  F        7191.38
DP   4  25 06 1  F        7065.53
DP   4  25 07 0  F        6944.70
DP   4  25 07 1  F        6892.53
DP   4  25 08 0  F        6961.01
DP   4  25 08 1  F        7169.95
DP   4  25 09 0  F        7422.19
DP   4  25 09 1  F        7616.55
DP   4  25 10 0  F        7752.76
DP   4  25 10 1  F        7851.57
DP   4  25 11 0  F        7917.01
DP   4  25 11 1  F        7946.21
DP   4  25 12 0  F        7925.31
DP   4  25 12 1  F        7858.70
DP   4  25 13 0  F        7834.67
DP   4  25 13 1  F        7930.72
DP   4  25 14 0  F        8097.19
DP   4  25 14 1  F        8259.81
DP   4  25 15 0  F        8372.88
DP   4  25 15 1  F        8409.12
DP   4  25 16 0  F        8386.26
DP   4  25 16 1  F        8324.18
DP   4  25 17 0  F        8206.38
DP   4  25 17 1  F        8018.75
DP   4  25 18 0  F        7793.20
DP   4  25 18 1  F        7583.97
DP   4  25 19 0  F        7488.43
DP   4  25 19 1  F        7569.35
DP   4  25 20 0  F        7708.08
DP   4  25 20 1  F        7779.80
DP   4  25 21 0  F        7816.73
DP   4  25 21 1  F        7874.16
DP   4  25 22 0  F        7942.91
DP   4  25 22 1  F        8003.03
DP   4  25 23 0  F        8056.14
DP   4  25 23 1  F        8109.26
DP   1  26 00 0  F        41356.49
DP   1  26 00 1  F        39821.25
DP   1  26 01 0  F        38454.48
DP   1  26 01 1  F        37379.40
DP   1  26 02 0  F        36538.21
DP   1  26 02 1  F        35849.85
DP   1  26 03 0  F        35321.19
DP   1  26 03 1  F        34976.39
DP   1  26 04 0  F        34820.76
DP   1  26 04 1  F        34848.66
DP   1  26 05 0  F        35029.48
DP   1  26 05 1  F        35344.58
DP   1  26 06 0  F        35848.05
DP   1  26 06 1  F        36620.19
DP   1  26 07 0  F        37773.41
DP   1  26 07 1  F        39346.87
DP   1  26 08 0  F        41054.70
DP   1  26 08 1  F        42589.65
DP   1  26 09 0  F        43883.88
DP   1  26 09 1  F        44935.30
DP   1  26 10 0  F        45765.58
DP   1  26 10 1  F        46406.73
DP   1  26 11 0  F        46908.56
DP   1  26 11 1  F        47284.17
DP   1  26 12 0  F        47381.89
DP   1  26 12 1  F        47138.73
DP   1  26 13 0  F        47011.16
DP   1  26 13 1  F        47400.87
DP   1  26 14 0  F        47970.95
DP   1  26 14 1  F        48317.65
DP   1  26 15 0  F        48508.50
DP   1  26 15 1  F        48669.48
DP   1  26 16 0  F        48689.15
DP   1  26 16 1  F        48427.46
DP   1  26 17 0  F        47867.23
DP   1  26 17 1  F        47066.02
DP   1  26 18 0  F        46257.35
DP   1  26 18 1  F        45754.45
DP   1  26 19 0  F        46013.53
DP   1  26 19 1  F        47222.46
DP   1  26 20 0  F        48352.86
DP   1  26 20 1  F        48431.48
DP   1  26 21 0  F        47921.84
DP   1  26 21 1  F        47448.04
DP   1  26 22 0  F        46839.82
DP   1  26 22 1  F        45831.71
DP   1  26 23 0  F        44571.95
DP   1  26 23 1  F        43312.18
DP   2  26 00 0  F        13186.36
DP   2  26 00 1  F        12634.30
DP   2  26 01 0  F        12156.01
DP   2  26 01 1  F        11802.81
DP   2  26 02 0  F        11536.05
DP   2  26 02 1  F        11308.28
DP   2  26 03 0  F        11126.78
DP   2  26 03 1  F        11003.89
DP   2  26 04 0  F        10917.43
DP   2  26 04 1  F        10854.00
DP   2  26 05 0  F        10869.87
DP   2  26 05 1  F        11012.43
DP   2  26 06 0  F        11223.82
DP   2  26 06 1  F        11462.94
DP   2  26 07 0  F        11860.92
DP   2  26 07 1  F        12520.70
DP   2  26 08 0  F        13260.13
DP   2  26 08 1  F        13864.25
DP   2  26 09 0  F        14272.03
DP   2  26 09 1  F        14493.02
DP   2  26 10 0  F        14665.31
DP   2  26 10 1  F        14917.12
DP   2  26 11 0  F        15208.51
DP   2  26 11 1  F        15431.96
DP   2  26 12 0  F        15377.62
DP   2  26 12 1  F        14948.38
DP   2  26 13 0  F        14600.22
DP   2  26 13 1  F        14754.58
DP   2  26 14 0  F        15141.46
DP   2  26 14 1  F        15398.58
DP   2  26 15 0  F        15485.93
DP   2  26 15 1  F        15453.76
DP   2  26 16 0  F        15390.94
DP   2  26 16 1  F        15368.98
DP   2  26 17 0  F        15351.32
DP   2  26 17 1  F        15269.96
DP   2  26 18 0  F        15039.35
DP   2  26 18 1  F        14651.34
DP   2  26 19 0  F        14424.98
DP   2  26 19 1  F        14621.54
DP   2  26 20 0  F        14943.79
DP   2  26 20 1  F        15048.61
DP   2  26 21 0  F        14967.71
DP   2  26 21 1  F        14805.38
DP   2  26 22 0  F        14581.60
DP   2  26 22 1  F        14300.69
DP   2  26 23 0  F        13988.50
DP   2  26 23 1  F        13676.31
DP   3  26 00 0  F        14049.04
DP   3  26 00 1  F        13782.89
DP   3  26 01 0  F        13540.39
DP   3  26 01 1  F        13339.18
DP   3  26 02 0  F        13172.77
DP   3  26 02 1  F        13029.37
DP   3  26 03 0  F        12899.88
DP   3  26 03 1  F        12783.09
DP   3  26 04 0  F        12706.48
DP   3  26 04 1  F        12673.95
DP   3  26 05 0  F        12566.36
DP   3  26 05 1  F        12287.15
DP   3  26 06 0  F        11953.02
DP   3  26 06 1  F        11721.35
DP   3  26 07 0  F        11698.96
DP   3  26 07 1  F        11941.46
DP   3  26 08 0  F        12350.13
DP   3  26 08 1  F        12793.85
DP   3  26 09 0  F        13166.25
DP   3  26 09 1  F        13396.76
DP   3  26 10 0  F        13533.43
DP   3  26 10 1  F        13642.64
DP   3  26 11 0  F        13745.45
DP   3  26 11 1  F        13834.33
DP   3  26 12 0  F        13832.78
DP   3  26 12 1  F        13698.44
DP   3  26 13 0  F        13594.38
DP   3  26 13 1  F        13676.86
DP   3  26 14 0  F        13869.39
DP   3  26 14 1  F        14052.26
DP   3  26 15 0  F        14165.42
DP   3  26 15 1  F        14179.34
DP   3  26 16 0  F        14126.65
DP   3  26 16 1  F        14026.93
DP   3  26 17 0  F        13785.49
DP   3  26 17 1  F        13366.45
DP   3  26 18 0  F        13083.65
DP   3  26 18 1  F        13205.98
DP   3  26 19 0  F        13472.87
DP   3  26 19 1  F        13574.20
DP   3  26 20 0  F        13531.20
DP   3  26 20 1  F        13456.50
DP   3  26 21 0  F        13497.17
DP   3  26 21 1  F        13741.38
DP   3  26 22 0  F        14007.36
DP   3  26 22 1  F        14106.36
DP   3  26 23 0  F        14091.64
DP   3  26 23 1  F        14076.91
DP   4  26 00 0  F        7904.53
DP   4  26 00 1  F        7862.23
DP   4  26 01 0  F        7803.81
DP   4  26 01 1  F        7720.10
DP   4  26 02 0  F        7629.87
DP   4  26 02 1  F        7551.51
DP   4  26 03 0  F        7474.04
DP   4  26 03 1  F        7385.16
DP   4  26 04 0  F        7296.64
DP   4  26 04 1  F        7224.04
DP   4  26 05 0  F        7174.04
DP   4  26 05 1  F        7139.51
DP   4  26 06 0  F        7066.99
DP   4  26 06 1  F        6919.64
DP   4  26 07 0  F        6773.42
DP   4  26 07 1  F        6718.50
DP   4  26 08 0  F        6789.25
DP   4  26 08 1  F        6982.81
DP   4  26 09 0  F        7203.37
DP   4  26 09 1  F        7357.43
DP   4  26 10 0  F        7453.81
DP   4  26 10 1  F        7520.71
DP   4  26 11 0  F        7561.42
DP   4  26 11 1  F        7572.74
DP   4  26 12 0  F        7550.22
DP   4  26 12 1  F        7502.29
DP   4  26 13 0  F        7490.08
DP   4  26 13 1  F        7566.23
DP   4  26 14 0  F        7696.66
DP   4  26 14 1  F        7828.84
DP   4  26 15 0  F        7923.29
DP   4  26 15 1  F        7952.84
DP   4  26 16 0  F        7926.53
DP   4  26 16 1  F        7858.31
DP   4  26 17 0  F        7745.55
DP   4  26 17 1  F        7588.15
DP   4  26 18 0  F        7412.78
DP   4  26 18 1  F        7263.63
DP   4  26 19 0  F        7228.24
DP   4  26 19 1  F        7357.56
DP   4  26 20 0  F        7512.94
DP   4  26 20 1  F        7558.81
DP   4  26 21 0  F        7561.81
DP   4  26 21 1  F        7610.74
DP   4  26 22 0  F        7680.91
DP   4  26 22 1  F        7730.72
DP   4  26 23 0  F        7764.62
DP   4  26 23 1  F        7798.51
