&   CARGA
&
&   ss  di hi m df hf m Demanda
&X  XX  XX XX X XX XX X XXXXXXXXXX
DP   1  06 00 0  F        43871.25
DP   1  06 00 1  F        42613.18
DP   1  06 01 0  F        41428.85
DP   1  06 01 1  F        40379.73
DP   1  06 02 0  F        39478.29
DP   1  06 02 1  F        38722.94
DP   1  06 03 0  F        38104.95
DP   1  06 03 1  F        37618.71
DP   1  06 04 0  F        37278.18
DP   1  06 04 1  F        37078.58
DP   1  06 05 0  F        36920.76
DP   1  06 05 1  F        36700.57
DP   1  06 06 0  F        36388.44
DP   1  06 06 1  F        36049.50
DP   1  06 07 0  F        36053.16
DP   1  06 07 1  F        36698.20
DP   1  06 08 0  F        37696.71
DP   1  06 08 1  F        38685.96
DP   1  06 09 0  F        39590.58
DP   1  06 09 1  F        40399.63
DP   1  06 10 0  F        41072.34
DP   1  06 10 1  F        41571.42
DP   1  06 11 0  F        41903.41
DP   1  06 11 1  F        42099.86
DP   1  06 12 0  F        42248.70
DP   1  06 12 1  F        42429.50
DP   1  06 13 0  F        42632.24
DP   1  06 13 1  F        42821.81
DP   1  06 14 0  F        42952.43
DP   1  06 14 1  F        42998.83
DP   1  06 15 0  F        43028.31
DP   1  06 15 1  F        43110.43
DP   1  06 16 0  F        43231.16
DP   1  06 16 1  F        43350.42
DP   1  06 17 0  F        43407.26
DP   1  06 17 1  F        43380.19
DP   1  06 18 0  F        43426.16
DP   1  06 18 1  F        43739.44
DP   1  06 19 0  F        44484.99
DP   1  06 19 1  F        45669.53
DP   1  06 20 0  F        46696.05
DP   1  06 20 1  F        46991.32
DP   1  06 21 0  F        46681.13
DP   1  06 21 1  F        46037.29
DP   1  06 22 0  F        45216.74
DP   1  06 22 1  F        44330.40
DP   1  06 23 0  F        43419.83
DP   1  06 23 1  F        42509.26
DP   2  06 00 0  F        13606.37
DP   2  06 00 1  F        13117.07
DP   2  06 01 0  F        12674.20
DP   2  06 01 1  F        12310.53
DP   2  06 02 0  F        12004.41
DP   2  06 02 1  F        11728.24
DP   2  06 03 0  F        11484.97
DP   2  06 03 1  F        11286.32
DP   2  06 04 0  F        11148.26
DP   2  06 04 1  F        11077.08
DP   2  06 05 0  F        11035.88
DP   2  06 05 1  F        10982.44
DP   2  06 06 0  F        10896.48
DP   2  06 06 1  F        10797.79
DP   2  06 07 0  F        10844.66
DP   2  06 07 1  F        11161.55
DP   2  06 08 0  F        11599.25
DP   2  06 08 1  F        11976.67
DP   2  06 09 0  F        12258.91
DP   2  06 09 1  F        12458.35
DP   2  06 10 0  F        12630.41
DP   2  06 10 1  F        12826.30
DP   2  06 11 0  F        13037.49
DP   2  06 11 1  F        13229.54
DP   2  06 12 0  F        13324.17
DP   2  06 12 1  F        13275.44
DP   2  06 13 0  F        13210.41
DP   2  06 13 1  F        13254.68
DP   2  06 14 0  F        13354.93
DP   2  06 14 1  F        13428.21
DP   2  06 15 0  F        13452.10
DP   2  06 15 1  F        13427.67
DP   2  06 16 0  F        13389.47
DP   2  06 16 1  F        13376.91
DP   2  06 17 0  F        13415.26
DP   2  06 17 1  F        13503.43
DP   2  06 18 0  F        13549.02
DP   2  06 18 1  F        13507.31
DP   2  06 19 0  F        13615.61
DP   2  06 19 1  F        14058.55
DP   2  06 20 0  F        14528.08
DP   2  06 20 1  F        14690.46
DP   2  06 21 0  F        14601.88
DP   2  06 21 1  F        14393.38
DP   2  06 22 0  F        14105.25
DP   2  06 22 1  F        13757.37
DP   2  06 23 0  F        13378.50
DP   2  06 23 1  F        12999.63
DP   3  06 00 0  F        14171.65
DP   3  06 00 1  F        13978.02
DP   3  06 01 0  F        13777.37
DP   3  06 01 1  F        13569.77
DP   3  06 02 0  F        13383.75
DP   3  06 02 1  F        13242.14
DP   3  06 03 0  F        13116.66
DP   3  06 03 1  F        12982.29
DP   3  06 04 0  F        12878.20
DP   3  06 04 1  F        12823.75
DP   3  06 05 0  F        12695.00
DP   3  06 05 1  F        12386.33
DP   3  06 06 0  F        12008.78
DP   3  06 06 1  F        11711.46
DP   3  06 07 0  F        11579.08
DP   3  06 07 1  F        11653.49
DP   3  06 08 0  F        11869.52
DP   3  06 08 1  F        12136.50
DP   3  06 09 0  F        12368.88
DP   3  06 09 1  F        12507.10
DP   3  06 10 0  F        12590.55
DP   3  06 10 1  F        12672.82
DP   3  06 11 0  F        12765.34
DP   3  06 11 1  F        12856.79
DP   3  06 12 0  F        12887.08
DP   3  06 12 1  F        12819.56
DP   3  06 13 0  F        12760.07
DP   3  06 13 1  F        12809.96
DP   3  06 14 0  F        12910.32
DP   3  06 14 1  F        12980.95
DP   3  06 15 0  F        13017.03
DP   3  06 15 1  F        13028.58
DP   3  06 16 0  F        13009.82
DP   3  06 16 1  F        12948.40
DP   3  06 17 0  F        12821.61
DP   3  06 17 1  F        12657.07
DP   3  06 18 0  F        12694.12
DP   3  06 18 1  F        13106.26
DP   3  06 19 0  F        13591.86
DP   3  06 19 1  F        13824.14
DP   3  06 20 0  F        13850.81
DP   3  06 20 1  F        13804.47
DP   3  06 21 0  F        13782.90
DP   3  06 21 1  F        13844.59
DP   3  06 22 0  F        13925.76
DP   3  06 22 1  F        13954.06
DP   3  06 23 0  F        13944.93
DP   3  06 23 1  F        13935.80
DP   4  06 00 0  F        7675.05
DP   4  06 00 1  F        7650.52
DP   4  06 01 0  F        7613.12
DP   4  06 01 1  F        7554.57
DP   4  06 02 0  F        7485.11
DP   4  06 02 1  F        7416.17
DP   4  06 03 0  F        7345.56
DP   4  06 03 1  F        7270.50
DP   4  06 04 0  F        7199.45
DP   4  06 04 1  F        7141.44
DP   4  06 05 0  F        7096.54
DP   4  06 05 1  F        7055.75
DP   4  06 06 0  F        6982.82
DP   4  06 06 1  F        6852.39
DP   4  06 07 0  F        6710.03
DP   4  06 07 1  F        6610.07
DP   4  06 08 0  F        6570.95
DP   4  06 08 1  F        6595.17
DP   4  06 09 0  F        6657.37
DP   4  06 09 1  F        6728.07
DP   4  06 10 0  F        6789.15
DP   4  06 10 1  F        6829.64
DP   4  06 11 0  F        6855.62
DP   4  06 11 1  F        6873.09
DP   4  06 12 0  F        6870.50
DP   4  06 12 1  F        6841.08
DP   4  06 13 0  F        6814.52
DP   4  06 13 1  F        6821.27
DP   4  06 14 0  F        6858.40
DP   4  06 14 1  F        6914.03
DP   4  06 15 0  F        6973.99
DP   4  06 15 1  F        7021.79
DP   4  06 16 0  F        7034.10
DP   4  06 16 1  F        6995.36
DP   4  06 17 0  F        6928.06
DP   4  06 17 1  F        6861.10
DP   4  06 18 0  F        6811.03
DP   4  06 18 1  F        6794.70
DP   4  06 19 0  F        6842.68
DP   4  06 19 1  F        6968.40
DP   4  06 20 0  F        7102.91
DP   4  06 20 1  F        7178.17
DP   4  06 21 0  F        7212.06
DP   4  06 21 1  F        7237.63
DP   4  06 22 0  F        7262.69
DP   4  06 22 1  F        7288.43
DP   4  06 23 0  F        7314.66
DP   4  06 23 1  F        7340.90
DP   1  07 00 0  F        41972.35
DP   1  07 00 1  F        40908.24
DP   1  07 01 0  F        39879.82
DP   1  07 01 1  F        38920.82
DP   1  07 02 0  F        38057.20
DP   1  07 02 1  F        37307.99
DP   1  07 03 0  F        36672.39
DP   1  07 03 1  F        36150.20
DP   1  07 04 0  F        35763.39
DP   1  07 04 1  F        35510.62
DP   1  07 05 0  F        35275.29
DP   1  07 05 1  F        34930.53
DP   1  07 06 0  F        34423.84
DP   1  07 06 1  F        33797.74
DP   1  07 07 0  F        33400.54
DP   1  07 07 1  F        33533.75
DP   1  07 08 0  F        34005.97
DP   1  07 08 1  F        34557.49
DP   1  07 09 0  F        35148.39
DP   1  07 09 1  F        35773.70
DP   1  07 10 0  F        36348.39
DP   1  07 10 1  F        36802.82
DP   1  07 11 0  F        37208.82
DP   1  07 11 1  F        37646.90
DP   1  07 12 0  F        38090.94
DP   1  07 12 1  F        38484.17
DP   1  07 13 0  F        38753.99
DP   1  07 13 1  F        38855.47
DP   1  07 14 0  F        38870.21
DP   1  07 14 1  F        38893.42
DP   1  07 15 0  F        38947.98
DP   1  07 15 1  F        39048.00
DP   1  07 16 0  F        39244.59
DP   1  07 16 1  F        39574.63
DP   1  07 17 0  F        39980.99
DP   1  07 17 1  F        40394.99
DP   1  07 18 0  F        40795.71
DP   1  07 18 1  F        41234.34
DP   1  07 19 0  F        42002.68
DP   1  07 19 1  F        43271.53
DP   1  07 20 0  F        44487.05
DP   1  07 20 1  F        45074.70
DP   1  07 21 0  F        45101.72
DP   1  07 21 1  F        44776.54
DP   1  07 22 0  F        44230.42
DP   1  07 22 1  F        43565.76
DP   1  07 23 0  F        42846.61
DP   1  07 23 1  F        42127.46
DP   2  07 00 0  F        12980.50
DP   2  07 00 1  F        12528.96
DP   2  07 01 0  F        12120.08
DP   2  07 01 1  F        11784.18
DP   2  07 02 0  F        11502.22
DP   2  07 02 1  F        11247.70
DP   2  07 03 0  F        11013.58
DP   2  07 03 1  F        10804.56
DP   2  07 04 0  F        10652.78
DP   2  07 04 1  F        10577.02
DP   2  07 05 0  F        10515.06
DP   2  07 05 1  F        10401.54
DP   2  07 06 0  F        10239.66
DP   2  07 06 1  F        10074.93
DP   2  07 07 0  F        10053.66
DP   2  07 07 1  F        10288.34
DP   2  07 08 0  F        10655.19
DP   2  07 08 1  F        10997.19
DP   2  07 09 0  F        11260.48
DP   2  07 09 1  F        11441.18
DP   2  07 10 0  F        11632.31
DP   2  07 10 1  F        11916.00
DP   2  07 11 0  F        12233.99
DP   2  07 11 1  F        12498.17
DP   2  07 12 0  F        12641.44
DP   2  07 12 1  F        12640.22
DP   2  07 13 0  F        12623.81
DP   2  07 13 1  F        12714.40
DP   2  07 14 0  F        12852.78
DP   2  07 14 1  F        12953.65
DP   2  07 15 0  F        13008.64
DP   2  07 15 1  F        13030.19
DP   2  07 16 0  F        13036.83
DP   2  07 16 1  F        13052.59
DP   2  07 17 0  F        13117.33
DP   2  07 17 1  F        13241.57
DP   2  07 18 0  F        13302.71
DP   2  07 18 1  F        13233.36
DP   2  07 19 0  F        13320.22
DP   2  07 19 1  F        13801.42
DP   2  07 20 0  F        14366.66
DP   2  07 20 1  F        14663.78
DP   2  07 21 0  F        14721.54
DP   2  07 21 1  F        14649.80
DP   2  07 22 0  F        14501.87
DP   2  07 22 1  F        14313.46
DP   2  07 23 0  F        14106.53
DP   2  07 23 1  F        13899.60
DP   3  07 00 0  F        13710.04
DP   3  07 00 1  F        13515.79
DP   3  07 01 0  F        13321.99
DP   3  07 01 1  F        13132.37
DP   3  07 02 0  F        12963.95
DP   3  07 02 1  F        12828.93
DP   3  07 03 0  F        12707.08
DP   3  07 03 1  F        12581.59
DP   3  07 04 0  F        12481.85
DP   3  07 04 1  F        12417.57
DP   3  07 05 0  F        12273.56
DP   3  07 05 1  F        11951.31
DP   3  07 06 0  F        11544.16
DP   3  07 06 1  F        11181.15
DP   3  07 07 0  F        10942.33
DP   3  07 07 1  F        10869.38
DP   3  07 08 0  F        10899.50
DP   3  07 08 1  F        10954.96
DP   3  07 09 0  F        11002.90
DP   3  07 09 1  F        11029.48
DP   3  07 10 0  F        11052.16
DP   3  07 10 1  F        11092.19
DP   3  07 11 0  F        11154.95
DP   3  07 11 1  F        11236.45
DP   3  07 12 0  F        11311.24
DP   3  07 12 1  F        11356.60
DP   3  07 13 0  F        11382.40
DP   3  07 13 1  F        11404.97
DP   3  07 14 0  F        11433.97
DP   3  07 14 1  F        11473.00
DP   3  07 15 0  F        11508.03
DP   3  07 15 1  F        11526.57
DP   3  07 16 0  F        11539.95
DP   3  07 16 1  F        11557.97
DP   3  07 17 0  F        11560.58
DP   3  07 17 1  F        11565.15
DP   3  07 18 0  F        11768.81
DP   3  07 18 1  F        12304.89
DP   3  07 19 0  F        12871.80
DP   3  07 19 1  F        13157.18
DP   3  07 20 0  F        13240.51
DP   3  07 20 1  F        13273.56
DP   3  07 21 0  F        13305.48
DP   3  07 21 1  F        13352.14
DP   3  07 22 0  F        13398.86
DP   3  07 22 1  F        13428.91
DP   3  07 23 0  F        13447.84
DP   3  07 23 1  F        13466.78
DP   4  07 00 0  F        7323.09
DP   4  07 00 1  F        7294.15
DP   4  07 01 0  F        7261.84
DP   4  07 01 1  F        7222.25
DP   4  07 02 0  F        7169.40
DP   4  07 02 1  F        7101.39
DP   4  07 03 0  F        7034.92
DP   4  07 03 1  F        6984.09
DP   4  07 04 0  F        6934.19
DP   4  07 04 1  F        6871.33
DP   4  07 05 0  F        6813.80
DP   4  07 05 1  F        6774.14
DP   4  07 06 0  F        6709.75
DP   4  07 06 1  F        6583.76
DP   4  07 07 0  F        6437.41
DP   4  07 07 1  F        6319.90
DP   4  07 08 0  F        6234.26
DP   4  07 08 1  F        6173.14
DP   4  07 09 0  F        6133.80
DP   4  07 09 1  F        6113.44
DP   4  07 10 0  F        6104.26
DP   4  07 10 1  F        6098.99
DP   4  07 11 0  F        6097.28
DP   4  07 11 1  F        6099.72
DP   4  07 12 0  F        6103.57
DP   4  07 12 1  F        6107.60
DP   4  07 13 0  F        6119.71
DP   4  07 13 1  F        6147.60
DP   4  07 14 0  F        6188.98
DP   4  07 14 1  F        6238.29
DP   4  07 15 0  F        6286.89
DP   4  07 15 1  F        6326.02
DP   4  07 16 0  F        6349.44
DP   4  07 16 1  F        6353.16
DP   4  07 17 0  F        6339.54
DP   4  07 17 1  F        6319.06
DP   4  07 18 0  F        6328.07
DP   4  07 18 1  F        6400.39
DP   4  07 19 0  F        6533.54
DP   4  07 19 1  F        6705.95
DP   4  07 20 0  F        6856.00
DP   4  07 20 1  F        6933.42
DP   4  07 21 0  F        6973.70
DP   4  07 21 1  F        7022.43
DP   4  07 22 0  F        7080.10
DP   4  07 22 1  F        7137.89
DP   4  07 23 0  F        7194.76
DP   4  07 23 1  F        7251.63
DP   1  08 00 0  F        41559.27
DP   1  08 00 1  F        40580.30
DP   1  08 01 0  F        39619.57
DP   1  08 01 1  F        38707.74
DP   1  08 02 0  F        37925.11
DP   1  08 02 1  F        37337.11
DP   1  08 03 0  F        36900.09
DP   1  08 03 1  F        36561.88
DP   1  08 04 0  F        36345.29
DP   1  08 04 1  F        36275.45
DP   1  08 05 0  F        36311.88
DP   1  08 05 1  F        36422.22
DP   1  08 06 0  F        36672.37
DP   1  08 06 1  F        37161.24
DP   1  08 07 0  F        38021.56
DP   1  08 07 1  F        39332.64
DP   1  08 08 0  F        40926.19
DP   1  08 08 1  F        42573.88
DP   1  08 09 0  F        44054.70
DP   1  08 09 1  F        45214.33
DP   1  08 10 0  F        46158.12
DP   1  08 10 1  F        47001.57
DP   1  08 11 0  F        47641.29
DP   1  08 11 1  F        47966.90
DP   1  08 12 0  F        48059.04
DP   1  08 12 1  F        48076.95
DP   1  08 13 0  F        48303.29
DP   1  08 13 1  F        48933.70
DP   1  08 14 0  F        49692.46
DP   1  08 14 1  F        50260.50
DP   1  08 15 0  F        50616.73
DP   1  08 15 1  F        50819.91
DP   1  08 16 0  F        50950.25
DP   1  08 16 1  F        51002.18
DP   1  08 17 0  F        50605.70
DP   1  08 17 1  F        49480.46
DP   1  08 18 0  F        48069.30
DP   1  08 18 1  F        46975.94
DP   1  08 19 0  F        46724.38
DP   1  08 19 1  F        47560.33
DP   1  08 20 0  F        48696.05
DP   1  08 20 1  F        49320.55
DP   1  08 21 0  F        49563.45
DP   1  08 21 1  F        49684.71
DP   1  08 22 0  F        49524.92
DP   1  08 22 1  F        48909.34
DP   1  08 23 0  F        48021.12
DP   1  08 23 1  F        47132.91
DP   2  08 00 0  F        13627.44
DP   2  08 00 1  F        13236.61
DP   2  08 01 0  F        12870.70
DP   2  08 01 1  F        12551.71
DP   2  08 02 0  F        12289.85
DP   2  08 02 1  F        12085.80
DP   2  08 03 0  F        11913.86
DP   2  08 03 1  F        11755.40
DP   2  08 04 0  F        11646.57
DP   2  08 04 1  F        11622.98
DP   2  08 05 0  F        11663.58
DP   2  08 05 1  F        11739.88
DP   2  08 06 0  F        11850.48
DP   2  08 06 1  F        12027.34
DP   2  08 07 0  F        12408.97
DP   2  08 07 1  F        13097.24
DP   2  08 08 0  F        13941.11
DP   2  08 08 1  F        14743.17
DP   2  08 09 0  F        15373.53
DP   2  08 09 1  F        15766.70
DP   2  08 10 0  F        16047.12
DP   2  08 10 1  F        16354.17
DP   2  08 11 0  F        16696.79
DP   2  08 11 1  F        17005.76
DP   2  08 12 0  F        17029.51
DP   2  08 12 1  F        16645.53
DP   2  08 13 0  F        16430.05
DP   2  08 13 1  F        16895.89
DP   2  08 14 0  F        17603.76
DP   2  08 14 1  F        18015.00
DP   2  08 15 0  F        18145.81
DP   2  08 15 1  F        18135.35
DP   2  08 16 0  F        18059.76
DP   2  08 16 1  F        17958.13
DP   2  08 17 0  F        17784.49
DP   2  08 17 1  F        17462.93
DP   2  08 18 0  F        16882.95
DP   2  08 18 1  F        16054.55
DP   2  08 19 0  F        15504.18
DP   2  08 19 1  F        15667.69
DP   2  08 20 0  F        16101.99
DP   2  08 20 1  F        16294.06
DP   2  08 21 0  F        16329.96
DP   2  08 21 1  F        16384.27
DP   2  08 22 0  F        16386.36
DP   2  08 22 1  F        16241.65
DP   2  08 23 0  F        16004.88
DP   2  08 23 1  F        15768.11
DP   3  08 00 0  F        13624.54
DP   3  08 00 1  F        13402.27
DP   3  08 01 0  F        13193.42
DP   3  08 01 1  F        13009.34
DP   3  08 02 0  F        12853.05
DP   3  08 02 1  F        12722.46
DP   3  08 03 0  F        12603.26
DP   3  08 03 1  F        12487.91
DP   3  08 04 0  F        12408.04
DP   3  08 04 1  F        12374.04
DP   3  08 05 0  F        12271.93
DP   3  08 05 1  F        12010.02
DP   3  08 06 0  F        11709.96
DP   3  08 06 1  F        11529.06
DP   3  08 07 0  F        11553.99
DP   3  08 07 1  F        11826.35
DP   3  08 08 0  F        12278.14
DP   3  08 08 1  F        12803.61
DP   3  08 09 0  F        13255.53
DP   3  08 09 1  F        13523.85
DP   3  08 10 0  F        13688.81
DP   3  08 10 1  F        13850.52
DP   3  08 11 0  F        13998.29
DP   3  08 11 1  F        14089.15
DP   3  08 12 0  F        14061.58
DP   3  08 12 1  F        13901.66
DP   3  08 13 0  F        13804.47
DP   3  08 13 1  F        13943.56
DP   3  08 14 0  F        14197.43
DP   3  08 14 1  F        14402.34
DP   3  08 15 0  F        14520.53
DP   3  08 15 1  F        14551.72
DP   3  08 16 0  F        14519.63
DP   3  08 16 1  F        14425.99
DP   3  08 17 0  F        14160.55
DP   3  08 17 1  F        13678.99
DP   3  08 18 0  F        13312.53
DP   3  08 18 1  F        13353.96
DP   3  08 19 0  F        13566.71
DP   3  08 19 1  F        13654.79
DP   3  08 20 0  F        13613.70
DP   3  08 20 1  F        13533.57
DP   3  08 21 0  F        13591.45
DP   3  08 21 1  F        13901.28
DP   3  08 22 0  F        14237.63
DP   3  08 22 1  F        14365.62
DP   3  08 23 0  F        14351.76
DP   3  08 23 1  F        14337.90
DP   4  08 00 0  F        7347.53
DP   4  08 00 1  F        7324.32
DP   4  08 01 0  F        7291.86
DP   4  08 01 1  F        7243.18
DP   4  08 02 0  F        7180.47
DP   4  08 02 1  F        7109.15
DP   4  08 03 0  F        7038.38
DP   4  08 03 1  F        6976.12
DP   4  08 04 0  F        6921.82
DP   4  08 04 1  F        6874.15
DP   4  08 05 0  F        6837.33
DP   4  08 05 1  F        6808.53
DP   4  08 06 0  F        6751.36
DP   4  08 06 1  F        6641.14
DP   4  08 07 0  F        6533.58
DP   4  08 07 1  F        6492.96
DP   4  08 08 0  F        6537.36
DP   4  08 08 1  F        6662.91
DP   4  08 09 0  F        6824.19
DP   4  08 09 1  F        6973.41
DP   4  08 10 0  F        7095.00
DP   4  08 10 1  F        7181.84
DP   4  08 11 0  F        7228.50
DP   4  08 11 1  F        7233.83
DP   4  08 12 0  F        7212.00
DP   4  08 12 1  F        7182.88
DP   4  08 13 0  F        7173.68
DP   4  08 13 1  F        7207.14
DP   4  08 14 0  F        7280.73
DP   4  08 14 1  F        7380.62
DP   4  08 15 0  F        7472.88
DP   4  08 15 1  F        7525.32
DP   4  08 16 0  F        7532.71
DP   4  08 16 1  F        7495.84
DP   4  08 17 0  F        7412.61
DP   4  08 17 1  F        7283.29
DP   4  08 18 0  F        7120.69
DP   4  08 18 1  F        6955.20
DP   4  08 19 0  F        6875.13
DP   4  08 19 1  F        6943.97
DP   4  08 20 0  F        7068.06
DP   4  08 20 1  F        7146.21
DP   4  08 21 0  F        7204.21
DP   4  08 21 1  F        7284.96
DP   4  08 22 0  F        7373.03
DP   4  08 22 1  F        7445.28
DP   4  08 23 0  F        7506.16
DP   4  08 23 1  F        7567.04
DP   1  09 00 0  F        46206.34
DP   1  09 00 1  F        44822.28
DP   1  09 01 0  F        43525.73
DP   1  09 01 1  F        42391.67
DP   1  09 02 0  F        41444.72
DP   1  09 02 1  F        40688.95
DP   1  09 03 0  F        40096.47
DP   1  09 03 1  F        39642.31
DP   1  09 04 0  F        39345.34
DP   1  09 04 1  F        39217.03
DP   1  09 05 0  F        39195.52
DP   1  09 05 1  F        39224.25
DP   1  09 06 0  F        39341.27
DP   1  09 06 1  F        39641.99
DP   1  09 07 0  F        40356.55
DP   1  09 07 1  F        41652.02
DP   1  09 08 0  F        43308.26
DP   1  09 08 1  F        45021.04
DP   1  09 09 0  F        46536.85
DP   1  09 09 1  F        47688.01
DP   1  09 10 0  F        48599.34
DP   1  09 10 1  F        49410.58
DP   1  09 11 0  F        50028.82
DP   1  09 11 1  F        50344.66
DP   1  09 12 0  F        50415.66
DP   1  09 12 1  F        50388.80
DP   1  09 13 0  F        50601.67
DP   1  09 13 1  F        51297.67
DP   1  09 14 0  F        52152.69
DP   1  09 14 1  F        52784.84
DP   1  09 15 0  F        53148.47
DP   1  09 15 1  F        53299.16
DP   1  09 16 0  F        53361.14
DP   1  09 16 1  F        53361.33
DP   1  09 17 0  F        52868.94
DP   1  09 17 1  F        51553.68
DP   1  09 18 0  F        49945.19
DP   1  09 18 1  F        48739.49
DP   1  09 19 0  F        48438.31
DP   1  09 19 1  F        49239.80
DP   1  09 20 0  F        50322.18
DP   1  09 20 1  F        50856.77
DP   1  09 21 0  F        51007.34
DP   1  09 21 1  F        51070.87
DP   1  09 22 0  F        50884.79
DP   1  09 22 1  F        50261.84
DP   1  09 23 0  F        49375.36
DP   1  09 23 1  F        48488.88
DP   2  09 00 0  F        15237.06
DP   2  09 00 1  F        14700.41
DP   2  09 01 0  F        14212.81
DP   2  09 01 1  F        13809.49
DP   2  09 02 0  F        13470.41
DP   2  09 02 1  F        13170.20
DP   2  09 03 0  F        12917.27
DP   2  09 03 1  F        12725.06
DP   2  09 04 0  F        12593.26
DP   2  09 04 1  F        12519.16
DP   2  09 05 0  F        12504.30
DP   2  09 05 1  F        12546.65
DP   2  09 06 0  F        12625.83
DP   2  09 06 1  F        12752.03
DP   2  09 07 0  F        13076.31
DP   2  09 07 1  F        13716.65
DP   2  09 08 0  F        14517.96
DP   2  09 08 1  F        15275.22
DP   2  09 09 0  F        15856.72
DP   2  09 09 1  F        16198.47
DP   2  09 10 0  F        16434.05
DP   2  09 10 1  F        16707.37
DP   2  09 11 0  F        17006.14
DP   2  09 11 1  F        17244.62
DP   2  09 12 0  F        17199.30
DP   2  09 12 1  F        16769.84
DP   2  09 13 0  F        16486.29
DP   2  09 13 1  F        16822.58
DP   2  09 14 0  F        17398.00
DP   2  09 14 1  F        17735.21
DP   2  09 15 0  F        17825.07
DP   2  09 15 1  F        17771.54
DP   2  09 16 0  F        17662.81
DP   2  09 16 1  F        17554.35
DP   2  09 17 0  F        17386.58
DP   2  09 17 1  F        17075.15
DP   2  09 18 0  F        16551.64
DP   2  09 18 1  F        15852.39
DP   2  09 19 0  F        15416.77
DP   2  09 19 1  F        15597.24
DP   2  09 20 0  F        15995.46
DP   2  09 20 1  F        16157.21
DP   2  09 21 0  F        16155.65
DP   2  09 21 1  F        16145.94
DP   2  09 22 0  F        16083.89
DP   2  09 22 1  F        15903.33
DP   2  09 23 0  F        15649.58
DP   2  09 23 1  F        15395.83
DP   3  09 00 0  F        14173.85
DP   3  09 00 1  F        13928.24
DP   3  09 01 0  F        13693.07
DP   3  09 01 1  F        13478.35
DP   3  09 02 0  F        13292.29
DP   3  09 02 1  F        13138.92
DP   3  09 03 0  F        13007.35
DP   3  09 03 1  F        12891.47
DP   3  09 04 0  F        12819.44
DP   3  09 04 1  F        12794.21
DP   3  09 05 0  F        12683.49
DP   3  09 05 1  F        12383.96
DP   3  09 06 0  F        12043.26
DP   3  09 06 1  F        11846.36
DP   3  09 07 0  F        11876.52
DP   3  09 07 1  F        12163.75
DP   3  09 08 0  F        12626.58
DP   3  09 08 1  F        13150.07
DP   3  09 09 0  F        13596.69
DP   3  09 09 1  F        13865.67
DP   3  09 10 0  F        14025.83
DP   3  09 10 1  F        14167.32
DP   3  09 11 0  F        14296.00
DP   3  09 11 1  F        14385.55
DP   3  09 12 0  F        14365.33
DP   3  09 12 1  F        14207.34
DP   3  09 13 0  F        14098.66
DP   3  09 13 1  F        14211.68
DP   3  09 14 0  F        14444.87
DP   3  09 14 1  F        14652.20
DP   3  09 15 0  F        14783.52
DP   3  09 15 1  F        14821.16
DP   3  09 16 0  F        14781.50
DP   3  09 16 1  F        14665.39
DP   3  09 17 0  F        14377.48
DP   3  09 17 1  F        13885.95
DP   3  09 18 0  F        13509.26
DP   3  09 18 1  F        13527.54
DP   3  09 19 0  F        13717.31
DP   3  09 19 1  F        13797.38
DP   3  09 20 0  F        13759.28
DP   3  09 20 1  F        13683.14
DP   3  09 21 0  F        13730.73
DP   3  09 21 1  F        14007.09
DP   3  09 22 0  F        14308.76
DP   3  09 22 1  F        14423.19
DP   3  09 23 0  F        14409.99
DP   3  09 23 1  F        14396.78
DP   4  09 00 0  F        7688.15
DP   4  09 00 1  F        7647.31
DP   4  09 01 0  F        7592.66
DP   4  09 01 1  F        7515.96
DP   4  09 02 0  F        7431.21
DP   4  09 02 1  F        7352.95
DP   4  09 03 0  F        7275.65
DP   4  09 03 1  F        7192.69
DP   4  09 04 0  F        7113.29
DP   4  09 04 1  F        7048.83
DP   4  09 05 0  F        7003.54
DP   4  09 05 1  F        6971.88
DP   4  09 06 0  F        6916.40
DP   4  09 06 1  F        6809.65
DP   4  09 07 0  F        6696.10
DP   4  09 07 1  F        6633.48
DP   4  09 08 0  F        6660.68
DP   4  09 08 1  F        6793.33
DP   4  09 09 0  F        6973.02
DP   4  09 09 1  F        7135.02
DP   4  09 10 0  F        7263.60
DP   4  09 10 1  F        7355.69
DP   4  09 11 0  F        7409.84
DP   4  09 11 1  F        7424.62
DP   4  09 12 0  F        7396.94
DP   4  09 12 1  F        7336.00
DP   4  09 13 0  F        7301.73
DP   4  09 13 1  F        7347.13
DP   4  09 14 0  F        7446.58
DP   4  09 14 1  F        7558.47
DP   4  09 15 0  F        7655.80
DP   4  09 15 1  F        7717.80
DP   4  09 16 0  F        7734.10
DP   4  09 16 1  F        7697.44
DP   4  09 17 0  F        7602.63
DP   4  09 17 1  F        7450.44
DP   4  09 18 0  F        7263.46
DP   4  09 18 1  F        7081.03
DP   4  09 19 0  F        6987.74
DP   4  09 19 1  F        7042.90
DP   4  09 20 0  F        7159.55
DP   4  09 20 1  F        7240.87
DP   4  09 21 0  F        7296.77
DP   4  09 21 1  F        7356.58
DP   4  09 22 0  F        7420.52
DP   4  09 22 1  F        7482.97
DP   4  09 23 0  F        7543.96
DP   4  09 23 1  F        7604.96
DP   1  10 00 0  F        46558.71
DP   1  10 00 1  F        45192.21
DP   1  10 01 0  F        43900.70
DP   1  10 01 1  F        42751.04
DP   1  10 02 0  F        41777.74
DP   1  10 02 1  F        40995.77
DP   1  10 03 0  F        40374.30
DP   1  10 03 1  F        39886.57
DP   1  10 04 0  F        39567.97
DP   1  10 04 1  F        39444.97
DP   1  10 05 0  F        39446.38
DP   1  10 05 1  F        39498.55
DP   1  10 06 0  F        39615.79
DP   1  10 06 1  F        39879.37
DP   1  10 07 0  F        40550.59
DP   1  10 07 1  F        41821.50
DP   1  10 08 0  F        43427.31
DP   1  10 08 1  F        45020.95
DP   1  10 09 0  F        46383.14
DP   1  10 09 1  F        47390.65
DP   1  10 10 0  F        48176.72
DP   1  10 10 1  F        48877.09
DP   1  10 11 0  F        49381.10
DP   1  10 11 1  F        49569.20
DP   1  10 12 0  F        49532.64
DP   1  10 12 1  F        49446.92
DP   1  10 13 0  F        49613.50
DP   1  10 13 1  F        50237.39
DP   1  10 14 0  F        51011.96
DP   1  10 14 1  F        51578.79
DP   1  10 15 0  F        51884.08
DP   1  10 15 1  F        51969.39
DP   1  10 16 0  F        51953.11
DP   1  10 16 1  F        51874.85
DP   1  10 17 0  F        51382.19
DP   1  10 17 1  F        50210.25
DP   1  10 18 0  F        48836.20
DP   1  10 18 1  F        47867.32
DP   1  10 19 0  F        47689.20
DP   1  10 19 1  F        48422.62
DP   1  10 20 0  F        49350.84
DP   1  10 20 1  F        49760.61
DP   1  10 21 0  F        49790.30
DP   1  10 21 1  F        49696.40
DP   1  10 22 0  F        49356.42
DP   1  10 22 1  F        48627.95
DP   1  10 23 0  F        47667.81
DP   1  10 23 1  F        46707.68
DP   2  10 00 0  F        14764.97
DP   2  10 00 1  F        14211.55
DP   2  10 01 0  F        13717.01
DP   2  10 01 1  F        13323.07
DP   2  10 02 0  F        13002.86
DP   2  10 02 1  F        12721.57
DP   2  10 03 0  F        12481.11
DP   2  10 03 1  F        12293.13
DP   2  10 04 0  F        12171.31
DP   2  10 04 1  F        12122.15
DP   2  10 05 0  F        12121.19
DP   2  10 05 1  F        12142.55
DP   2  10 06 0  F        12185.64
DP   2  10 06 1  F        12285.90
DP   2  10 07 0  F        12597.80
DP   2  10 07 1  F        13237.42
DP   2  10 08 0  F        14048.37
DP   2  10 08 1  F        14823.08
DP   2  10 09 0  F        15421.65
DP   2  10 09 1  F        15773.97
DP   2  10 10 0  F        16021.30
DP   2  10 10 1  F        16317.52
DP   2  10 11 0  F        16655.72
DP   2  10 11 1  F        16951.12
DP   2  10 12 0  F        16968.30
DP   2  10 12 1  F        16599.76
DP   2  10 13 0  F        16400.23
DP   2  10 13 1  F        16860.73
DP   2  10 14 0  F        17555.52
DP   2  10 14 1  F        17961.35
DP   2  10 15 0  F        18081.91
DP   2  10 15 1  F        18044.58
DP   2  10 16 0  F        17944.51
DP   2  10 16 1  F        17840.46
DP   2  10 17 0  F        17677.80
DP   2  10 17 1  F        17368.70
DP   2  10 18 0  F        16806.17
DP   2  10 18 1  F        16007.28
DP   2  10 19 0  F        15504.75
DP   2  10 19 1  F        15732.39
DP   2  10 20 0  F        16212.82
DP   2  10 20 1  F        16404.38
DP   2  10 21 0  F        16419.58
DP   2  10 21 1  F        16466.27
DP   2  10 22 0  F        16479.43
DP   2  10 22 1  F        16361.92
DP   2  10 23 0  F        16161.04
DP   2  10 23 1  F        15960.15
DP   3  10 00 0  F        13913.72
DP   3  10 00 1  F        13665.59
DP   3  10 01 0  F        13430.48
DP   3  10 01 1  F        13220.43
DP   3  10 02 0  F        13043.58
DP   3  10 02 1  F        12901.27
DP   3  10 03 0  F        12771.74
DP   3  10 03 1  F        12641.66
DP   3  10 04 0  F        12554.65
DP   3  10 04 1  F        12530.55
DP   3  10 05 0  F        12437.23
DP   3  10 05 1  F        12164.65
DP   3  10 06 0  F        11843.10
DP   3  10 06 1  F        11644.40
DP   3  10 07 0  F        11666.05
DP   3  10 07 1  F        11952.44
DP   3  10 08 0  F        12409.72
DP   3  10 08 1  F        12912.24
DP   3  10 09 0  F        13345.27
DP   3  10 09 1  F        13628.27
DP   3  10 10 0  F        13806.48
DP   3  10 10 1  F        13945.17
DP   3  10 11 0  F        14063.82
DP   3  10 11 1  F        14153.71
DP   3  10 12 0  F        14138.89
DP   3  10 12 1  F        13983.00
DP   3  10 13 0  F        13875.17
DP   3  10 13 1  F        13990.97
DP   3  10 14 0  F        14226.23
DP   3  10 14 1  F        14430.84
DP   3  10 15 0  F        14550.74
DP   3  10 15 1  F        14568.14
DP   3  10 16 0  F        14514.43
DP   3  10 16 1  F        14403.13
DP   3  10 17 0  F        14126.95
DP   3  10 17 1  F        13640.00
DP   3  10 18 0  F        13262.60
DP   3  10 18 1  F        13280.47
DP   3  10 19 0  F        13474.79
DP   3  10 19 1  F        13568.02
DP   3  10 20 0  F        13552.41
DP   3  10 20 1  F        13504.62
DP   3  10 21 0  F        13569.17
DP   3  10 21 1  F        13837.58
DP   3  10 22 0  F        14121.49
DP   3  10 22 1  F        14225.87
DP   3  10 23 0  F        14208.83
DP   3  10 23 1  F        14191.79
DP   4  10 00 0  F        7420.79
DP   4  10 00 1  F        7387.21
DP   4  10 01 0  F        7341.13
DP   4  10 01 1  F        7274.39
DP   4  10 02 0  F        7196.24
DP   4  10 02 1  F        7117.93
DP   4  10 03 0  F        7041.32
DP   4  10 03 1  F        6966.72
DP   4  10 04 0  F        6897.62
DP   4  10 04 1  F        6838.67
DP   4  10 05 0  F        6795.95
DP   4  10 05 1  F        6767.31
DP   4  10 06 0  F        6716.27
DP   4  10 06 1  F        6615.83
DP   4  10 07 0  F        6511.40
DP   4  10 07 1  F        6461.37
DP   4  10 08 0  F        6503.89
DP   4  10 08 1  F        6653.18
DP   4  10 09 0  F        6847.95
DP   4  10 09 1  F        7021.01
DP   4  10 10 0  F        7157.01
DP   4  10 10 1  F        7254.38
DP   4  10 11 0  F        7314.77
DP   4  10 11 1  F        7339.35
DP   4  10 12 0  F        7323.95
DP   4  10 12 1  F        7275.99
DP   4  10 13 0  F        7254.27
DP   4  10 13 1  F        7312.02
DP   4  10 14 0  F        7428.62
DP   4  10 14 1  F        7565.38
DP   4  10 15 0  F        7685.34
DP   4  10 15 1  F        7757.06
DP   4  10 16 0  F        7769.36
DP   4  10 16 1  F        7718.77
DP   4  10 17 0  F        7612.14
DP   4  10 17 1  F        7459.47
DP   4  10 18 0  F        7272.89
DP   4  10 18 1  F        7081.79
DP   4  10 19 0  F        6982.51
DP   4  10 19 1  F        7045.37
DP   4  10 20 0  F        7169.59
DP   4  10 20 1  F        7244.71
DP   4  10 21 0  F        7292.60
DP   4  10 21 1  F        7355.82
DP   4  10 22 0  F        7427.25
DP   4  10 22 1  F        7491.54
DP   4  10 23 0  F        7550.16
DP   4  10 23 1  F        7608.78
DP   1  11 00 0  F        45497.61
DP   1  11 00 1  F        44087.21
DP   1  11 01 0  F        42779.76
DP   1  11 01 1  F        41658.73
DP   1  11 02 0  F        40729.84
DP   1  11 02 1  F        39979.75
DP   1  11 03 0  F        39396.77
DP   1  11 03 1  F        38972.14
DP   1  11 04 0  F        38707.21
DP   1  11 04 1  F        38599.81
DP   1  11 05 0  F        38623.58
DP   1  11 05 1  F        38747.92
DP   1  11 06 0  F        38949.57
DP   1  11 06 1  F        39266.76
DP   1  11 07 0  F        39976.51
DP   1  11 07 1  F        41288.27
DP   1  11 08 0  F        42902.62
DP   1  11 08 1  F        44440.26
DP   1  11 09 0  F        45711.20
DP   1  11 09 1  F        46634.69
DP   1  11 10 0  F        47377.45
DP   1  11 10 1  F        48094.65
DP   1  11 11 0  F        48647.60
DP   1  11 11 1  F        48881.22
DP   1  11 12 0  F        48868.47
DP   1  11 12 1  F        48774.16
DP   1  11 13 0  F        48902.27
DP   1  11 13 1  F        49470.22
DP   1  11 14 0  F        50209.80
DP   1  11 14 1  F        50791.14
DP   1  11 15 0  F        51123.12
DP   1  11 15 1  F        51209.31
DP   1  11 16 0  F        51193.10
DP   1  11 16 1  F        51146.44
DP   1  11 17 0  F        50715.70
DP   1  11 17 1  F        49625.96
DP   1  11 18 0  F        48342.53
DP   1  11 18 1  F        47469.59
DP   1  11 19 0  F        47426.27
DP   1  11 19 1  F        48340.57
DP   1  11 20 0  F        49360.89
DP   1  11 20 1  F        49667.29
DP   1  11 21 0  F        49546.10
DP   1  11 21 1  F        49410.46
DP   1  11 22 0  F        49074.57
DP   1  11 22 1  F        48303.50
DP   1  11 23 0  F        47264.55
DP   1  11 23 1  F        46225.59
DP   2  11 00 0  F        15165.83
DP   2  11 00 1  F        14652.24
DP   2  11 01 0  F        14168.04
DP   2  11 01 1  F        13739.89
DP   2  11 02 0  F        13383.38
DP   2  11 02 1  F        13103.01
DP   2  11 03 0  F        12869.69
DP   2  11 03 1  F        12658.88
DP   2  11 04 0  F        12497.56
DP   2  11 04 1  F        12415.16
DP   2  11 05 0  F        12399.25
DP   2  11 05 1  F        12424.77
DP   2  11 06 0  F        12457.83
DP   2  11 06 1  F        12506.48
DP   2  11 07 0  F        12755.12
DP   2  11 07 1  F        13354.74
DP   2  11 08 0  F        14146.05
DP   2  11 08 1  F        14910.87
DP   2  11 09 0  F        15505.54
DP   2  11 09 1  F        15854.86
DP   2  11 10 0  F        16083.08
DP   2  11 10 1  F        16332.88
DP   2  11 11 0  F        16621.38
DP   2  11 11 1  F        16887.72
DP   2  11 12 0  F        16884.74
DP   2  11 12 1  F        16484.93
DP   2  11 13 0  F        16225.47
DP   2  11 13 1  F        16592.13
DP   2  11 14 0  F        17200.03
DP   2  11 14 1  F        17562.58
DP   2  11 15 0  F        17656.73
DP   2  11 15 1  F        17579.97
DP   2  11 16 0  F        17448.17
DP   2  11 16 1  F        17342.37
DP   2  11 17 0  F        17185.75
DP   2  11 17 1  F        16873.11
DP   2  11 18 0  F        16343.54
DP   2  11 18 1  F        15643.25
DP   2  11 19 0  F        15202.53
DP   2  11 19 1  F        15362.43
DP   2  11 20 0  F        15722.92
DP   2  11 20 1  F        15838.06
DP   2  11 21 0  F        15819.31
DP   2  11 21 1  F        15850.42
DP   2  11 22 0  F        15846.99
DP   2  11 22 1  F        15698.31
DP   2  11 23 0  F        15456.62
DP   2  11 23 1  F        15214.94
DP   3  11 00 0  F        13991.20
DP   3  11 00 1  F        13740.81
DP   3  11 01 0  F        13505.25
DP   3  11 01 1  F        13296.79
DP   3  11 02 0  F        13117.49
DP   3  11 02 1  F        12965.28
DP   3  11 03 0  F        12831.81
DP   3  11 03 1  F        12713.94
DP   3  11 04 0  F        12635.61
DP   3  11 04 1  F        12598.46
DP   3  11 05 0  F        12487.68
DP   3  11 05 1  F        12211.36
DP   3  11 06 0  F        11885.62
DP   3  11 06 1  F        11666.54
DP   3  11 07 0  F        11662.11
DP   3  11 07 1  F        11928.03
DP   3  11 08 0  F        12359.05
DP   3  11 08 1  F        12819.42
DP   3  11 09 0  F        13212.30
DP   3  11 09 1  F        13475.59
DP   3  11 10 0  F        13647.29
DP   3  11 10 1  F        13781.32
DP   3  11 11 0  F        13895.24
DP   3  11 11 1  F        13981.48
DP   3  11 12 0  F        13968.24
DP   3  11 12 1  F        13822.01
DP   3  11 13 0  F        13726.61
DP   3  11 13 1  F        13850.73
DP   3  11 14 0  F        14085.07
DP   3  11 14 1  F        14278.78
DP   3  11 15 0  F        14392.83
DP   3  11 15 1  F        14422.33
DP   3  11 16 0  F        14387.44
DP   3  11 16 1  F        14289.03
DP   3  11 17 0  F        14026.07
DP   3  11 17 1  F        13560.86
DP   3  11 18 0  F        13210.86
DP   3  11 18 1  F        13255.93
DP   3  11 19 0  F        13470.22
DP   3  11 19 1  F        13570.24
DP   3  11 20 0  F        13547.56
DP   3  11 20 1  F        13482.61
DP   3  11 21 0  F        13536.21
DP   3  11 21 1  F        13812.60
DP   3  11 22 0  F        14109.55
DP   3  11 22 1  F        14216.19
DP   3  11 23 0  F        14193.66
DP   3  11 23 1  F        14171.14
DP   4  11 00 0  F        7525.13
DP   4  11 00 1  F        7477.75
DP   4  11 01 0  F        7423.35
DP   4  11 01 1  F        7357.55
DP   4  11 02 0  F        7286.58
DP   4  11 02 1  F        7215.86
DP   4  11 03 0  F        7137.06
DP   4  11 03 1  F        7044.10
DP   4  11 04 0  F        6953.59
DP   4  11 04 1  F        6884.39
DP   4  11 05 0  F        6841.62
DP   4  11 05 1  F        6817.59
DP   4  11 06 0  F        6767.15
DP   4  11 06 1  F        6656.23
DP   4  11 07 0  F        6532.61
DP   4  11 07 1  F        6459.36
DP   4  11 08 0  F        6478.83
DP   4  11 08 1  F        6607.52
DP   4  11 09 0  F        6779.24
DP   4  11 09 1  F        6922.46
DP   4  11 10 0  F        7026.96
DP   4  11 10 1  F        7098.02
DP   4  11 11 0  F        7141.66
DP   4  11 11 1  F        7161.03
DP   4  11 12 0  F        7147.00
DP   4  11 12 1  F        7101.14
DP   4  11 13 0  F        7079.83
DP   4  11 13 1  F        7135.40
DP   4  11 14 0  F        7249.14
DP   4  11 14 1  F        7383.34
DP   4  11 15 0  F        7495.43
DP   4  11 15 1  F        7552.82
DP   4  11 16 0  F        7567.44
DP   4  11 16 1  F        7553.85
DP   4  11 17 0  F        7492.46
DP   4  11 17 1  F        7364.93
DP   4  11 18 0  F        7192.20
DP   4  11 18 1  F        7017.36
DP   4  11 19 0  F        6932.98
DP   4  11 19 1  F        7003.00
DP   4  11 20 0  F        7127.38
DP   4  11 20 1  F        7198.87
DP   4  11 21 0  F        7245.39
DP   4  11 21 1  F        7313.69
DP   4  11 22 0  F        7390.71
DP   4  11 22 1  F        7454.69
DP   4  11 23 0  F        7509.02
DP   4  11 23 1  F        7563.35
DP   1  12 00 0  F        44880.44
DP   1  12 00 1  F        43477.59
DP   1  12 01 0  F        42183.10
DP   1  12 01 1  F        41084.52
DP   1  12 02 0  F        40186.14
DP   1  12 02 1  F        39469.59
DP   1  12 03 0  F        38908.98
DP   1  12 03 1  F        38486.27
DP   1  12 04 0  F        38222.23
DP   1  12 04 1  F        38133.50
DP   1  12 05 0  F        38181.41
DP   1  12 05 1  F        38325.91
DP   1  12 06 0  F        38576.83
DP   1  12 06 1  F        38996.63
DP   1  12 07 0  F        39808.41
DP   1  12 07 1  F        41163.22
DP   1  12 08 0  F        42763.19
DP   1  12 08 1  F        44255.56
DP   1  12 09 0  F        45516.88
DP   1  12 09 1  F        46509.54
DP   1  12 10 0  F        47310.02
DP   1  12 10 1  F        47987.99
DP   1  12 11 0  F        48471.94
DP   1  12 11 1  F        48683.93
DP   1  12 12 0  F        48661.57
DP   1  12 12 1  F        48520.36
DP   1  12 13 0  F        48571.68
DP   1  12 13 1  F        49047.14
DP   1  12 14 0  F        49663.25
DP   1  12 14 1  F        50089.89
DP   1  12 15 0  F        50325.43
DP   1  12 15 1  F        50426.28
DP   1  12 16 0  F        50352.40
DP   1  12 16 1  F        50035.63
DP   1  12 17 0  F        49391.96
DP   1  12 17 1  F        48413.57
DP   1  12 18 0  F        47413.37
DP   1  12 18 1  F        46775.66
DP   1  12 19 0  F        46849.45
DP   1  12 19 1  F        47748.67
DP   1  12 20 0  F        48682.05
DP   1  12 20 1  F        48892.04
DP   1  12 21 0  F        48661.20
DP   1  12 21 1  F        48398.17
DP   1  12 22 0  F        47975.94
DP   1  12 22 1  F        47212.11
DP   1  12 23 0  F        46238.23
DP   1  12 23 1  F        45264.34
DP   2  12 00 0  F        14144.42
DP   2  12 00 1  F        13657.54
DP   2  12 01 0  F        13201.63
DP   2  12 01 1  F        12803.28
DP   2  12 02 0  F        12471.36
DP   2  12 02 1  F        12205.66
DP   2  12 03 0  F        11987.27
DP   2  12 03 1  F        11802.79
DP   2  12 04 0  F        11679.56
DP   2  12 04 1  F        11641.82
DP   2  12 05 0  F        11660.45
DP   2  12 05 1  F        11702.50
DP   2  12 06 0  F        11772.79
DP   2  12 06 1  F        11907.08
DP   2  12 07 0  F        12227.11
DP   2  12 07 1  F        12820.25
DP   2  12 08 0  F        13550.33
DP   2  12 08 1  F        14237.48
DP   2  12 09 0  F        14750.48
DP   2  12 09 1  F        15021.80
DP   2  12 10 0  F        15190.19
DP   2  12 10 1  F        15403.28
DP   2  12 11 0  F        15638.06
DP   2  12 11 1  F        15800.71
DP   2  12 12 0  F        15684.76
DP   2  12 12 1  F        15203.21
DP   2  12 13 0  F        14859.66
DP   2  12 13 1  F        15103.99
DP   2  12 14 0  F        15580.51
DP   2  12 14 1  F        15845.79
DP   2  12 15 0  F        15911.08
DP   2  12 15 1  F        15884.37
DP   2  12 16 0  F        15805.94
DP   2  12 16 1  F        15692.46
DP   2  12 17 0  F        15533.80
DP   2  12 17 1  F        15304.43
DP   2  12 18 0  F        14943.89
DP   2  12 18 1  F        14462.44
DP   2  12 19 0  F        14188.15
DP   2  12 19 1  F        14379.10
DP   2  12 20 0  F        14695.50
DP   2  12 20 1  F        14765.36
DP   2  12 21 0  F        14685.61
DP   2  12 21 1  F        14618.05
DP   2  12 22 0  F        14515.02
DP   2  12 22 1  F        14304.47
DP   2  12 23 0  F        14026.18
DP   2  12 23 1  F        13747.88
DP   3  12 00 0  F        14108.41
DP   3  12 00 1  F        13857.99
DP   3  12 01 0  F        13621.96
DP   3  12 01 1  F        13412.96
DP   3  12 02 0  F        13236.50
DP   3  12 02 1  F        13091.72
DP   3  12 03 0  F        12959.17
DP   3  12 03 1  F        12826.80
DP   3  12 04 0  F        12730.62
DP   3  12 04 1  F        12686.12
DP   3  12 05 0  F        12578.31
DP   3  12 05 1  F        12310.59
DP   3  12 06 0  F        11990.26
DP   3  12 06 1  F        11764.59
DP   3  12 07 0  F        11736.96
DP   3  12 07 1  F        11964.89
DP   3  12 08 0  F        12366.43
DP   3  12 08 1  F        12824.39
DP   3  12 09 0  F        13220.15
DP   3  12 09 1  F        13469.59
DP   3  12 10 0  F        13628.02
DP   3  12 10 1  F        13768.29
DP   3  12 11 0  F        13894.06
DP   3  12 11 1  F        13982.06
DP   3  12 12 0  F        13970.73
DP   3  12 12 1  F        13835.71
DP   3  12 13 0  F        13739.73
DP   3  12 13 1  F        13834.10
DP   3  12 14 0  F        14037.12
DP   3  12 14 1  F        14225.83
DP   3  12 15 0  F        14345.19
DP   3  12 15 1  F        14368.78
DP   3  12 16 0  F        14316.82
DP   3  12 16 1  F        14198.20
DP   3  12 17 0  F        13930.04
DP   3  12 17 1  F        13486.77
DP   3  12 18 0  F        13163.93
DP   3  12 18 1  F        13219.67
DP   3  12 19 0  F        13441.57
DP   3  12 19 1  F        13561.22
DP   3  12 20 0  F        13556.77
DP   3  12 20 1  F        13492.24
DP   3  12 21 0  F        13528.39
DP   3  12 21 1  F        13777.35
DP   3  12 22 0  F        14060.01
DP   3  12 22 1  F        14184.60
DP   3  12 23 0  F        14200.07
DP   3  12 23 1  F        14215.53
DP   4  12 00 0  F        7537.86
DP   4  12 00 1  F        7504.46
DP   4  12 01 0  F        7455.65
DP   4  12 01 1  F        7382.14
DP   4  12 02 0  F        7299.04
DP   4  12 02 1  F        7222.58
DP   4  12 03 0  F        7148.97
DP   4  12 03 1  F        7071.82
DP   4  12 04 0  F        6994.49
DP   4  12 04 1  F        6923.87
DP   4  12 05 0  F        6871.23
DP   4  12 05 1  F        6837.97
DP   4  12 06 0  F        6781.51
DP   4  12 06 1  F        6668.47
DP   4  12 07 0  F        6546.09
DP   4  12 07 1  F        6476.70
DP   4  12 08 0  F        6502.21
DP   4  12 08 1  F        6637.67
DP   4  12 09 0  F        6810.82
DP   4  12 09 1  F        6947.00
DP   4  12 10 0  F        7049.00
DP   4  12 10 1  F        7132.81
DP   4  12 11 0  F        7189.45
DP   4  12 11 1  F        7206.29
DP   4  12 12 0  F        7180.90
DP   4  12 12 1  F        7124.67
DP   4  12 13 0  F        7093.99
DP   4  12 13 1  F        7139.42
DP   4  12 14 0  F        7242.88
DP   4  12 14 1  F        7366.08
DP   4  12 15 0  F        7458.19
DP   4  12 15 1  F        7480.53
DP   4  12 16 0  F        7455.43
DP   4  12 16 1  F        7409.54
DP   4  12 17 0  F        7325.97
DP   4  12 17 1  F        7187.19
DP   4  12 18 0  F        7016.61
DP   4  12 18 1  F        6857.36
DP   4  12 19 0  F        6790.40
DP   4  12 19 1  F        6868.43
DP   4  12 20 0  F        6993.21
DP   4  12 20 1  F        7061.31
DP   4  12 21 0  F        7099.46
DP   4  12 21 1  F        7153.67
DP   4  12 22 0  F        7216.88
DP   4  12 22 1  F        7273.07
DP   4  12 23 0  F        7323.60
DP   4  12 23 1  F        7374.12
