&   CARGA
&
&   ss  di hi m df hf m Demanda
&X  XX  XX XX X XX XX X XXXXXXXXXX
DP   1  07 00 0  F        42052.93
DP   1  07 00 1  F        40980.49
DP   1  07 01 0  F        39942.18
DP   1  07 01 1  F        38971.53
DP   1  07 02 0  F        38099.71
DP   1  07 02 1  F        37349.38
DP   1  07 03 0  F        36711.62
DP   1  07 03 1  F        36179.23
DP   1  07 04 0  F        35783.35
DP   1  07 04 1  F        35531.41
DP   1  07 05 0  F        35297.70
DP   1  07 05 1  F        34944.90
DP   1  07 06 0  F        34422.47
DP   1  07 06 1  F        33780.62
DP   1  07 07 0  F        33385.86
DP   1  07 07 1  F        33552.64
DP   1  07 08 0  F        34071.10
DP   1  07 08 1  F        34660.54
DP   1  07 09 0  F        35281.40
DP   1  07 09 1  F        35933.62
DP   1  07 10 0  F        36534.02
DP   1  07 10 1  F        37012.85
DP   1  07 11 0  F        37437.30
DP   1  07 11 1  F        37884.41
DP   1  07 12 0  F        38333.68
DP   1  07 12 1  F        38735.23
DP   1  07 13 0  F        39018.84
DP   1  07 13 1  F        39139.60
DP   1  07 14 0  F        39173.86
DP   1  07 14 1  F        39211.58
DP   1  07 15 0  F        39275.82
DP   1  07 15 1  F        39381.12
DP   1  07 16 0  F        39574.92
DP   1  07 16 1  F        39888.91
DP   1  07 17 0  F        40258.91
DP   1  07 17 1  F        40616.36
DP   1  07 18 0  F        40971.08
DP   1  07 18 1  F        41401.03
DP   1  07 19 0  F        42178.49
DP   1  07 19 1  F        43448.76
DP   1  07 20 0  F        44654.89
DP   1  07 20 1  F        45227.34
DP   1  07 21 0  F        45248.30
DP   1  07 21 1  F        44936.71
DP   1  07 22 0  F        44406.78
DP   1  07 22 1  F        43742.73
DP   1  07 23 0  F        43013.52
DP   1  07 23 1  F        42284.32
DP   2  07 00 0  F        13347.82
DP   2  07 00 1  F        12897.30
DP   2  07 01 0  F        12485.91
DP   2  07 01 1  F        12142.00
DP   2  07 02 0  F        11850.73
DP   2  07 02 1  F        11589.59
DP   2  07 03 0  F        11348.53
DP   2  07 03 1  F        11127.24
DP   2  07 04 0  F        10951.99
DP   2  07 04 1  F        10839.48
DP   2  07 05 0  F        10741.60
DP   2  07 05 1  F        10605.26
DP   2  07 06 0  F        10422.09
DP   2  07 06 1  F        10223.60
DP   2  07 07 0  F        10155.88
DP   2  07 07 1  F        10337.25
DP   2  07 08 0  F        10660.26
DP   2  07 08 1  F        10984.06
DP   2  07 09 0  F        11260.14
DP   2  07 09 1  F        11481.08
DP   2  07 10 0  F        11711.61
DP   2  07 10 1  F        12010.19
DP   2  07 11 0  F        12337.94
DP   2  07 11 1  F        12630.94
DP   2  07 12 0  F        12822.21
DP   2  07 12 1  F        12878.91
DP   2  07 13 0  F        12907.66
DP   2  07 13 1  F        13014.89
DP   2  07 14 0  F        13167.03
DP   2  07 14 1  F        13300.97
DP   2  07 15 0  F        13375.70
DP   2  07 15 1  F        13372.49
DP   2  07 16 0  F        13339.86
DP   2  07 16 1  F        13334.45
DP   2  07 17 0  F        13378.34
DP   2  07 17 1  F        13464.67
DP   2  07 18 0  F        13505.46
DP   2  07 18 1  F        13460.75
DP   2  07 19 0  F        13563.92
DP   2  07 19 1  F        14008.77
DP   2  07 20 0  F        14557.38
DP   2  07 20 1  F        14927.69
DP   2  07 21 0  F        15092.66
DP   2  07 21 1  F        15093.44
DP   2  07 22 0  F        14988.98
DP   2  07 22 1  F        14835.57
DP   2  07 23 0  F        14661.23
DP   2  07 23 1  F        14486.89
DP   3  07 00 0  F        13882.00
DP   3  07 00 1  F        13694.98
DP   3  07 01 0  F        13504.99
DP   3  07 01 1  F        13313.53
DP   3  07 02 0  F        13140.08
DP   3  07 02 1  F        12999.84
DP   3  07 03 0  F        12872.87
DP   3  07 03 1  F        12742.35
DP   3  07 04 0  F        12639.01
DP   3  07 04 1  F        12572.86
DP   3  07 05 0  F        12423.41
DP   3  07 05 1  F        12088.74
DP   3  07 06 0  F        11671.72
DP   3  07 06 1  F        11310.25
DP   3  07 07 0  F        11077.43
DP   3  07 07 1  F        11008.07
DP   3  07 08 0  F        11048.63
DP   3  07 08 1  F        11129.12
DP   3  07 09 0  F        11202.18
DP   3  07 09 1  F        11239.56
DP   3  07 10 0  F        11266.95
DP   3  07 10 1  F        11315.85
DP   3  07 11 0  F        11387.27
DP   3  07 11 1  F        11471.11
DP   3  07 12 0  F        11543.33
DP   3  07 12 1  F        11584.92
DP   3  07 13 0  F        11610.97
DP   3  07 13 1  F        11641.28
DP   3  07 14 0  F        11680.27
DP   3  07 14 1  F        11726.15
DP   3  07 15 0  F        11767.50
DP   3  07 15 1  F        11794.43
DP   3  07 16 0  F        11812.62
DP   3  07 16 1  F        11824.69
DP   3  07 17 0  F        11805.45
DP   3  07 17 1  F        11771.98
DP   3  07 18 0  F        11938.40
DP   3  07 18 1  F        12454.51
DP   3  07 19 0  F        13015.83
DP   3  07 19 1  F        13302.81
DP   3  07 20 0  F        13389.65
DP   3  07 20 1  F        13425.35
DP   3  07 21 0  F        13464.21
DP   3  07 21 1  F        13526.51
DP   3  07 22 0  F        13591.02
DP   3  07 22 1  F        13633.84
DP   3  07 23 0  F        13661.97
DP   3  07 23 1  F        13690.10
DP   4  07 00 0  F        7399.60
DP   4  07 00 1  F        7371.24
DP   4  07 01 0  F        7335.79
DP   4  07 01 1  F        7287.88
DP   4  07 02 0  F        7229.23
DP   4  07 02 1  F        7164.42
DP   4  07 03 0  F        7102.48
DP   4  07 03 1  F        7049.66
DP   4  07 04 0  F        6996.68
DP   4  07 04 1  F        6935.42
DP   4  07 05 0  F        6877.96
DP   4  07 05 1  F        6830.98
DP   4  07 06 0  F        6759.36
DP   4  07 06 1  F        6633.94
DP   4  07 07 0  F        6491.03
DP   4  07 07 1  F        6373.64
DP   4  07 08 0  F        6286.01
DP   4  07 08 1  F        6224.27
DP   4  07 09 0  F        6190.72
DP   4  07 09 1  F        6185.21
DP   4  07 10 0  F        6191.65
DP   4  07 10 1  F        6194.90
DP   4  07 11 0  F        6199.58
DP   4  07 11 1  F        6212.35
DP   4  07 12 0  F        6228.11
DP   4  07 12 1  F        6242.19
DP   4  07 13 0  F        6263.51
DP   4  07 13 1  F        6301.78
DP   4  07 14 0  F        6356.31
DP   4  07 14 1  F        6422.23
DP   4  07 15 0  F        6488.08
DP   4  07 15 1  F        6541.99
DP   4  07 16 0  F        6576.92
DP   4  07 16 1  F        6588.19
DP   4  07 17 0  F        6575.84
DP   4  07 17 1  F        6548.05
DP   4  07 18 0  F        6540.77
DP   4  07 18 1  F        6590.25
DP   4  07 19 0  F        6706.14
DP   4  07 19 1  F        6877.31
DP   4  07 20 0  F        7036.28
DP   4  07 20 1  F        7124.48
DP   4  07 21 0  F        7175.33
DP   4  07 21 1  F        7233.37
DP   4  07 22 0  F        7295.73
DP   4  07 22 1  F        7351.00
DP   4  07 23 0  F        7401.06
DP   4  07 23 1  F        7451.11
DP   1  08 00 0  F        41693.74
DP   1  08 00 1  F        40707.54
DP   1  08 01 0  F        39742.41
DP   1  08 01 1  F        38829.63
DP   1  08 02 0  F        38041.17
DP   1  08 02 1  F        37436.37
DP   1  08 03 0  F        36983.27
DP   1  08 03 1  F        36641.47
DP   1  08 04 0  F        36427.96
DP   1  08 04 1  F        36359.28
DP   1  08 05 0  F        36392.81
DP   1  08 05 1  F        36496.07
DP   1  08 06 0  F        36736.36
DP   1  08 06 1  F        37215.27
DP   1  08 07 0  F        38071.72
DP   1  08 07 1  F        39390.23
DP   1  08 08 0  F        41000.39
DP   1  08 08 1  F        42669.41
DP   1  08 09 0  F        44169.98
DP   1  08 09 1  F        45342.76
DP   1  08 10 0  F        46294.78
DP   1  08 10 1  F        47143.85
DP   1  08 11 0  F        47784.55
DP   1  08 11 1  F        48103.93
DP   1  08 12 0  F        48182.16
DP   1  08 12 1  F        48181.63
DP   1  08 13 0  F        48400.48
DP   1  08 13 1  F        49045.87
DP   1  08 14 0  F        49825.23
DP   1  08 14 1  F        50400.40
DP   1  08 15 0  F        50750.61
DP   1  08 15 1  F        50939.99
DP   1  08 16 0  F        51054.81
DP   1  08 16 1  F        51092.70
DP   1  08 17 0  F        50674.37
DP   1  08 17 1  F        49513.85
DP   1  08 18 0  F        48075.39
DP   1  08 18 1  F        46980.40
DP   1  08 19 0  F        46728.89
DP   1  08 19 1  F        47542.64
DP   1  08 20 0  F        48651.75
DP   1  08 20 1  F        49267.20
DP   1  08 21 0  F        49514.97
DP   1  08 21 1  F        49645.94
DP   1  08 22 0  F        49495.54
DP   1  08 22 1  F        48885.87
DP   1  08 23 0  F        48001.29
DP   1  08 23 1  F        47116.71
DP   2  08 00 0  F        14260.91
DP   2  08 00 1  F        13857.80
DP   2  08 01 0  F        13476.64
DP   2  08 01 1  F        13136.93
DP   2  08 02 0  F        12848.41
DP   2  08 02 1  F        12613.68
DP   2  08 03 0  F        12416.52
DP   2  08 03 1  F        12244.94
DP   2  08 04 0  F        12122.48
DP   2  08 04 1  F        12072.24
DP   2  08 05 0  F        12079.89
DP   2  08 05 1  F        12126.80
DP   2  08 06 0  F        12214.55
DP   2  08 06 1  F        12372.52
DP   2  08 07 0  F        12720.91
DP   2  08 07 1  F        13351.32
DP   2  08 08 0  F        14150.01
DP   2  08 08 1  F        14953.67
DP   2  08 09 0  F        15605.94
DP   2  08 09 1  F        16007.77
DP   2  08 10 0  F        16282.15
DP   2  08 10 1  F        16575.02
DP   2  08 11 0  F        16902.12
DP   2  08 11 1  F        17200.81
DP   2  08 12 0  F        17225.34
DP   2  08 12 1  F        16852.66
DP   2  08 13 0  F        16633.80
DP   2  08 13 1  F        17063.06
DP   2  08 14 0  F        17733.70
DP   2  08 14 1  F        18137.06
DP   2  08 15 0  F        18257.84
DP   2  08 15 1  F        18204.09
DP   2  08 16 0  F        18083.82
DP   2  08 16 1  F        17969.93
DP   2  08 17 0  F        17794.66
DP   2  08 17 1  F        17459.01
DP   2  08 18 0  F        16879.65
DP   2  08 18 1  F        16086.81
DP   2  08 19 0  F        15549.31
DP   2  08 19 1  F        15657.59
DP   2  08 20 0  F        16049.88
DP   2  08 20 1  F        16290.14
DP   2  08 21 0  F        16397.65
DP   2  08 21 1  F        16470.04
DP   2  08 22 0  F        16463.21
DP   2  08 22 1  F        16324.13
DP   2  08 23 0  F        16105.67
DP   2  08 23 1  F        15887.21
DP   3  08 00 0  F        13803.51
DP   3  08 00 1  F        13586.51
DP   3  08 01 0  F        13377.72
DP   3  08 01 1  F        13185.54
DP   3  08 02 0  F        13019.12
DP   3  08 02 1  F        12882.36
DP   3  08 03 0  F        12757.49
DP   3  08 03 1  F        12633.37
DP   3  08 04 0  F        12547.05
DP   3  08 04 1  F        12513.73
DP   3  08 05 0  F        12412.97
DP   3  08 05 1  F        12145.64
DP   3  08 06 0  F        11833.45
DP   3  08 06 1  F        11636.69
DP   3  08 07 0  F        11649.23
DP   3  08 07 1  F        11917.96
DP   3  08 08 0  F        12368.49
DP   3  08 08 1  F        12888.97
DP   3  08 09 0  F        13339.20
DP   3  08 09 1  F        13615.44
DP   3  08 10 0  F        13788.34
DP   3  08 10 1  F        13948.65
DP   3  08 11 0  F        14093.10
DP   3  08 11 1  F        14187.62
DP   3  08 12 0  F        14169.02
DP   3  08 12 1  F        14017.90
DP   3  08 13 0  F        13919.34
DP   3  08 13 1  F        14041.54
DP   3  08 14 0  F        14280.61
DP   3  08 14 1  F        14489.30
DP   3  08 15 0  F        14618.95
DP   3  08 15 1  F        14655.12
DP   3  08 16 0  F        14621.56
DP   3  08 16 1  F        14522.93
DP   3  08 17 0  F        14249.32
DP   3  08 17 1  F        13756.10
DP   3  08 18 0  F        13374.28
DP   3  08 18 1  F        13398.87
DP   3  08 19 0  F        13605.30
DP   3  08 19 1  F        13706.56
DP   3  08 20 0  F        13685.73
DP   3  08 20 1  F        13618.19
DP   3  08 21 0  F        13678.55
DP   3  08 21 1  F        13983.11
DP   3  08 22 0  F        14315.62
DP   3  08 22 1  F        14449.21
DP   3  08 23 0  F        14447.09
DP   3  08 23 1  F        14444.97
DP   4  08 00 0  F        7522.48
DP   4  08 00 1  F        7498.96
DP   4  08 01 0  F        7459.92
DP   4  08 01 1  F        7395.69
DP   4  08 02 0  F        7319.94
DP   4  08 02 1  F        7248.27
DP   4  08 03 0  F        7180.53
DP   4  08 03 1  F        7114.22
DP   4  08 04 0  F        7053.11
DP   4  08 04 1  F        7002.03
DP   4  08 05 0  F        6963.69
DP   4  08 05 1  F        6932.51
DP   4  08 06 0  F        6872.02
DP   4  08 06 1  F        6757.89
DP   4  08 07 0  F        6645.48
DP   4  08 07 1  F        6599.68
DP   4  08 08 0  F        6643.90
DP   4  08 08 1  F        6778.58
DP   4  08 09 0  F        6953.68
DP   4  08 09 1  F        7115.12
DP   4  08 10 0  F        7242.92
DP   4  08 10 1  F        7328.42
DP   4  08 11 0  F        7373.91
DP   4  08 11 1  F        7384.91
DP   4  08 12 0  F        7368.69
DP   4  08 12 1  F        7338.03
DP   4  08 13 0  F        7325.89
DP   4  08 13 1  F        7361.62
DP   4  08 14 0  F        7440.02
DP   4  08 14 1  F        7542.69
DP   4  08 15 0  F        7633.06
DP   4  08 15 1  F        7677.80
DP   4  08 16 0  F        7674.87
DP   4  08 16 1  F        7628.31
DP   4  08 17 0  F        7535.39
DP   4  08 17 1  F        7394.96
DP   4  08 18 0  F        7218.99
DP   4  08 18 1  F        7037.68
DP   4  08 19 0  F        6940.93
DP   4  08 19 1  F        6995.65
DP   4  08 20 0  F        7117.21
DP   4  08 20 1  F        7210.25
DP   4  08 21 0  F        7288.07
DP   4  08 21 1  F        7380.00
DP   4  08 22 0  F        7470.86
DP   4  08 22 1  F        7541.02
DP   4  08 23 0  F        7597.48
DP   4  08 23 1  F        7653.95
DP   1  09 00 0  F        46047.14
DP   1  09 00 1  F        44662.46
DP   1  09 01 0  F        43362.19
DP   1  09 01 1  F        42219.92
DP   1  09 02 0  F        41265.97
DP   1  09 02 1  F        40510.07
DP   1  09 03 0  F        39923.03
DP   1  09 03 1  F        39476.05
DP   1  09 04 0  F        39180.93
DP   1  09 04 1  F        39044.77
DP   1  09 05 0  F        39015.49
DP   1  09 05 1  F        39045.60
DP   1  09 06 0  F        39165.30
DP   1  09 06 1  F        39461.24
DP   1  09 07 0  F        40168.38
DP   1  09 07 1  F        41458.67
DP   1  09 08 0  F        43103.96
DP   1  09 08 1  F        44793.29
DP   1  09 09 0  F        46284.64
DP   1  09 09 1  F        47422.01
DP   1  09 10 0  F        48324.51
DP   1  09 10 1  F        49124.71
DP   1  09 11 0  F        49733.95
DP   1  09 11 1  F        50047.51
DP   1  09 12 0  F        50117.85
DP   1  09 12 1  F        50086.38
DP   1  09 13 0  F        50293.24
DP   1  09 13 1  F        50984.84
DP   1  09 14 0  F        51833.88
DP   1  09 14 1  F        52456.39
DP   1  09 15 0  F        52815.48
DP   1  09 15 1  F        52974.25
DP   1  09 16 0  F        53048.81
DP   1  09 16 1  F        53057.50
DP   1  09 17 0  F        52574.58
DP   1  09 17 1  F        51275.13
DP   1  09 18 0  F        49681.43
DP   1  09 18 1  F        48481.56
DP   1  09 19 0  F        48179.54
DP   1  09 19 1  F        48978.68
DP   1  09 20 0  F        50063.60
DP   1  09 20 1  F        50609.24
DP   1  09 21 0  F        50770.63
DP   1  09 21 1  F        50836.15
DP   1  09 22 0  F        50647.50
DP   1  09 22 1  F        50023.40
DP   1  09 23 0  F        49137.24
DP   1  09 23 1  F        48251.08
DP   2  09 00 0  F        15393.08
DP   2  09 00 1  F        14871.12
DP   2  09 01 0  F        14388.25
DP   2  09 01 1  F        13974.64
DP   2  09 02 0  F        13624.65
DP   2  09 02 1  F        13325.70
DP   2  09 03 0  F        13073.14
DP   2  09 03 1  F        12866.77
DP   2  09 04 0  F        12716.15
DP   2  09 04 1  F        12629.45
DP   2  09 05 0  F        12599.56
DP   2  09 05 1  F        12616.30
DP   2  09 06 0  F        12672.41
DP   2  09 06 1  F        12787.19
DP   2  09 07 0  F        13083.05
DP   2  09 07 1  F        13654.81
DP   2  09 08 0  F        14383.67
DP   2  09 08 1  F        15104.08
DP   2  09 09 0  F        15677.17
DP   2  09 09 1  F        16021.02
DP   2  09 10 0  F        16254.89
DP   2  09 10 1  F        16513.71
DP   2  09 11 0  F        16793.88
DP   2  09 11 1  F        17023.10
DP   2  09 12 0  F        16992.67
DP   2  09 12 1  F        16604.14
DP   2  09 13 0  F        16336.47
DP   2  09 13 1  F        16622.02
DP   2  09 14 0  F        17129.26
DP   2  09 14 1  F        17433.81
DP   2  09 15 0  F        17503.69
DP   2  09 15 1  F        17414.06
DP   2  09 16 0  F        17276.39
DP   2  09 16 1  F        17171.12
DP   2  09 17 0  F        17018.33
DP   2  09 17 1  F        16715.64
DP   2  09 18 0  F        16231.24
DP   2  09 18 1  F        15625.22
DP   2  09 19 0  F        15254.53
DP   2  09 19 1  F        15402.13
DP   2  09 20 0  F        15757.99
DP   2  09 20 1  F        15959.07
DP   2  09 21 0  F        16023.36
DP   2  09 21 1  F        16035.05
DP   2  09 22 0  F        15962.31
DP   2  09 22 1  F        15766.53
DP   2  09 23 0  F        15498.12
DP   2  09 23 1  F        15229.70
DP   3  09 00 0  F        14214.68
DP   3  09 00 1  F        13973.75
DP   3  09 01 0  F        13741.94
DP   3  09 01 1  F        13528.07
DP   3  09 02 0  F        13339.75
DP   3  09 02 1  F        13181.28
DP   3  09 03 0  F        13044.99
DP   3  09 03 1  F        12927.63
DP   3  09 04 0  F        12855.79
DP   3  09 04 1  F        12830.74
DP   3  09 05 0  F        12722.64
DP   3  09 05 1  F        12429.18
DP   3  09 06 0  F        12089.12
DP   3  09 06 1  F        11880.39
DP   3  09 07 0  F        11896.41
DP   3  09 07 1  F        12177.80
DP   3  09 08 0  F        12638.40
DP   3  09 08 1  F        13157.19
DP   3  09 09 0  F        13600.43
DP   3  09 09 1  F        13871.60
DP   3  09 10 0  F        14035.94
DP   3  09 10 1  F        14179.17
DP   3  09 11 0  F        14307.13
DP   3  09 11 1  F        14395.29
DP   3  09 12 0  F        14377.41
DP   3  09 12 1  F        14227.57
DP   3  09 13 0  F        14122.76
DP   3  09 13 1  F        14226.74
DP   3  09 14 0  F        14447.59
DP   3  09 14 1  F        14650.31
DP   3  09 15 0  F        14783.37
DP   3  09 15 1  F        14824.83
DP   3  09 16 0  F        14787.69
DP   3  09 16 1  F        14670.82
DP   3  09 17 0  F        14381.64
DP   3  09 17 1  F        13890.86
DP   3  09 18 0  F        13513.83
DP   3  09 18 1  F        13528.18
DP   3  09 19 0  F        13716.01
DP   3  09 19 1  F        13801.45
DP   3  09 20 0  F        13772.28
DP   3  09 20 1  F        13703.20
DP   3  09 21 0  F        13752.97
DP   3  09 21 1  F        14025.76
DP   3  09 22 0  F        14323.25
DP   3  09 22 1  F        14437.94
DP   3  09 23 0  F        14428.01
DP   3  09 23 1  F        14418.08
DP   4  09 00 0  F        7673.33
DP   4  09 00 1  F        7631.92
DP   4  09 01 0  F        7576.29
DP   4  09 01 1  F        7497.82
DP   4  09 02 0  F        7410.27
DP   4  09 02 1  F        7328.81
DP   4  09 03 0  F        7251.92
DP   4  09 03 1  F        7175.71
DP   4  09 04 0  F        7103.57
DP   4  09 04 1  F        7040.58
DP   4  09 05 0  F        6991.31
DP   4  09 05 1  F        6953.27
DP   4  09 06 0  F        6896.24
DP   4  09 06 1  F        6797.80
DP   4  09 07 0  F        6694.46
DP   4  09 07 1  F        6634.82
DP   4  09 08 0  F        6656.95
DP   4  09 08 1  F        6779.79
DP   4  09 09 0  F        6956.41
DP   4  09 09 1  F        7130.57
DP   4  09 10 0  F        7274.88
DP   4  09 10 1  F        7374.09
DP   4  09 11 0  F        7433.01
DP   4  09 11 1  F        7457.51
DP   4  09 12 0  F        7437.77
DP   4  09 12 1  F        7375.70
DP   4  09 13 0  F        7335.73
DP   4  09 13 1  F        7377.35
DP   4  09 14 0  F        7477.70
DP   4  09 14 1  F        7595.69
DP   4  09 15 0  F        7699.48
DP   4  09 15 1  F        7763.21
DP   4  09 16 0  F        7775.45
DP   4  09 16 1  F        7730.31
DP   4  09 17 0  F        7629.73
DP   4  09 17 1  F        7479.21
DP   4  09 18 0  F        7290.90
DP   4  09 18 1  F        7094.09
DP   4  09 19 0  F        6980.19
DP   4  09 19 1  F        7019.31
DP   4  09 20 0  F        7134.37
DP   4  09 20 1  F        7232.92
DP   4  09 21 0  F        7308.17
DP   4  09 21 1  F        7373.11
DP   4  09 22 0  F        7434.17
DP   4  09 22 1  F        7495.24
DP   4  09 23 0  F        7556.75
DP   4  09 23 1  F        7618.25
DP   1  10 00 0  F        47058.02
DP   1  10 00 1  F        45703.58
DP   1  10 01 0  F        44414.20
DP   1  10 01 1  F        43250.72
DP   1  10 02 0  F        42257.32
DP   1  10 02 1  F        41460.12
DP   1  10 03 0  F        40830.06
DP   1  10 03 1  F        40338.99
DP   1  10 04 0  F        40017.79
DP   1  10 04 1  F        39885.09
DP   1  10 05 0  F        39851.35
DP   1  10 05 1  F        39832.42
DP   1  10 06 0  F        39873.70
DP   1  10 06 1  F        40091.01
DP   1  10 07 0  F        40752.15
DP   1  10 07 1  F        42050.47
DP   1  10 08 0  F        43729.39
DP   1  10 08 1  F        45445.08
DP   1  10 09 0  F        46954.67
DP   1  10 09 1  F        48107.86
DP   1  10 10 0  F        49023.70
DP   1  10 10 1  F        49830.21
DP   1  10 11 0  F        50422.04
DP   1  10 11 1  F        50689.39
DP   1  10 12 0  F        50738.11
DP   1  10 12 1  F        50754.97
DP   1  10 13 0  F        51034.89
DP   1  10 13 1  F        51774.62
DP   1  10 14 0  F        52670.12
DP   1  10 14 1  F        53362.03
DP   1  10 15 0  F        53770.34
DP   1  10 15 1  F        53912.61
DP   1  10 16 0  F        53917.09
DP   1  10 16 1  F        53828.53
DP   1  10 17 0  F        53246.82
DP   1  10 17 1  F        51874.27
DP   1  10 18 0  F        50267.62
DP   1  10 18 1  F        49126.55
DP   1  10 19 0  F        48867.85
DP   1  10 19 1  F        49616.83
DP   1  10 20 0  F        50615.62
DP   1  10 20 1  F        51109.71
DP   1  10 21 0  F        51241.32
DP   1  10 21 1  F        51275.27
DP   1  10 22 0  F        51070.16
DP   1  10 22 1  F        50463.71
DP   1  10 23 0  F        49616.24
DP   1  10 23 1  F        48768.78
DP   2  10 00 0  F        14481.80
DP   2  10 00 1  F        13978.16
DP   2  10 01 0  F        13517.01
DP   2  10 01 1  F        13130.33
DP   2  10 02 0  F        12807.92
DP   2  10 02 1  F        12533.31
DP   2  10 03 0  F        12306.95
DP   2  10 03 1  F        12133.01
DP   2  10 04 0  F        12013.67
DP   2  10 04 1  F        11947.89
DP   2  10 05 0  F        11923.69
DP   2  10 05 1  F        11930.28
DP   2  10 06 0  F        11972.67
DP   2  10 06 1  F        12079.90
DP   2  10 07 0  F        12361.47
DP   2  10 07 1  F        12898.01
DP   2  10 08 0  F        13574.13
DP   2  10 08 1  F        14233.44
DP   2  10 09 0  F        14751.41
DP   2  10 09 1  F        15057.75
DP   2  10 10 0  F        15267.40
DP   2  10 10 1  F        15508.28
DP   2  10 11 0  F        15775.21
DP   2  10 11 1  F        15998.76
DP   2  10 12 0  F        15985.52
DP   2  10 12 1  F        15643.49
DP   2  10 13 0  F        15409.98
DP   2  10 13 1  F        15680.38
DP   2  10 14 0  F        16153.01
DP   2  10 14 1  F        16441.25
DP   2  10 15 0  F        16515.92
DP   2  10 15 1  F        16445.84
DP   2  10 16 0  F        16334.36
DP   2  10 16 1  F        16258.89
DP   2  10 17 0  F        16158.55
DP   2  10 17 1  F        15944.22
DP   2  10 18 0  F        15552.07
DP   2  10 18 1  F        15012.28
DP   2  10 19 0  F        14705.75
DP   2  10 19 1  F        14937.15
DP   2  10 20 0  F        15355.49
DP   2  10 20 1  F        15559.86
DP   2  10 21 0  F        15605.23
DP   2  10 21 1  F        15618.74
DP   2  10 22 0  F        15560.33
DP   2  10 22 1  F        15374.59
DP   2  10 23 0  F        15111.95
DP   2  10 23 1  F        14849.30
DP   3  10 00 0  F        13919.07
DP   3  10 00 1  F        13667.77
DP   3  10 01 0  F        13431.95
DP   3  10 01 1  F        13224.70
DP   3  10 02 0  F        13049.43
DP   3  10 02 1  F        12903.34
DP   3  10 03 0  F        12768.46
DP   3  10 03 1  F        12636.18
DP   3  10 04 0  F        12550.74
DP   3  10 04 1  F        12531.50
DP   3  10 05 0  F        12445.57
DP   3  10 05 1  F        12180.69
DP   3  10 06 0  F        11859.35
DP   3  10 06 1  F        11647.92
DP   3  10 07 0  F        11653.74
DP   3  10 07 1  F        11931.15
DP   3  10 08 0  F        12381.74
DP   3  10 08 1  F        12873.73
DP   3  10 09 0  F        13294.64
DP   3  10 09 1  F        13567.28
DP   3  10 10 0  F        13736.34
DP   3  10 10 1  F        13866.55
DP   3  10 11 0  F        13980.94
DP   3  10 11 1  F        14073.86
DP   3  10 12 0  F        14066.53
DP   3  10 12 1  F        13917.48
DP   3  10 13 0  F        13807.66
DP   3  10 13 1  F        13907.95
DP   3  10 14 0  F        14126.63
DP   3  10 14 1  F        14325.82
DP   3  10 15 0  F        14445.85
DP   3  10 15 1  F        14461.32
DP   3  10 16 0  F        14405.82
DP   3  10 16 1  F        14297.82
DP   3  10 17 0  F        14036.28
DP   3  10 17 1  F        13577.58
DP   3  10 18 0  F        13227.36
DP   3  10 18 1  F        13257.03
DP   3  10 19 0  F        13451.76
DP   3  10 19 1  F        13542.05
DP   3  10 20 0  F        13525.99
DP   3  10 20 1  F        13482.58
DP   3  10 21 0  F        13547.07
DP   3  10 21 1  F        13803.05
DP   3  10 22 0  F        14071.22
DP   3  10 22 1  F        14166.84
DP   3  10 23 0  F        14146.06
DP   3  10 23 1  F        14125.29
DP   4  10 00 0  F        7455.86
DP   4  10 00 1  F        7422.32
DP   4  10 01 0  F        7375.17
DP   4  10 01 1  F        7305.91
DP   4  10 02 0  F        7226.62
DP   4  10 02 1  F        7150.74
DP   4  10 03 0  F        7076.67
DP   4  10 03 1  F        7001.41
DP   4  10 04 0  F        6931.52
DP   4  10 04 1  F        6874.69
DP   4  10 05 0  F        6833.45
DP   4  10 05 1  F        6802.77
DP   4  10 06 0  F        6752.50
DP   4  10 06 1  F        6660.98
DP   4  10 07 0  F        6565.48
DP   4  10 07 1  F        6514.14
DP   4  10 08 0  F        6539.52
DP   4  10 08 1  F        6655.71
DP   4  10 09 0  F        6818.54
DP   4  10 09 1  F        6975.66
DP   4  10 10 0  F        7100.08
DP   4  10 10 1  F        7177.43
DP   4  10 11 0  F        7218.30
DP   4  10 11 1  F        7233.62
DP   4  10 12 0  F        7210.63
DP   4  10 12 1  F        7145.84
DP   4  10 13 0  F        7096.62
DP   4  10 13 1  F        7118.16
DP   4  10 14 0  F        7196.21
DP   4  10 14 1  F        7298.95
DP   4  10 15 0  F        7393.70
DP   4  10 15 1  F        7451.26
DP   4  10 16 0  F        7457.13
DP   4  10 16 1  F        7405.05
DP   4  10 17 0  F        7306.94
DP   4  10 17 1  F        7177.02
DP   4  10 18 0  F        7020.63
DP   4  10 18 1  F        6856.83
DP   4  10 19 0  F        6768.49
DP   4  10 19 1  F        6819.27
DP   4  10 20 0  F        6932.29
DP   4  10 20 1  F        7018.21
DP   4  10 21 0  F        7078.45
DP   4  10 21 1  F        7133.65
DP   4  10 22 0  F        7190.57
DP   4  10 22 1  F        7251.53
DP   4  10 23 0  F        7315.00
DP   4  10 23 1  F        7378.46
DP   1  11 00 0  F        47021.66
DP   1  11 00 1  F        45654.38
DP   1  11 01 0  F        44364.03
DP   1  11 01 1  F        43216.00
DP   1  11 02 0  F        42229.52
DP   1  11 02 1  F        41412.06
DP   1  11 03 0  F        40770.23
DP   1  11 03 1  F        40307.33
DP   1  11 04 0  F        40014.56
DP   1  11 04 1  F        39873.33
DP   1  11 05 0  F        39838.10
DP   1  11 05 1  F        39865.37
DP   1  11 06 0  F        39946.65
DP   1  11 06 1  F        40140.66
DP   1  11 07 0  F        40739.84
DP   1  11 07 1  F        41970.84
DP   1  11 08 0  F        43563.21
DP   1  11 08 1  F        45152.57
DP   1  11 09 0  F        46495.90
DP   1  11 09 1  F        47458.32
DP   1  11 10 0  F        48216.26
DP   1  11 10 1  F        48944.06
DP   1  11 11 0  F        49496.48
DP   1  11 11 1  F        49710.80
DP   1  11 12 0  F        49674.13
DP   1  11 12 1  F        49569.78
DP   1  11 13 0  F        49716.01
DP   1  11 13 1  F        50331.93
DP   1  11 14 0  F        51104.99
DP   1  11 14 1  F        51668.44
DP   1  11 15 0  F        51970.32
DP   1  11 15 1  F        52051.42
DP   1  11 16 0  F        52008.83
DP   1  11 16 1  F        51870.99
DP   1  11 17 0  F        51335.50
DP   1  11 17 1  F        50179.28
DP   1  11 18 0  F        48827.23
DP   1  11 18 1  F        47839.98
DP   1  11 19 0  F        47673.20
DP   1  11 19 1  F        48507.90
DP   1  11 20 0  F        49531.73
DP   1  11 20 1  F        49937.62
DP   1  11 21 0  F        49933.14
DP   1  11 21 1  F        49860.08
DP   1  11 22 0  F        49582.61
DP   1  11 22 1  F        48926.34
DP   1  11 23 0  F        48040.24
DP   1  11 23 1  F        47154.15
DP   2  11 00 0  F        14362.75
DP   2  11 00 1  F        13876.53
DP   2  11 01 0  F        13418.92
DP   2  11 01 1  F        13016.58
DP   2  11 02 0  F        12688.30
DP   2  11 02 1  F        12441.36
DP   2  11 03 0  F        12244.93
DP   2  11 03 1  F        12070.69
DP   2  11 04 0  F        11938.60
DP   2  11 04 1  F        11872.12
DP   2  11 05 0  F        11860.56
DP   2  11 05 1  F        11886.78
DP   2  11 06 0  F        11942.14
DP   2  11 06 1  F        12045.64
DP   2  11 07 0  F        12318.39
DP   2  11 07 1  F        12853.93
DP   2  11 08 0  F        13533.45
DP   2  11 08 1  F        14193.71
DP   2  11 09 0  F        14706.27
DP   2  11 09 1  F        14997.71
DP   2  11 10 0  F        15179.89
DP   2  11 10 1  F        15381.97
DP   2  11 11 0  F        15617.12
DP   2  11 11 1  F        15828.18
DP   2  11 12 0  F        15792.90
DP   2  11 12 1  F        15389.44
DP   2  11 13 0  F        15062.81
DP   2  11 13 1  F        15229.69
DP   2  11 14 0  F        15626.70
DP   2  11 14 1  F        15893.34
DP   2  11 15 0  F        15960.84
DP   2  11 15 1  F        15859.53
DP   2  11 16 0  F        15724.32
DP   2  11 16 1  F        15666.38
DP   2  11 17 0  F        15597.30
DP   2  11 17 1  F        15400.63
DP   2  11 18 0  F        15047.26
DP   2  11 18 1  F        14592.93
DP   2  11 19 0  F        14345.45
DP   2  11 19 1  F        14539.06
DP   2  11 20 0  F        14861.97
DP   2  11 20 1  F        14970.83
DP   2  11 21 0  F        14942.10
DP   2  11 21 1  F        14908.50
DP   2  11 22 0  F        14807.78
DP   2  11 22 1  F        14562.35
DP   2  11 23 0  F        14227.88
DP   2  11 23 1  F        13893.41
DP   3  11 00 0  F        14004.56
DP   3  11 00 1  F        13755.62
DP   3  11 01 0  F        13521.72
DP   3  11 01 1  F        13314.98
DP   3  11 02 0  F        13135.88
DP   3  11 02 1  F        12981.22
DP   3  11 03 0  F        12844.86
DP   3  11 03 1  F        12726.28
DP   3  11 04 0  F        12650.60
DP   3  11 04 1  F        12619.39
DP   3  11 05 0  F        12514.61
DP   3  11 05 1  F        12241.14
DP   3  11 06 0  F        11915.03
DP   3  11 06 1  F        11693.22
DP   3  11 07 0  F        11685.02
DP   3  11 07 1  F        11947.56
DP   3  11 08 0  F        12376.99
DP   3  11 08 1  F        12838.12
DP   3  11 09 0  F        13231.52
DP   3  11 09 1  F        13492.85
DP   3  11 10 0  F        13662.38
DP   3  11 10 1  F        13796.63
DP   3  11 11 0  F        13912.28
DP   3  11 11 1  F        14000.28
DP   3  11 12 0  F        13988.35
DP   3  11 12 1  F        13842.50
DP   3  11 13 0  F        13745.10
DP   3  11 13 1  F        13864.33
DP   3  11 14 0  F        14095.17
DP   3  11 14 1  F        14290.43
DP   3  11 15 0  F        14407.32
DP   3  11 15 1  F        14436.80
DP   3  11 16 0  F        14400.42
DP   3  11 16 1  F        14301.84
DP   3  11 17 0  F        14042.69
DP   3  11 17 1  F        13586.23
DP   3  11 18 0  F        13244.19
DP   3  11 18 1  F        13290.93
DP   3  11 19 0  F        13502.80
DP   3  11 19 1  F        13599.84
DP   3  11 20 0  F        13574.80
DP   3  11 20 1  F        13508.56
DP   3  11 21 0  F        13561.75
DP   3  11 21 1  F        13838.27
DP   3  11 22 0  F        14135.30
DP   3  11 22 1  F        14241.51
DP   3  11 23 0  F        14218.20
DP   3  11 23 1  F        14194.90
DP   4  11 00 0  F        7271.85
DP   4  11 00 1  F        7229.93
DP   4  11 01 0  F        7180.63
DP   4  11 01 1  F        7119.82
DP   4  11 02 0  F        7056.30
DP   4  11 02 1  F        6997.13
DP   4  11 03 0  F        6929.23
DP   4  11 03 1  F        6842.51
DP   4  11 04 0  F        6758.78
DP   4  11 04 1  F        6701.20
DP   4  11 05 0  F        6666.34
DP   4  11 05 1  F        6640.18
DP   4  11 06 0  F        6592.80
DP   4  11 06 1  F        6504.33
DP   4  11 07 0  F        6411.08
DP   4  11 07 1  F        6360.08
DP   4  11 08 0  F        6385.15
DP   4  11 08 1  F        6502.07
DP   4  11 09 0  F        6667.75
DP   4  11 09 1  F        6830.44
DP   4  11 10 0  F        6962.68
DP   4  11 10 1  F        7049.50
DP   4  11 11 0  F        7101.60
DP   4  11 11 1  F        7129.84
DP   4  11 12 0  F        7120.10
DP   4  11 12 1  F        7068.66
DP   4  11 13 0  F        7038.63
DP   4  11 13 1  F        7090.08
DP   4  11 14 0  F        7204.32
DP   4  11 14 1  F        7342.28
DP   4  11 15 0  F        7462.11
DP   4  11 15 1  F        7530.99
DP   4  11 16 0  F        7555.01
DP   4  11 16 1  F        7543.71
DP   4  11 17 0  F        7481.46
DP   4  11 17 1  F        7353.67
DP   4  11 18 0  F        7175.00
DP   4  11 18 1  F        6983.46
DP   4  11 19 0  F        6881.24
DP   4  11 19 1  F        6943.06
DP   4  11 20 0  F        7069.59
DP   4  11 20 1  F        7149.93
DP   4  11 21 0  F        7201.12
DP   4  11 21 1  F        7261.48
DP   4  11 22 0  F        7326.58
DP   4  11 22 1  F        7384.66
DP   4  11 23 0  F        7437.55
DP   4  11 23 1  F        7490.44
DP   1  12 00 0  F        45711.99
DP   1  12 00 1  F        44360.19
DP   1  12 01 0  F        43087.27
DP   1  12 01 1  F        41963.54
DP   1  12 02 0  F        41024.87
DP   1  12 02 1  F        40286.26
DP   1  12 03 0  F        39713.59
DP   1  12 03 1  F        39273.55
DP   1  12 04 0  F        38985.32
DP   1  12 04 1  F        38867.31
DP   1  12 05 0  F        38882.66
DP   1  12 05 1  F        38987.63
DP   1  12 06 0  F        39166.44
DP   1  12 06 1  F        39466.34
DP   1  12 07 0  F        40158.87
DP   1  12 07 1  F        41444.84
DP   1  12 08 0  F        43017.90
DP   1  12 08 1  F        44502.79
DP   1  12 09 0  F        45755.93
DP   1  12 09 1  F        46726.21
DP   1  12 10 0  F        47500.95
DP   1  12 10 1  F        48161.55
DP   1  12 11 0  F        48627.23
DP   1  12 11 1  F        48811.06
DP   1  12 12 0  F        48763.43
DP   1  12 12 1  F        48613.82
DP   1  12 13 0  F        48670.71
DP   1  12 13 1  F        49156.71
DP   1  12 14 0  F        49772.05
DP   1  12 14 1  F        50174.70
DP   1  12 15 0  F        50375.70
DP   1  12 15 1  F        50446.65
DP   1  12 16 0  F        50348.02
DP   1  12 16 1  F        50011.43
DP   1  12 17 0  F        49364.09
DP   1  12 17 1  F        48400.29
DP   1  12 18 0  F        47387.02
DP   1  12 18 1  F        46671.64
DP   1  12 19 0  F        46650.32
DP   1  12 19 1  F        47495.48
DP   1  12 20 0  F        48435.84
DP   1  12 20 1  F        48712.64
DP   1  12 21 0  F        48561.03
DP   1  12 21 1  F        48346.40
DP   1  12 22 0  F        47961.41
DP   1  12 22 1  F        47251.07
DP   1  12 23 0  F        46342.78
DP   1  12 23 1  F        45434.49
DP   2  12 00 0  F        13399.90
DP   2  12 00 1  F        12914.12
DP   2  12 01 0  F        12470.29
DP   2  12 01 1  F        12100.59
DP   2  12 02 0  F        11798.05
DP   2  12 02 1  F        11548.85
DP   2  12 03 0  F        11350.92
DP   2  12 03 1  F        11204.53
DP   2  12 04 0  F        11107.68
DP   2  12 04 1  F        11058.19
DP   2  12 05 0  F        11055.59
DP   2  12 05 1  F        11098.89
DP   2  12 06 0  F        11183.33
DP   2  12 06 1  F        11325.88
DP   2  12 07 0  F        11633.96
DP   2  12 07 1  F        12183.64
DP   2  12 08 0  F        12834.96
DP   2  12 08 1  F        13416.17
DP   2  12 09 0  F        13844.39
DP   2  12 09 1  F        14092.55
DP   2  12 10 0  F        14267.96
DP   2  12 10 1  F        14480.40
DP   2  12 11 0  F        14715.12
DP   2  12 11 1  F        14896.48
DP   2  12 12 0  F        14829.62
DP   2  12 12 1  F        14421.76
DP   2  12 13 0  F        14107.38
DP   2  12 13 1  F        14283.42
DP   2  12 14 0  F        14669.31
DP   2  12 14 1  F        14904.38
DP   2  12 15 0  F        14985.17
DP   2  12 15 1  F        14986.81
DP   2  12 16 0  F        14941.57
DP   2  12 16 1  F        14867.38
DP   2  12 17 0  F        14767.72
DP   2  12 17 1  F        14629.28
DP   2  12 18 0  F        14386.22
DP   2  12 18 1  F        14034.54
DP   2  12 19 0  F        13870.23
DP   2  12 19 1  F        14126.31
DP   2  12 20 0  F        14483.99
DP   2  12 20 1  F        14592.67
DP   2  12 21 0  F        14526.22
DP   2  12 21 1  F        14424.28
DP   2  12 22 0  F        14265.03
DP   2  12 22 1  F        14006.59
DP   2  12 23 0  F        13688.40
DP   2  12 23 1  F        13370.22
DP   3  12 00 0  F        14098.69
DP   3  12 00 1  F        13850.66
DP   3  12 01 0  F        13616.40
DP   3  12 01 1  F        13408.04
DP   3  12 02 0  F        13231.27
DP   3  12 02 1  F        13085.76
DP   3  12 03 0  F        12953.75
DP   3  12 03 1  F        12824.33
DP   3  12 04 0  F        12731.64
DP   3  12 04 1  F        12689.02
DP   3  12 05 0  F        12581.47
DP   3  12 05 1  F        12312.59
DP   3  12 06 0  F        11988.67
DP   3  12 06 1  F        11756.98
DP   3  12 07 0  F        11726.05
DP   3  12 07 1  F        11956.82
DP   3  12 08 0  F        12358.75
DP   3  12 08 1  F        12806.49
DP   3  12 09 0  F        13186.96
DP   3  12 09 1  F        13423.32
DP   3  12 10 0  F        13571.48
DP   3  12 10 1  F        13703.55
DP   3  12 11 0  F        13823.94
DP   3  12 11 1  F        13910.38
DP   3  12 12 0  F        13901.72
DP   3  12 12 1  F        13772.54
DP   3  12 13 0  F        13679.36
DP   3  12 13 1  F        13768.23
DP   3  12 14 0  F        13961.46
DP   3  12 14 1  F        14141.74
DP   3  12 15 0  F        14256.84
DP   3  12 15 1  F        14281.47
DP   3  12 16 0  F        14232.79
DP   3  12 16 1  F        14117.17
DP   3  12 17 0  F        13855.19
DP   3  12 17 1  F        13425.63
DP   3  12 18 0  F        13125.73
DP   3  12 18 1  F        13211.01
DP   3  12 19 0  F        13451.54
DP   3  12 19 1  F        13565.40
DP   3  12 20 0  F        13548.05
DP   3  12 20 1  F        13482.25
DP   3  12 21 0  F        13522.52
DP   3  12 21 1  F        13770.90
DP   3  12 22 0  F        14047.78
DP   3  12 22 1  F        14163.27
DP   3  12 23 0  F        14168.00
DP   3  12 23 1  F        14172.73
DP   4  12 00 0  F        7530.54
DP   4  12 00 1  F        7500.86
DP   4  12 01 0  F        7451.28
DP   4  12 01 1  F        7370.94
DP   4  12 02 0  F        7285.25
DP   4  12 02 1  F        7218.28
DP   4  12 03 0  F        7152.44
DP   4  12 03 1  F        7068.73
DP   4  12 04 0  F        6984.07
DP   4  12 04 1  F        6919.15
DP   4  12 05 0  F        6873.94
DP   4  12 05 1  F        6837.96
DP   4  12 06 0  F        6779.74
DP   4  12 06 1  F        6677.71
DP   4  12 07 0  F        6570.71
DP   4  12 07 1  F        6509.37
DP   4  12 08 0  F        6530.83
DP   4  12 08 1  F        6651.86
DP   4  12 09 0  F        6820.98
DP   4  12 09 1  F        6979.32
DP   4  12 10 0  F        7106.53
DP   4  12 10 1  F        7195.62
DP   4  12 11 0  F        7254.40
DP   4  12 11 1  F        7288.57
DP   4  12 12 0  F        7280.53
DP   4  12 12 1  F        7225.08
DP   4  12 13 0  F        7189.83
DP   4  12 13 1  F        7239.03
DP   4  12 14 0  F        7350.73
DP   4  12 14 1  F        7481.30
DP   4  12 15 0  F        7586.56
DP   4  12 15 1  F        7632.91
DP   4  12 16 0  F        7629.63
DP   4  12 16 1  F        7590.68
DP   4  12 17 0  F        7505.80
DP   4  12 17 1  F        7365.70
DP   4  12 18 0  F        7189.10
DP   4  12 18 1  F        7013.49
DP   4  12 19 0  F        6923.56
DP   4  12 19 1  F        6978.96
DP   4  12 20 0  F        7091.89
DP   4  12 20 1  F        7165.81
DP   4  12 21 0  F        7216.55
DP   4  12 21 1  F        7277.57
DP   4  12 22 0  F        7340.36
DP   4  12 22 1  F        7390.55
DP   4  12 23 0  F        7432.14
DP   4  12 23 1  F        7473.73
DP   1  13 00 0  F        44048.02
DP   1  13 00 1  F        42779.36
DP   1  13 01 0  F        41600.83
DP   1  13 01 1  F        40581.22
DP   1  13 02 0  F        39703.92
DP   1  13 02 1  F        38941.46
DP   1  13 03 0  F        38308.28
DP   1  13 03 1  F        37825.15
DP   1  13 04 0  F        37496.34
DP   1  13 04 1  F        37304.81
DP   1  13 05 0  F        37164.72
DP   1  13 05 1  F        36988.00
DP   1  13 06 0  F        36746.38
DP   1  13 06 1  F        36491.61
DP   1  13 07 0  F        36535.70
DP   1  13 07 1  F        37130.98
DP   1  13 08 0  F        38030.90
DP   1  13 08 1  F        38922.72
DP   1  13 09 0  F        39727.89
DP   1  13 09 1  F        40425.96
DP   1  13 10 0  F        40994.63
DP   1  13 10 1  F        41412.81
DP   1  13 11 0  F        41666.15
DP   1  13 11 1  F        41763.31
DP   1  13 12 0  F        41798.14
DP   1  13 12 1  F        41855.45
DP   1  13 13 0  F        41898.58
DP   1  13 13 1  F        41875.53
DP   1  13 14 0  F        41794.31
DP   1  13 14 1  F        41682.93
DP   1  13 15 0  F        41589.36
DP   1  13 15 1  F        41558.21
DP   1  13 16 0  F        41600.68
DP   1  13 16 1  F        41708.43
DP   1  13 17 0  F        41828.27
DP   1  13 17 1  F        41932.21
DP   1  13 18 0  F        42137.78
DP   1  13 18 1  F        42593.56
DP   1  13 19 0  F        43426.60
DP   1  13 19 1  F        44617.51
DP   1  13 20 0  F        45582.62
DP   1  13 20 1  F        45775.90
DP   1  13 21 0  F        45365.89
DP   1  13 21 1  F        44655.06
DP   1  13 22 0  F        43766.78
DP   1  13 22 1  F        42774.80
DP   1  13 23 0  F        41733.41
DP   1  13 23 1  F        40692.02
DP   2  13 00 0  F        13214.13
DP   2  13 00 1  F        12740.16
DP   2  13 01 0  F        12305.40
DP   2  13 01 1  F        11938.81
DP   2  13 02 0  F        11628.30
DP   2  13 02 1  F        11356.61
DP   2  13 03 0  F        11126.90
DP   2  13 03 1  F        10947.41
DP   2  13 04 0  F        10826.38
DP   2  13 04 1  F        10763.83
DP   2  13 05 0  F        10726.93
DP   2  13 05 1  F        10680.46
DP   2  13 06 0  F        10612.73
DP   2  13 06 1  F        10543.83
DP   2  13 07 0  F        10597.57
DP   2  13 07 1  F        10869.71
DP   2  13 08 0  F        11240.02
DP   2  13 08 1  F        11562.47
DP   2  13 09 0  F        11803.84
DP   2  13 09 1  F        11969.69
DP   2  13 10 0  F        12107.88
DP   2  13 10 1  F        12264.84
DP   2  13 11 0  F        12438.90
DP   2  13 11 1  F        12601.52
DP   2  13 12 0  F        12664.70
DP   2  13 12 1  F        12568.74
DP   2  13 13 0  F        12426.74
DP   2  13 13 1  F        12360.75
DP   2  13 14 0  F        12355.89
DP   2  13 14 1  F        12366.72
DP   2  13 15 0  F        12362.44
DP   2  13 15 1  F        12328.63
DP   2  13 16 0  F        12301.74
DP   2  13 16 1  F        12325.21
DP   2  13 17 0  F        12419.34
DP   2  13 17 1  F        12580.55
DP   2  13 18 0  F        12732.68
DP   2  13 18 1  F        12831.87
DP   2  13 19 0  F        13036.05
DP   2  13 19 1  F        13461.64
DP   2  13 20 0  F        13857.20
DP   2  13 20 1  F        13958.08
DP   2  13 21 0  F        13814.58
DP   2  13 21 1  F        13539.20
DP   2  13 22 0  F        13178.24
DP   2  13 22 1  F        12761.19
DP   2  13 23 0  F        12316.24
DP   2  13 23 1  F        11871.29
DP   3  13 00 0  F        13949.54
DP   3  13 00 1  F        13754.23
DP   3  13 01 0  F        13557.37
DP   3  13 01 1  F        13362.11
DP   3  13 02 0  F        13190.46
DP   3  13 02 1  F        13058.05
DP   3  13 03 0  F        12936.27
DP   3  13 03 1  F        12802.37
DP   3  13 04 0  F        12701.35
DP   3  13 04 1  F        12656.65
DP   3  13 05 0  F        12537.81
DP   3  13 05 1  F        12231.94
DP   3  13 06 0  F        11850.51
DP   3  13 06 1  F        11545.97
DP   3  13 07 0  F        11410.48
DP   3  13 07 1  F        11490.19
DP   3  13 08 0  F        11707.53
DP   3  13 08 1  F        11958.19
DP   3  13 09 0  F        12154.62
DP   3  13 09 1  F        12243.29
DP   3  13 10 0  F        12289.94
DP   3  13 10 1  F        12367.74
DP   3  13 11 0  F        12460.32
DP   3  13 11 1  F        12529.50
DP   3  13 12 0  F        12539.51
DP   3  13 12 1  F        12478.96
DP   3  13 13 0  F        12431.81
DP   3  13 13 1  F        12473.90
DP   3  13 14 0  F        12553.37
DP   3  13 14 1  F        12603.13
DP   3  13 15 0  F        12622.79
DP   3  13 15 1  F        12623.58
DP   3  13 16 0  F        12596.60
DP   3  13 16 1  F        12531.31
DP   3  13 17 0  F        12430.71
DP   3  13 17 1  F        12342.48
DP   3  13 18 0  F        12479.37
DP   3  13 18 1  F        12977.32
DP   3  13 19 0  F        13499.95
DP   3  13 19 1  F        13703.10
DP   3  13 20 0  F        13683.69
DP   3  13 20 1  F        13623.97
DP   3  13 21 0  F        13606.50
DP   3  13 21 1  F        13663.33
DP   3  13 22 0  F        13724.44
DP   3  13 22 1  F        13717.84
DP   3  13 23 0  F        13665.60
DP   3  13 23 1  F        13613.36
DP   4  13 00 0  F        7402.48
DP   4  13 00 1  F        7374.83
DP   4  13 01 0  F        7337.68
DP   4  13 01 1  F        7283.98
DP   4  13 02 0  F        7216.29
DP   4  13 02 1  F        7140.39
DP   4  13 03 0  F        7065.15
DP   4  13 03 1  F        6997.48
DP   4  13 04 0  F        6933.44
DP   4  13 04 1  F        6870.06
DP   4  13 05 0  F        6819.05
DP   4  13 05 1  F        6784.38
DP   4  13 06 0  F        6724.17
DP   4  13 06 1  F        6604.59
DP   4  13 07 0  F        6469.70
DP   4  13 07 1  F        6374.48
DP   4  13 08 0  F        6339.63
DP   4  13 08 1  F        6368.11
DP   4  13 09 0  F        6426.21
DP   4  13 09 1  F        6478.65
DP   4  13 10 0  F        6520.55
DP   4  13 10 1  F        6553.59
DP   4  13 11 0  F        6575.39
DP   4  13 11 1  F        6581.78
DP   4  13 12 0  F        6565.63
DP   4  13 12 1  F        6526.72
DP   4  13 13 0  F        6495.39
DP   4  13 13 1  F        6500.47
DP   4  13 14 0  F        6533.95
DP   4  13 14 1  F        6578.17
DP   4  13 15 0  F        6613.63
DP   4  13 15 1  F        6624.37
DP   4  13 16 0  F        6610.37
DP   4  13 16 1  F        6575.11
DP   4  13 17 0  F        6520.10
DP   4  13 17 1  F        6452.82
DP   4  13 18 0  F        6406.54
DP   4  13 18 1  F        6417.07
DP   4  13 19 0  F        6504.63
DP   4  13 19 1  F        6666.07
DP   4  13 20 0  F        6820.30
DP   4  13 20 1  F        6892.75
DP   4  13 21 0  F        6912.90
DP   4  13 21 1  F        6926.84
DP   4  13 22 0  F        6943.06
DP   4  13 22 1  F        6960.68
DP   4  13 23 0  F        6978.99
DP   4  13 23 1  F        6997.30
