&   CARGA
&
&   ss  di hi m df hf m Demanda
&X  XX  XX XX X XX XX X XXXXXXXXXX
DP   1  22 00 0  F        40910.84
DP   1  22 00 1  F        39778.78
DP   1  22 01 0  F        38770.79
DP   1  22 01 1  F        37972.96
DP   1  22 02 0  F        37319.42
DP   1  22 02 1  F        36732.76
DP   1  22 03 0  F        36241.37
DP   1  22 03 1  F        35895.24
DP   1  22 04 0  F        35725.09
DP   1  22 04 1  F        35744.59
DP   1  22 05 0  F        35918.34
DP   1  22 05 1  F        36212.54
DP   1  22 06 0  F        36648.57
DP   1  22 06 1  F        37289.28
DP   1  22 07 0  F        38307.96
DP   1  22 07 1  F        39817.40
DP   1  22 08 0  F        41577.77
DP   1  22 08 1  F        43284.79
DP   1  22 09 0  F        44728.85
DP   1  22 09 1  F        45786.57
DP   1  22 10 0  F        46584.78
DP   1  22 10 1  F        47265.07
DP   1  22 11 0  F        47777.91
DP   1  22 11 1  F        48040.97
DP   1  22 12 0  F        48032.05
DP   1  22 12 1  F        47815.61
DP   1  22 13 0  F        47742.62
DP   1  22 13 1  F        48098.65
DP   1  22 14 0  F        48620.90
DP   1  22 14 1  F        48979.56
DP   1  22 15 0  F        49125.05
DP   1  22 15 1  F        49099.18
DP   1  22 16 0  F        49029.06
DP   1  22 16 1  F        48959.19
DP   1  22 17 0  F        48518.32
DP   1  22 17 1  F        47424.14
DP   1  22 18 0  F        46165.92
DP   1  22 18 1  F        45386.58
DP   1  22 19 0  F        45572.15
DP   1  22 19 1  F        46860.50
DP   1  22 20 0  F        48153.75
DP   1  22 20 1  F        48419.48
DP   1  22 21 0  F        48122.75
DP   1  22 21 1  F        47886.68
DP   1  22 22 0  F        47469.07
DP   1  22 22 1  F        46541.15
DP   1  22 23 0  F        45293.20
DP   1  22 23 1  F        44045.25
DP   2  22 00 0  F        13017.83
DP   2  22 00 1  F        12620.88
DP   2  22 01 0  F        12269.57
DP   2  22 01 1  F        11995.04
DP   2  22 02 0  F        11770.39
DP   2  22 02 1  F        11567.83
DP   2  22 03 0  F        11414.09
DP   2  22 03 1  F        11333.60
DP   2  22 04 0  F        11287.15
DP   2  22 04 1  F        11246.32
DP   2  22 05 0  F        11289.57
DP   2  22 05 1  F        11481.80
DP   2  22 06 0  F        11726.65
DP   2  22 06 1  F        11955.32
DP   2  22 07 0  F        12370.43
DP   2  22 07 1  F        13143.53
DP   2  22 08 0  F        14050.56
DP   2  22 08 1  F        14813.99
DP   2  22 09 0  F        15338.24
DP   2  22 09 1  F        15616.24
DP   2  22 10 0  F        15813.08
DP   2  22 10 1  F        16086.08
DP   2  22 11 0  F        16389.34
DP   2  22 11 1  F        16604.95
DP   2  22 12 0  F        16530.32
DP   2  22 12 1  F        16090.33
DP   2  22 13 0  F        15804.44
DP   2  22 13 1  F        16131.59
DP   2  22 14 0  F        16694.17
DP   2  22 14 1  F        17024.08
DP   2  22 15 0  F        17127.80
DP   2  22 15 1  F        17122.60
DP   2  22 16 0  F        17094.28
DP   2  22 16 1  F        17086.82
DP   2  22 17 0  F        17008.39
DP   2  22 17 1  F        16748.01
DP   2  22 18 0  F        16253.91
DP   2  22 18 1  F        15581.92
DP   2  22 19 0  F        15159.02
DP   2  22 19 1  F        15327.99
DP   2  22 20 0  F        15723.50
DP   2  22 20 1  F        15918.13
DP   2  22 21 0  F        15944.17
DP   2  22 21 1  F        15912.65
DP   2  22 22 0  F        15789.78
DP   2  22 22 1  F        15530.69
DP   2  22 23 0  F        15190.94
DP   2  22 23 1  F        14851.18
DP   3  22 00 0  F        12854.78
DP   3  22 00 1  F        12632.68
DP   3  22 01 0  F        12425.62
DP   3  22 01 1  F        12247.31
DP   3  22 02 0  F        12106.09
DP   3  22 02 1  F        12002.07
DP   3  22 03 0  F        11907.76
DP   3  22 03 1  F        11802.12
DP   3  22 04 0  F        11717.38
DP   3  22 04 1  F        11672.88
DP   3  22 05 0  F        11582.88
DP   3  22 05 1  F        11371.87
DP   3  22 06 0  F        11110.32
DP   3  22 06 1  F        10911.07
DP   3  22 07 0  F        10910.64
DP   3  22 07 1  F        11200.60
DP   3  22 08 0  F        11669.03
DP   3  22 08 1  F        12160.63
DP   3  22 09 0  F        12550.05
DP   3  22 09 1  F        12761.78
DP   3  22 10 0  F        12889.78
DP   3  22 10 1  F        13036.80
DP   3  22 11 0  F        13171.07
DP   3  22 11 1  F        13233.16
DP   3  22 12 0  F        13187.56
DP   3  22 12 1  F        13043.87
DP   3  22 13 0  F        12968.16
DP   3  22 13 1  F        13102.49
DP   3  22 14 0  F        13336.50
DP   3  22 14 1  F        13523.07
DP   3  22 15 0  F        13620.65
DP   3  22 15 1  F        13625.15
DP   3  22 16 0  F        13576.71
DP   3  22 16 1  F        13496.01
DP   3  22 17 0  F        13281.40
DP   3  22 17 1  F        12887.92
DP   3  22 18 0  F        12619.49
DP   3  22 18 1  F        12738.18
DP   3  22 19 0  F        12989.82
DP   3  22 19 1  F        13073.38
DP   3  22 20 0  F        13016.72
DP   3  22 20 1  F        12940.47
DP   3  22 21 0  F        13007.51
DP   3  22 21 1  F        13310.94
DP   3  22 22 0  F        13622.48
DP   3  22 22 1  F        13709.98
DP   3  22 23 0  F        13647.23
DP   3  22 23 1  F        13584.47
DP   4  22 00 0  F        7301.71
DP   4  22 00 1  F        7259.48
DP   4  22 01 0  F        7209.34
DP   4  22 01 1  F        7147.19
DP   4  22 02 0  F        7084.03
DP   4  22 02 1  F        7029.88
DP   4  22 03 0  F        6975.69
DP   4  22 03 1  F        6911.53
DP   4  22 04 0  F        6843.16
DP   4  22 04 1  F        6782.19
DP   4  22 05 0  F        6748.05
DP   4  22 05 1  F        6744.35
DP   4  22 06 0  F        6703.87
DP   4  22 06 1  F        6575.55
DP   4  22 07 0  F        6444.05
DP   4  22 07 1  F        6408.09
DP   4  22 08 0  F        6487.07
DP   4  22 08 1  F        6665.31
DP   4  22 09 0  F        6866.12
DP   4  22 09 1  F        7016.35
DP   4  22 10 0  F        7117.85
DP   4  22 10 1  F        7189.93
DP   4  22 11 0  F        7246.52
DP   4  22 11 1  F        7292.33
DP   4  22 12 0  F        7300.59
DP   4  22 12 1  F        7258.77
DP   4  22 13 0  F        7242.92
DP   4  22 13 1  F        7325.62
DP   4  22 14 0  F        7476.93
DP   4  22 14 1  F        7642.27
DP   4  22 15 0  F        7770.85
DP   4  22 15 1  F        7826.90
DP   4  22 16 0  F        7830.66
DP   4  22 16 1  F        7804.87
DP   4  22 17 0  F        7725.96
DP   4  22 17 1  F        7572.48
DP   4  22 18 0  F        7377.69
DP   4  22 18 1  F        7198.36
DP   4  22 19 0  F        7130.38
DP   4  22 19 1  F        7232.41
DP   4  22 20 0  F        7374.96
DP   4  22 20 1  F        7429.42
DP   4  22 21 0  F        7458.81
DP   4  22 21 1  F        7544.04
DP   4  22 22 0  F        7645.91
DP   4  22 22 1  F        7711.13
DP   4  22 23 0  F        7750.07
DP   4  22 23 1  F        7789.00
