&   CARGA
&
&   ss  di hi m df hf m Demanda
&X  XX  XX XX X XX XX X XXXXXXXXXX
DP   1  19 00 0  F        47197.51
DP   1  19 00 1  F        45836.50
DP   1  19 01 0  F        44577.23
DP   1  19 01 1  F        43497.90
DP   1  19 02 0  F        42582.35
DP   1  19 02 1  F        41801.41
DP   1  19 03 0  F        41168.06
DP   1  19 03 1  F        40701.39
DP   1  19 04 0  F        40402.71
DP   1  19 04 1  F        40262.40
DP   1  19 05 0  F        40244.87
DP   1  19 05 1  F        40311.52
DP   1  19 06 0  F        40437.87
DP   1  19 06 1  F        40669.07
DP   1  19 07 0  F        41314.86
DP   1  19 07 1  F        42622.16
DP   1  19 08 0  F        44322.14
DP   1  19 08 1  F        46041.48
DP   1  19 09 0  F        47504.85
DP   1  19 09 1  F        48543.50
DP   1  19 10 0  F        49317.17
DP   1  19 10 1  F        49999.12
DP   1  19 11 0  F        50488.17
DP   1  19 11 1  F        50658.19
DP   1  19 12 0  F        50557.61
DP   1  19 12 1  F        50331.81
DP   1  19 13 0  F        50339.39
DP   1  19 13 1  F        50842.69
DP   1  19 14 0  F        51505.99
DP   1  19 14 1  F        51939.61
DP   1  19 15 0  F        52136.01
DP   1  19 15 1  F        52161.10
DP   1  19 16 0  F        51992.37
DP   1  19 16 1  F        51571.65
DP   1  19 17 0  F        50786.74
DP   1  19 17 1  F        49601.91
DP   1  19 18 0  F        48341.55
DP   1  19 18 1  F        47440.69
DP   1  19 19 0  F        47416.89
DP   1  19 19 1  F        48496.08
DP   1  19 20 0  F        49655.05
DP   1  19 20 1  F        49904.02
DP   1  19 21 0  F        49636.00
DP   1  19 21 1  F        49413.39
DP   1  19 22 0  F        49093.33
DP   1  19 22 1  F        48444.58
DP   1  19 23 0  F        47587.52
DP   1  19 23 1  F        46730.47
DP   2  19 00 0  F        14593.07
DP   2  19 00 1  F        14043.48
DP   2  19 01 0  F        13555.16
DP   2  19 01 1  F        13171.56
DP   2  19 02 0  F        12864.97
DP   2  19 02 1  F        12600.96
DP   2  19 03 0  F        12389.38
DP   2  19 03 1  F        12243.09
DP   2  19 04 0  F        12142.70
DP   2  19 04 1  F        12076.46
DP   2  19 05 0  F        12095.63
DP   2  19 05 1  F        12237.60
DP   2  19 06 0  F        12421.45
DP   2  19 06 1  F        12599.48
DP   2  19 07 0  F        12975.20
DP   2  19 07 1  F        13718.90
DP   2  19 08 0  F        14616.79
DP   2  19 08 1  F        15400.74
DP   2  19 09 0  F        15969.52
DP   2  19 09 1  F        16302.68
DP   2  19 10 0  F        16536.01
DP   2  19 10 1  F        16806.67
DP   2  19 11 0  F        17101.23
DP   2  19 11 1  F        17331.42
DP   2  19 12 0  F        17260.54
DP   2  19 12 1  F        16785.76
DP   2  19 13 0  F        16488.36
DP   2  19 13 1  F        16886.89
DP   2  19 14 0  F        17564.89
DP   2  19 14 1  F        17996.68
DP   2  19 15 0  F        18154.83
DP   2  19 15 1  F        18136.48
DP   2  19 16 0  F        18038.88
DP   2  19 16 1  F        17927.33
DP   2  19 17 0  F        17739.23
DP   2  19 17 1  F        17387.74
DP   2  19 18 0  F        16817.00
DP   2  19 18 1  F        16074.04
DP   2  19 19 0  F        15586.50
DP   2  19 19 1  F        15700.08
DP   2  19 20 0  F        16052.07
DP   2  19 20 1  F        16218.96
DP   2  19 21 0  F        16242.40
DP   2  19 21 1  F        16242.84
DP   2  19 22 0  F        16190.85
DP   2  19 22 1  F        16040.64
DP   2  19 23 0  F        15830.76
DP   2  19 23 1  F        15620.87
DP   3  19 00 0  F        13579.13
DP   3  19 00 1  F        13328.27
DP   3  19 01 0  F        13098.51
DP   3  19 01 1  F        12905.87
DP   3  19 02 0  F        12745.87
DP   3  19 02 1  F        12608.32
DP   3  19 03 0  F        12480.50
DP   3  19 03 1  F        12356.55
DP   3  19 04 0  F        12260.68
DP   3  19 04 1  F        12201.47
DP   3  19 05 0  F        12094.95
DP   3  19 05 1  F        11867.23
DP   3  19 06 0  F        11577.29
DP   3  19 06 1  F        11326.65
DP   3  19 07 0  F        11254.11
DP   3  19 07 1  F        11456.93
DP   3  19 08 0  F        11828.99
DP   3  19 08 1  F        12227.89
DP   3  19 09 0  F        12569.48
DP   3  19 09 1  F        12803.71
DP   3  19 10 0  F        12958.80
DP   3  19 10 1  F        13076.41
DP   3  19 11 0  F        13173.88
DP   3  19 11 1  F        13248.53
DP   3  19 12 0  F        13242.00
DP   3  19 12 1  F        13124.52
DP   3  19 13 0  F        13036.25
DP   3  19 13 1  F        13111.05
DP   3  19 14 0  F        13287.49
DP   3  19 14 1  F        13464.26
DP   3  19 15 0  F        13575.78
DP   3  19 15 1  F        13583.85
DP   3  19 16 0  F        13524.23
DP   3  19 16 1  F        13423.56
DP   3  19 17 0  F        13198.31
DP   3  19 17 1  F        12814.15
DP   3  19 18 0  F        12543.78
DP   3  19 18 1  F        12627.75
DP   3  19 19 0  F        12870.95
DP   3  19 19 1  F        13023.57
DP   3  19 20 0  F        13052.66
DP   3  19 20 1  F        13007.09
DP   3  19 21 0  F        13046.26
DP   3  19 21 1  F        13285.08
DP   3  19 22 0  F        13549.75
DP   3  19 22 1  F        13653.67
DP   3  19 23 0  F        13647.56
DP   3  19 23 1  F        13641.44
DP   4  19 00 0  F        7439.16
DP   4  19 00 1  F        7405.33
DP   4  19 01 0  F        7355.42
DP   4  19 01 1  F        7281.09
DP   4  19 02 0  F        7205.02
DP   4  19 02 1  F        7148.20
DP   4  19 03 0  F        7093.91
DP   4  19 03 1  F        7023.09
DP   4  19 04 0  F        6945.04
DP   4  19 04 1  F        6875.99
DP   4  19 05 0  F        6831.45
DP   4  19 05 1  F        6813.31
DP   4  19 06 0  F        6769.71
DP   4  19 06 1  F        6660.04
DP   4  19 07 0  F        6542.61
DP   4  19 07 1  F        6488.98
DP   4  19 08 0  F        6524.64
DP   4  19 08 1  F        6649.34
DP   4  19 09 0  F        6805.64
DP   4  19 09 1  F        6933.12
DP   4  19 10 0  F        7016.51
DP   4  19 10 1  F        7058.03
DP   4  19 11 0  F        7084.89
DP   4  19 11 1  F        7116.95
DP   4  19 12 0  F        7119.89
DP   4  19 12 1  F        7068.73
DP   4  19 13 0  F        7030.03
DP   4  19 13 1  F        7072.01
DP   4  19 14 0  F        7177.86
DP   4  19 14 1  F        7308.63
DP   4  19 15 0  F        7421.81
DP   4  19 15 1  F        7483.71
DP   4  19 16 0  F        7499.45
DP   4  19 16 1  F        7478.73
DP   4  19 17 0  F        7410.70
DP   4  19 17 1  F        7289.20
DP   4  19 18 0  F        7147.51
DP   4  19 18 1  F        7032.14
DP   4  19 19 0  F        7003.39
DP   4  19 19 1  F        7093.48
DP   4  19 20 0  F        7208.52
DP   4  19 20 1  F        7256.01
DP   4  19 21 0  F        7275.09
DP   4  19 21 1  F        7320.96
DP   4  19 22 0  F        7381.68
DP   4  19 22 1  F        7434.41
DP   4  19 23 0  F        7480.18
DP   4  19 23 1  F        7525.94
