&   CARGA
&
&   ss  di hi m df hf m Demanda
&X  XX  XX XX X XX XX X XXXXXXXXXX
DP   1  16 00 0  F        46790.38
DP   1  16 00 1  F        45373.27
DP   1  16 01 0  F        44080.77
DP   1  16 01 1  F        43009.63
DP   1  16 02 0  F        42145.36
DP   1  16 02 1  F        41446.28
DP   1  16 03 0  F        40873.32
DP   1  16 03 1  F        40403.82
DP   1  16 04 0  F        40078.20
DP   1  16 04 1  F        39935.93
DP   1  16 05 0  F        39949.88
DP   1  16 05 1  F        40081.43
DP   1  16 06 0  F        40312.73
DP   1  16 06 1  F        40692.53
DP   1  16 07 0  F        41515.06
DP   1  16 07 1  F        43004.97
DP   1  16 08 0  F        44862.95
DP   1  16 08 1  F        46698.66
DP   1  16 09 0  F        48281.62
DP   1  16 09 1  F        49489.53
DP   1  16 10 0  F        50472.85
DP   1  16 10 1  F        51374.74
DP   1  16 11 0  F        52036.14
DP   1  16 11 1  F        52293.30
DP   1  16 12 0  F        52265.90
DP   1  16 12 1  F        52171.86
DP   1  16 13 0  F        52338.80
DP   1  16 13 1  F        52983.86
DP   1  16 14 0  F        53772.49
DP   1  16 14 1  F        54322.07
DP   1  16 15 0  F        54609.08
DP   1  16 15 1  F        54705.39
DP   1  16 16 0  F        54705.21
DP   1  16 16 1  F        54600.73
DP   1  16 17 0  F        53953.78
DP   1  16 17 1  F        52450.08
DP   1  16 18 0  F        50701.32
DP   1  16 18 1  F        49483.50
DP   1  16 19 0  F        49303.98
DP   1  16 19 1  F        50315.33
DP   1  16 20 0  F        51519.62
DP   1  16 20 1  F        51954.90
DP   1  16 21 0  F        51953.82
DP   1  16 21 1  F        51990.64
DP   1  16 22 0  F        51811.32
DP   1  16 22 1  F        51106.85
DP   1  16 23 0  F        50076.27
DP   1  16 23 1  F        49045.70
DP   2  16 00 0  F        16181.83
DP   2  16 00 1  F        15594.66
DP   2  16 01 0  F        15059.69
DP   2  16 01 1  F        14615.77
DP   2  16 02 0  F        14248.27
DP   2  16 02 1  F        13935.71
DP   2  16 03 0  F        13682.62
DP   2  16 03 1  F        13494.09
DP   2  16 04 0  F        13351.32
DP   2  16 04 1  F        13244.77
DP   2  16 05 0  F        13225.80
DP   2  16 05 1  F        13329.34
DP   2  16 06 0  F        13463.67
DP   2  16 06 1  F        13578.07
DP   2  16 07 0  F        13912.57
DP   2  16 07 1  F        14675.75
DP   2  16 08 0  F        15659.74
DP   2  16 08 1  F        16583.46
DP   2  16 09 0  F        17289.45
DP   2  16 09 1  F        17710.30
DP   2  16 10 0  F        18015.45
DP   2  16 10 1  F        18380.84
DP   2  16 11 0  F        18771.78
DP   2  16 11 1  F        19071.48
DP   2  16 12 0  F        19045.44
DP   2  16 12 1  F        18609.66
DP   2  16 13 0  F        18399.83
DP   2  16 13 1  F        18964.54
DP   2  16 14 0  F        19784.14
DP   2  16 14 1  F        20234.25
DP   2  16 15 0  F        20339.81
DP   2  16 15 1  F        20271.25
DP   2  16 16 0  F        20131.73
DP   2  16 16 1  F        19972.37
DP   2  16 17 0  F        19703.43
DP   2  16 17 1  F        19211.37
DP   2  16 18 0  F        18428.21
DP   2  16 18 1  F        17415.20
DP   2  16 19 0  F        16704.97
DP   2  16 19 1  F        16738.97
DP   2  16 20 0  F        17122.39
DP   2  16 20 1  F        17374.69
DP   2  16 21 0  F        17508.30
DP   2  16 21 1  F        17619.98
DP   2  16 22 0  F        17650.70
DP   2  16 22 1  F        17533.71
DP   2  16 23 0  F        17327.24
DP   2  16 23 1  F        17120.78
DP   3  16 00 0  F        13963.68
DP   3  16 00 1  F        13720.24
DP   3  16 01 0  F        13486.26
DP   3  16 01 1  F        13271.07
DP   3  16 02 0  F        13083.45
DP   3  16 02 1  F        12927.86
DP   3  16 03 0  F        12791.87
DP   3  16 03 1  F        12667.78
DP   3  16 04 0  F        12583.71
DP   3  16 04 1  F        12545.84
DP   3  16 05 0  F        12436.79
DP   3  16 05 1  F        12161.42
DP   3  16 06 0  F        11837.13
DP   3  16 06 1  F        11619.26
DP   3  16 07 0  F        11602.34
DP   3  16 07 1  F        11836.30
DP   3  16 08 0  F        12253.21
DP   3  16 08 1  F        12749.01
DP   3  16 09 0  F        13193.00
DP   3  16 09 1  F        13484.85
DP   3  16 10 0  F        13672.42
DP   3  16 10 1  F        13825.92
DP   3  16 11 0  F        13956.83
DP   3  16 11 1  F        14050.06
DP   3  16 12 0  F        14043.09
DP   3  16 12 1  F        13909.93
DP   3  16 13 0  F        13818.10
DP   3  16 13 1  F        13923.72
DP   3  16 14 0  F        14143.83
DP   3  16 14 1  F        14352.20
DP   3  16 15 0  F        14488.68
DP   3  16 15 1  F        14523.77
DP   3  16 16 0  F        14484.51
DP   3  16 16 1  F        14382.35
DP   3  16 17 0  F        14109.75
DP   3  16 17 1  F        13618.41
DP   3  16 18 0  F        13215.98
DP   3  16 18 1  F        13185.09
DP   3  16 19 0  F        13352.35
DP   3  16 19 1  F        13477.88
DP   3  16 20 0  F        13511.84
DP   3  16 20 1  F        13482.95
DP   3  16 21 0  F        13544.24
DP   3  16 21 1  F        13807.97
DP   3  16 22 0  F        14098.93
DP   3  16 22 1  F        14229.57
DP   3  16 23 0  F        14250.30
DP   3  16 23 1  F        14271.04
DP   4  16 00 0  F        7747.65
DP   4  16 00 1  F        7703.01
DP   4  16 01 0  F        7643.26
DP   4  16 01 1  F        7560.60
DP   4  16 02 0  F        7476.30
DP   4  16 02 1  F        7408.87
DP   4  16 03 0  F        7336.64
DP   4  16 03 1  F        7240.15
DP   4  16 04 0  F        7148.98
DP   4  16 04 1  F        7094.18
DP   4  16 05 0  F        7063.77
DP   4  16 05 1  F        7031.52
DP   4  16 06 0  F        6957.51
DP   4  16 06 1  F        6821.17
DP   4  16 07 0  F        6693.03
DP   4  16 07 1  F        6653.37
DP   4  16 08 0  F        6730.27
DP   4  16 08 1  F        6920.04
DP   4  16 09 0  F        7144.09
DP   4  16 09 1  F        7324.04
DP   4  16 10 0  F        7457.35
DP   4  16 10 1  F        7557.55
DP   4  16 11 0  F        7626.89
DP   4  16 11 1  F        7661.57
DP   4  16 12 0  F        7645.17
DP   4  16 12 1  F        7579.04
DP   4  16 13 0  F        7548.36
DP   4  16 13 1  F        7630.30
DP   4  16 14 0  F        7786.16
DP   4  16 14 1  F        7952.12
DP   4  16 15 0  F        8079.90
DP   4  16 15 1  F        8136.80
DP   4  16 16 0  F        8137.02
DP   4  16 16 1  F        8098.34
DP   4  16 17 0  F        8005.85
DP   4  16 17 1  F        7845.74
DP   4  16 18 0  F        7641.26
DP   4  16 18 1  F        7439.96
DP   4  16 19 0  F        7349.64
DP   4  16 19 1  F        7443.50
DP   4  16 20 0  F        7596.02
DP   4  16 20 1  F        7673.94
DP   4  16 21 0  F        7711.97
DP   4  16 21 1  F        7769.52
DP   4  16 22 0  F        7837.16
DP   4  16 22 1  F        7894.05
DP   4  16 23 0  F        7942.65
DP   4  16 23 1  F        7991.26
