&   CARGA
&
&   ss  di hi m df hf m Demanda
&X  XX  XX XX X XX XX X XXXXXXXXXX
DP   1  20 00 0  F        46398.09
DP   1  20 00 1  F        45135.07
DP   1  20 01 0  F        43956.09
DP   1  20 01 1  F        42926.40
DP   1  20 02 0  F        42036.05
DP   1  20 02 1  F        41263.84
DP   1  20 03 0  F        40618.62
DP   1  20 03 1  F        40115.22
DP   1  20 04 0  F        39762.10
DP   1  20 04 1  F        39546.46
DP   1  20 05 0  F        39376.63
DP   1  20 05 1  F        39159.22
DP   1  20 06 0  F        38872.77
DP   1  20 06 1  F        38589.62
DP   1  20 07 0  F        38685.21
DP   1  20 07 1  F        39464.96
DP   1  20 08 0  F        40650.95
DP   1  20 08 1  F        41875.22
DP   1  20 09 0  F        42992.91
DP   1  20 09 1  F        43932.84
DP   1  20 10 0  F        44695.45
DP   1  20 10 1  F        45292.01
DP   1  20 11 0  F        45705.52
DP   1  20 11 1  F        45930.02
DP   1  20 12 0  F        46031.87
DP   1  20 12 1  F        46090.57
DP   1  20 13 0  F        46165.91
DP   1  20 13 1  F        46290.53
DP   1  20 14 0  F        46408.37
DP   1  20 14 1  F        46459.72
DP   1  20 15 0  F        46459.07
DP   1  20 15 1  F        46435.54
DP   1  20 16 0  F        46402.62
DP   1  20 16 1  F        46347.24
DP   1  20 17 0  F        46165.72
DP   1  20 17 1  F        45802.28
DP   1  20 18 0  F        45483.38
DP   1  20 18 1  F        45504.45
DP   1  20 19 0  F        46154.74
DP   1  20 19 1  F        47494.74
DP   1  20 20 0  F        48676.12
DP   1  20 20 1  F        48908.61
DP   1  20 21 0  F        48543.09
DP   1  20 21 1  F        48084.15
DP   1  20 22 0  F        47510.35
DP   1  20 22 1  F        46716.50
DP   1  20 23 0  F        45788.71
DP   1  20 23 1  F        44860.93
DP   2  20 00 0  F        14611.93
DP   2  20 00 1  F        14086.93
DP   2  20 01 0  F        13607.03
DP   2  20 01 1  F        13205.67
DP   2  20 02 0  F        12869.68
DP   2  20 02 1  F        12581.17
DP   2  20 03 0  F        12350.10
DP   2  20 03 1  F        12184.54
DP   2  20 04 0  F        12057.25
DP   2  20 04 1  F        11948.32
DP   2  20 05 0  F        11902.69
DP   2  20 05 1  F        11948.85
DP   2  20 06 0  F        11984.68
DP   2  20 06 1  F        11946.72
DP   2  20 07 0  F        12056.73
DP   2  20 07 1  F        12514.48
DP   2  20 08 0  F        13146.67
DP   2  20 08 1  F        13722.19
DP   2  20 09 0  F        14151.88
DP   2  20 09 1  F        14410.29
DP   2  20 10 0  F        14584.81
DP   2  20 10 1  F        14768.92
DP   2  20 11 0  F        14967.71
DP   2  20 11 1  F        15137.86
DP   2  20 12 0  F        15130.82
DP   2  20 12 1  F        14867.76
DP   2  20 13 0  F        14653.84
DP   2  20 13 1  F        14770.36
DP   2  20 14 0  F        15019.05
DP   2  20 14 1  F        15141.19
DP   2  20 15 0  F        15115.80
DP   2  20 15 1  F        14994.20
DP   2  20 16 0  F        14879.14
DP   2  20 16 1  F        14852.73
DP   2  20 17 0  F        14862.99
DP   2  20 17 1  F        14828.17
DP   2  20 18 0  F        14681.48
DP   2  20 18 1  F        14426.22
DP   2  20 19 0  F        14331.17
DP   2  20 19 1  F        14606.25
DP   2  20 20 0  F        14960.40
DP   2  20 20 1  F        15068.63
DP   2  20 21 0  F        14971.14
DP   2  20 21 1  F        14778.31
DP   2  20 22 0  F        14515.91
DP   2  20 22 1  F        14193.19
DP   2  20 23 0  F        13838.00
DP   2  20 23 1  F        13482.81
DP   3  20 00 0  F        13384.71
DP   3  20 00 1  F        13175.20
DP   3  20 01 0  F        12975.35
DP   3  20 01 1  F        12794.89
DP   3  20 02 0  F        12643.97
DP   3  20 02 1  F        12525.76
DP   3  20 03 0  F        12414.98
DP   3  20 03 1  F        12292.32
DP   3  20 04 0  F        12190.85
DP   3  20 04 1  F        12128.08
DP   3  20 05 0  F        12007.15
DP   3  20 05 1  F        11740.98
DP   3  20 06 0  F        11396.16
DP   3  20 06 1  F        11079.91
DP   3  20 07 0  F        10908.39
DP   3  20 07 1  F        10957.37
DP   3  20 08 0  F        11132.14
DP   3  20 08 1  F        11313.69
DP   3  20 09 0  F        11456.46
DP   3  20 09 1  F        11544.63
DP   3  20 10 0  F        11607.91
DP   3  20 10 1  F        11678.67
DP   3  20 11 0  F        11754.53
DP   3  20 11 1  F        11819.26
DP   3  20 12 0  F        11836.13
DP   3  20 12 1  F        11785.94
DP   3  20 13 0  F        11739.94
DP   3  20 13 1  F        11764.87
DP   3  20 14 0  F        11819.07
DP   3  20 14 1  F        11848.08
DP   3  20 15 0  F        11854.68
DP   3  20 15 1  F        11851.51
DP   3  20 16 0  F        11833.37
DP   3  20 16 1  F        11792.67
DP   3  20 17 0  F        11730.06
DP   3  20 17 1  F        11686.67
DP   3  20 18 0  F        11857.16
DP   3  20 18 1  F        12366.46
DP   3  20 19 0  F        12906.89
DP   3  20 19 1  F        13159.44
DP   3  20 20 0  F        13192.27
DP   3  20 20 1  F        13153.97
DP   3  20 21 0  F        13127.74
DP   3  20 21 1  F        13157.08
DP   3  20 22 0  F        13192.01
DP   3  20 22 1  F        13177.07
DP   3  20 23 0  F        13128.27
DP   3  20 23 1  F        13079.46
DP   4  20 00 0  F        7381.19
DP   4  20 00 1  F        7358.87
DP   4  20 01 0  F        7323.68
DP   4  20 01 1  F        7267.49
DP   4  20 02 0  F        7201.16
DP   4  20 02 1  F        7136.72
DP   4  20 03 0  F        7071.95
DP   4  20 03 1  F        7003.12
DP   4  20 04 0  F        6934.75
DP   4  20 04 1  F        6874.50
DP   4  20 05 0  F        6834.28
DP   4  20 05 1  F        6813.85
DP   4  20 06 0  F        6760.01
DP   4  20 06 1  F        6632.26
DP   4  20 07 0  F        6493.82
DP   4  20 07 1  F        6417.96
DP   4  20 08 0  F        6414.45
DP   4  20 08 1  F        6471.28
DP   4  20 09 0  F        6552.86
DP   4  20 09 1  F        6625.42
DP   4  20 10 0  F        6686.14
DP   4  20 10 1  F        6738.22
DP   4  20 11 0  F        6778.18
DP   4  20 11 1  F        6799.68
DP   4  20 12 0  F        6791.68
DP   4  20 12 1  F        6753.44
DP   4  20 13 0  F        6729.96
DP   4  20 13 1  F        6763.63
DP   4  20 14 0  F        6840.64
DP   4  20 14 1  F        6932.01
DP   4  20 15 0  F        7004.33
DP   4  20 15 1  F        7032.77
DP   4  20 16 0  F        7031.30
DP   4  20 16 1  F        7016.11
DP   4  20 17 0  F        6973.63
DP   4  20 17 1  F        6897.30
DP   4  20 18 0  F        6838.60
DP   4  20 18 1  F        6852.26
DP   4  20 19 0  F        6948.01
DP   4  20 19 1  F        7107.80
DP   4  20 20 0  F        7247.54
DP   4  20 20 1  F        7295.48
DP   4  20 21 0  F        7295.35
DP   4  20 21 1  F        7305.86
DP   4  20 22 0  F        7330.03
DP   4  20 22 1  F        7358.55
DP   4  20 23 0  F        7388.46
DP   4  20 23 1  F        7418.38
