&   CARGA
&
&   ss  di hi m df hf m Demanda
&X  XX  XX XX X XX XX X XXXXXXXXXX
DP   1  17 00 0  F        48212.03
DP   1  17 00 1  F        46791.35
DP   1  17 01 0  F        45462.17
DP   1  17 01 1  F        44301.79
DP   1  17 02 0  F        43330.76
DP   1  17 02 1  F        42548.58
DP   1  17 03 0  F        41927.39
DP   1  17 03 1  F        41442.52
DP   1  17 04 0  F        41109.51
DP   1  17 04 1  F        40943.52
DP   1  17 05 0  F        40917.98
DP   1  17 05 1  F        40996.63
DP   1  17 06 0  F        41146.28
DP   1  17 06 1  F        41408.90
DP   1  17 07 0  F        42124.18
DP   1  17 07 1  F        43562.56
DP   1  17 08 0  F        45419.78
DP   1  17 08 1  F        47287.08
DP   1  17 09 0  F        48912.18
DP   1  17 09 1  F        50151.05
DP   1  17 10 0  F        51136.05
DP   1  17 10 1  F        52005.57
DP   1  17 11 0  F        52645.81
DP   1  17 11 1  F        52929.84
DP   1  17 12 0  F        52930.55
DP   1  17 12 1  F        52822.25
DP   1  17 13 0  F        52985.00
DP   1  17 13 1  F        53688.51
DP   1  17 14 0  F        54555.19
DP   1  17 14 1  F        55148.20
DP   1  17 15 0  F        55441.13
DP   1  17 15 1  F        55515.68
DP   1  17 16 0  F        55475.52
DP   1  17 16 1  F        55322.57
DP   1  17 17 0  F        54629.75
DP   1  17 17 1  F        53088.15
DP   1  17 18 0  F        51290.64
DP   1  17 18 1  F        49996.39
DP   1  17 19 0  F        49728.10
DP   1  17 19 1  F        50663.64
DP   1  17 20 0  F        51838.20
DP   1  17 20 1  F        52301.66
DP   1  17 21 0  F        52305.64
DP   1  17 21 1  F        52263.78
DP   1  17 22 0  F        52036.29
DP   1  17 22 1  F        51430.01
DP   1  17 23 0  F        50591.84
DP   1  17 23 1  F        49753.66
DP   2  17 00 0  F        15681.44
DP   2  17 00 1  F        15080.65
DP   2  17 01 0  F        14547.99
DP   2  17 01 1  F        14130.85
DP   2  17 02 0  F        13793.66
DP   2  17 02 1  F        13493.67
DP   2  17 03 0  F        13242.30
DP   2  17 03 1  F        13057.34
DP   2  17 04 0  F        12927.98
DP   2  17 04 1  F        12846.42
DP   2  17 05 0  F        12845.48
DP   2  17 05 1  F        12945.41
DP   2  17 06 0  F        13075.70
DP   2  17 06 1  F        13202.47
DP   2  17 07 0  F        13529.19
DP   2  17 07 1  F        14230.47
DP   2  17 08 0  F        15128.04
DP   2  17 08 1  F        15974.51
DP   2  17 09 0  F        16598.95
DP   2  17 09 1  F        16915.58
DP   2  17 10 0  F        17102.90
DP   2  17 10 1  F        17349.56
DP   2  17 11 0  F        17620.55
DP   2  17 11 1  F        17800.12
DP   2  17 12 0  F        17673.03
DP   2  17 12 1  F        17160.01
DP   2  17 13 0  F        16825.02
DP   2  17 13 1  F        17164.43
DP   2  17 14 0  F        17761.25
DP   2  17 14 1  F        18095.69
DP   2  17 15 0  F        18150.29
DP   2  17 15 1  F        18035.86
DP   2  17 16 0  F        17873.93
DP   2  17 16 1  F        17747.35
DP   2  17 17 0  F        17573.43
DP   2  17 17 1  F        17240.97
DP   2  17 18 0  F        16690.39
DP   2  17 18 1  F        15965.13
DP   2  17 19 0  F        15469.09
DP   2  17 19 1  F        15533.82
DP   2  17 20 0  F        15840.98
DP   2  17 20 1  F        16007.07
DP   2  17 21 0  F        16037.91
DP   2  17 21 1  F        16012.53
DP   2  17 22 0  F        15913.61
DP   2  17 22 1  F        15716.20
DP   2  17 23 0  F        15461.30
DP   2  17 23 1  F        15206.41
DP   3  17 00 0  F        13561.15
DP   3  17 00 1  F        13323.85
DP   3  17 01 0  F        13100.59
DP   3  17 01 1  F        12902.76
DP   3  17 02 0  F        12731.20
DP   3  17 02 1  F        12582.59
DP   3  17 03 0  F        12447.35
DP   3  17 03 1  F        12321.54
DP   3  17 04 0  F        12229.83
DP   3  17 04 1  F        12179.29
DP   3  17 05 0  F        12077.95
DP   3  17 05 1  F        11846.88
DP   3  17 06 0  F        11558.30
DP   3  17 06 1  F        11326.60
DP   3  17 07 0  F        11283.87
DP   3  17 07 1  F        11517.73
DP   3  17 08 0  F        11920.51
DP   3  17 08 1  F        12350.40
DP   3  17 09 0  F        12724.40
DP   3  17 09 1  F        12991.61
DP   3  17 10 0  F        13170.80
DP   3  17 10 1  F        13296.26
DP   3  17 11 0  F        13394.66
DP   3  17 11 1  F        13473.67
DP   3  17 12 0  F        13472.41
DP   3  17 12 1  F        13356.84
DP   3  17 13 0  F        13268.77
DP   3  17 13 1  F        13345.98
DP   3  17 14 0  F        13534.16
DP   3  17 14 1  F        13735.33
DP   3  17 15 0  F        13868.93
DP   3  17 15 1  F        13883.48
DP   3  17 16 0  F        13826.41
DP   3  17 16 1  F        13734.97
DP   3  17 17 0  F        13506.79
DP   3  17 17 1  F        13087.56
DP   3  17 18 0  F        12754.58
DP   3  17 18 1  F        12763.77
DP   3  17 19 0  F        12953.87
DP   3  17 19 1  F        13102.10
DP   3  17 20 0  F        13157.06
DP   3  17 20 1  F        13141.05
DP   3  17 21 0  F        13200.08
DP   3  17 21 1  F        13442.87
DP   3  17 22 0  F        13705.41
DP   3  17 22 1  F        13811.92
DP   3  17 23 0  F        13812.21
DP   3  17 23 1  F        13812.50
DP   4  17 00 0  F        7704.44
DP   4  17 00 1  F        7654.48
DP   4  17 01 0  F        7594.84
DP   4  17 01 1  F        7519.71
DP   4  17 02 0  F        7438.72
DP   4  17 02 1  F        7362.14
DP   4  17 03 0  F        7287.37
DP   4  17 03 1  F        7211.06
DP   4  17 04 0  F        7139.65
DP   4  17 04 1  F        7081.49
DP   4  17 05 0  F        7042.60
DP   4  17 05 1  F        7017.89
DP   4  17 06 0  F        6960.11
DP   4  17 06 1  F        6835.50
DP   4  17 07 0  F        6706.59
DP   4  17 07 1  F        6648.64
DP   4  17 08 0  F        6691.46
DP   4  17 08 1  F        6837.06
DP   4  17 09 0  F        7021.75
DP   4  17 09 1  F        7178.03
DP   4  17 10 0  F        7288.73
DP   4  17 10 1  F        7355.34
DP   4  17 11 0  F        7403.50
DP   4  17 11 1  F        7450.38
DP   4  17 12 0  F        7455.04
DP   4  17 12 1  F        7390.91
DP   4  17 13 0  F        7346.78
DP   4  17 13 1  F        7409.07
DP   4  17 14 0  F        7539.21
DP   4  17 14 1  F        7673.55
DP   4  17 15 0  F        7772.96
DP   4  17 15 1  F        7813.23
DP   4  17 16 0  F        7805.18
DP   4  17 16 1  F        7761.56
DP   4  17 17 0  F        7667.92
DP   4  17 17 1  F        7514.75
DP   4  17 18 0  F        7339.42
DP   4  17 18 1  F        7194.24
DP   4  17 19 0  F        7144.04
DP   4  17 19 1  F        7225.77
DP   4  17 20 0  F        7352.21
DP   4  17 20 1  F        7432.54
DP   4  17 21 0  F        7485.76
DP   4  17 21 1  F        7548.08
DP   4  17 22 0  F        7614.79
DP   4  17 22 1  F        7674.31
DP   4  17 23 0  F        7728.55
DP   4  17 23 1  F        7782.79
