&   CARGA
&
&   ss  di hi m df hf m Demanda
&X  XX  XX XX X XX XX X XXXXXXXXXX
DP   1  21 00 0  F        43628.54
DP   1  21 00 1  F        42456.10
DP   1  21 01 0  F        41375.23
DP   1  21 01 1  F        40450.10
DP   1  21 02 0  F        39635.30
DP   1  21 02 1  F        38878.85
DP   1  21 03 0  F        38212.31
DP   1  21 03 1  F        37679.12
DP   1  21 04 0  F        37286.79
DP   1  21 04 1  F        37010.37
DP   1  21 05 0  F        36731.11
DP   1  21 05 1  F        36332.87
DP   1  21 06 0  F        35803.88
DP   1  21 06 1  F        35214.57
DP   1  21 07 0  F        34859.81
DP   1  21 07 1  F        34994.20
DP   1  21 08 0  F        35486.52
DP   1  21 08 1  F        36129.50
DP   1  21 09 0  F        36797.11
DP   1  21 09 1  F        37396.73
DP   1  21 10 0  F        37887.79
DP   1  21 10 1  F        38263.39
DP   1  21 11 0  F        38599.10
DP   1  21 11 1  F        38953.87
DP   1  21 12 0  F        39237.61
DP   1  21 12 1  F        39357.00
DP   1  21 13 0  F        39354.71
DP   1  21 13 1  F        39298.61
DP   1  21 14 0  F        39221.35
DP   1  21 14 1  F        39142.53
DP   1  21 15 0  F        39064.70
DP   1  21 15 1  F        39004.19
DP   1  21 16 0  F        39049.57
DP   1  21 16 1  F        39272.40
DP   1  21 17 0  F        39604.04
DP   1  21 17 1  F        39961.19
DP   1  21 18 0  F        40342.24
DP   1  21 18 1  F        40829.03
DP   1  21 19 0  F        41755.52
DP   1  21 19 1  F        43280.17
DP   1  21 20 0  F        44607.35
DP   1  21 20 1  F        44983.21
DP   1  21 21 0  F        44775.16
DP   1  21 21 1  F        44498.18
DP   1  21 22 0  F        44136.38
DP   1  21 22 1  F        43585.37
DP   1  21 23 0  F        42917.65
DP   1  21 23 1  F        42249.92
DP   2  21 00 0  F        12968.33
DP   2  21 00 1  F        12509.27
DP   2  21 01 0  F        12091.16
DP   2  21 01 1  F        11744.35
DP   2  21 02 0  F        11456.93
DP   2  21 02 1  F        11211.17
DP   2  21 03 0  F        11008.57
DP   2  21 03 1  F        10853.24
DP   2  21 04 0  F        10740.85
DP   2  21 04 1  F        10667.00
DP   2  21 05 0  F        10635.77
DP   2  21 05 1  F        10637.87
DP   2  21 06 0  F        10602.23
DP   2  21 06 1  F        10499.04
DP   2  21 07 0  F        10525.21
DP   2  21 07 1  F        10851.56
DP   2  21 08 0  F        11317.90
DP   2  21 08 1  F        11721.69
DP   2  21 09 0  F        12022.10
DP   2  21 09 1  F        12233.31
DP   2  21 10 0  F        12427.81
DP   2  21 10 1  F        12668.39
DP   2  21 11 0  F        12920.44
DP   2  21 11 1  F        13117.48
DP   2  21 12 0  F        13162.79
DP   2  21 12 1  F        13015.66
DP   2  21 13 0  F        12889.43
DP   2  21 13 1  F        12980.13
DP   2  21 14 0  F        13160.31
DP   2  21 14 1  F        13264.25
DP   2  21 15 0  F        13296.76
DP   2  21 15 1  F        13302.90
DP   2  21 16 0  F        13318.47
DP   2  21 16 1  F        13369.89
DP   2  21 17 0  F        13455.48
DP   2  21 17 1  F        13547.75
DP   2  21 18 0  F        13544.08
DP   2  21 18 1  F        13407.42
DP   2  21 19 0  F        13438.03
DP   2  21 19 1  F        13875.80
DP   2  21 20 0  F        14381.65
DP   2  21 20 1  F        14582.88
DP   2  21 21 0  F        14551.31
DP   2  21 21 1  F        14436.89
DP   2  21 22 0  F        14257.74
DP   2  21 22 1  F        14008.14
DP   2  21 23 0  F        13718.75
DP   2  21 23 1  F        13429.37
DP   3  21 00 0  F        12995.71
DP   3  21 00 1  F        12814.54
DP   3  21 01 0  F        12638.54
DP   3  21 01 1  F        12473.64
DP   3  21 02 0  F        12328.92
DP   3  21 02 1  F        12208.72
DP   3  21 03 0  F        12095.31
DP   3  21 03 1  F        11975.35
DP   3  21 04 0  F        11875.01
DP   3  21 04 1  F        11804.31
DP   3  21 05 0  F        11669.10
DP   3  21 05 1  F        11385.94
DP   3  21 06 0  F        11018.56
DP   3  21 06 1  F        10667.36
DP   3  21 07 0  F        10432.41
DP   3  21 07 1  F        10378.19
DP   3  21 08 0  F        10427.17
DP   3  21 08 1  F        10483.31
DP   3  21 09 0  F        10518.60
DP   3  21 09 1  F        10529.62
DP   3  21 10 0  F        10543.08
DP   3  21 10 1  F        10585.00
DP   3  21 11 0  F        10648.52
DP   3  21 11 1  F        10717.58
DP   3  21 12 0  F        10772.36
DP   3  21 12 1  F        10799.77
DP   3  21 13 0  F        10817.25
DP   3  21 13 1  F        10844.70
DP   3  21 14 0  F        10881.12
DP   3  21 14 1  F        10918.65
DP   3  21 15 0  F        10942.92
DP   3  21 15 1  F        10944.89
DP   3  21 16 0  F        10943.47
DP   3  21 16 1  F        10954.61
DP   3  21 17 0  F        10954.33
DP   3  21 17 1  F        10957.69
DP   3  21 18 0  F        11175.84
DP   3  21 18 1  F        11750.86
DP   3  21 19 0  F        12352.46
DP   3  21 19 1  F        12641.65
DP   3  21 20 0  F        12717.04
DP   3  21 20 1  F        12754.97
DP   3  21 21 0  F        12804.98
DP   3  21 21 1  F        12874.95
DP   3  21 22 0  F        12932.81
DP   3  21 22 1  F        12948.02
DP   3  21 23 0  F        12936.13
DP   3  21 23 1  F        12924.25
DP   4  21 00 0  F        7208.24
DP   4  21 00 1  F        7166.69
DP   4  21 01 0  F        7120.95
DP   4  21 01 1  F        7068.75
DP   4  21 02 0  F        7015.37
DP   4  21 02 1  F        6965.42
DP   4  21 03 0  F        6913.02
DP   4  21 03 1  F        6852.47
DP   4  21 04 0  F        6789.12
DP   4  21 04 1  F        6732.23
DP   4  21 05 0  F        6695.77
DP   4  21 05 1  F        6679.23
DP   4  21 06 0  F        6619.53
DP   4  21 06 1  F        6468.20
DP   4  21 07 0  F        6297.74
DP   4  21 07 1  F        6190.00
DP   4  21 08 0  F        6143.41
DP   4  21 08 1  F        6135.96
DP   4  21 09 0  F        6147.55
DP   4  21 09 1  F        6160.38
DP   4  21 10 0  F        6163.99
DP   4  21 10 1  F        6156.04
DP   4  21 11 0  F        6159.34
DP   4  21 11 1  F        6191.26
DP   4  21 12 0  F        6222.39
DP   4  21 12 1  F        6226.65
DP   4  21 13 0  F        6238.17
DP   4  21 13 1  F        6293.44
DP   4  21 14 0  F        6378.38
DP   4  21 14 1  F        6467.05
DP   4  21 15 0  F        6536.82
DP   4  21 15 1  F        6573.00
DP   4  21 16 0  F        6589.13
DP   4  21 16 1  F        6599.38
DP   4  21 17 0  F        6592.04
DP   4  21 17 1  F        6562.59
DP   4  21 18 0  F        6561.32
DP   4  21 18 1  F        6638.55
DP   4  21 19 0  F        6790.18
DP   4  21 19 1  F        6985.39
DP   4  21 20 0  F        7140.89
DP   4  21 20 1  F        7191.49
DP   4  21 21 0  F        7196.67
DP   4  21 21 1  F        7228.10
DP   4  21 22 0  F        7281.39
DP   4  21 22 1  F        7337.17
DP   4  21 23 0  F        7392.19
DP   4  21 23 1  F        7447.21
