&   CARGA
&
&   ss  di hi m df hf m Demanda
&X  XX  XX XX X XX XX X XXXXXXXXXX
DP   1  18 00 0  F        48080.98
DP   1  18 00 1  F        46678.71
DP   1  18 01 0  F        45376.71
DP   1  18 01 1  F        44254.89
DP   1  18 02 0  F        43311.76
DP   1  18 02 1  F        42526.35
DP   1  18 03 0  F        41881.31
DP   1  18 03 1  F        41370.27
DP   1  18 04 0  F        41027.26
DP   1  18 04 1  F        40879.55
DP   1  18 05 0  F        40886.98
DP   1  18 05 1  F        40990.03
DP   1  18 06 0  F        41119.34
DP   1  18 06 1  F        41294.72
DP   1  18 07 0  F        41902.70
DP   1  18 07 1  F        43256.40
DP   1  18 08 0  F        45008.63
DP   1  18 08 1  F        46708.59
DP   1  18 09 0  F        48151.11
DP   1  18 09 1  F        49244.41
DP   1  18 10 0  F        50104.66
DP   1  18 10 1  F        50849.65
DP   1  18 11 0  F        51395.88
DP   1  18 11 1  F        51641.92
DP   1  18 12 0  F        51615.83
DP   1  18 12 1  F        51441.26
DP   1  18 13 0  F        51494.65
DP   1  18 13 1  F        52059.91
DP   1  18 14 0  F        52798.13
DP   1  18 14 1  F        53307.66
DP   1  18 15 0  F        53558.75
DP   1  18 15 1  F        53617.50
DP   1  18 16 0  F        53561.62
DP   1  18 16 1  F        53389.05
DP   1  18 17 0  F        52767.38
DP   1  18 17 1  F        51461.32
DP   1  18 18 0  F        49954.67
DP   1  18 18 1  F        48877.76
DP   1  18 19 0  F        48727.95
DP   1  18 19 1  F        49688.97
DP   1  18 20 0  F        50823.12
DP   1  18 20 1  F        51215.42
DP   1  18 21 0  F        51163.20
DP   1  18 21 1  F        51109.96
DP   1  18 22 0  F        50871.45
DP   1  18 22 1  F        50207.25
DP   1  18 23 0  F        49279.84
DP   1  18 23 1  F        48352.44
DP   2  18 00 0  F        14358.33
DP   2  18 00 1  F        13827.77
DP   2  18 01 0  F        13346.95
DP   2  18 01 1  F        12953.71
DP   2  18 02 0  F        12638.36
DP   2  18 02 1  F        12383.04
DP   2  18 03 0  F        12184.81
DP   2  18 03 1  F        12042.18
DP   2  18 04 0  F        11944.56
DP   2  18 04 1  F        11889.90
DP   2  18 05 0  F        11919.28
DP   2  18 05 1  F        12057.77
DP   2  18 06 0  F        12223.02
DP   2  18 06 1  F        12370.64
DP   2  18 07 0  F        12715.31
DP   2  18 07 1  F        13437.82
DP   2  18 08 0  F        14324.21
DP   2  18 08 1  F        15099.99
DP   2  18 09 0  F        15643.12
DP   2  18 09 1  F        15920.44
DP   2  18 10 0  F        16101.82
DP   2  18 10 1  F        16356.35
DP   2  18 11 0  F        16646.87
DP   2  18 11 1  F        16859.22
DP   2  18 12 0  F        16777.55
DP   2  18 12 1  F        16316.99
DP   2  18 13 0  F        16018.53
DP   2  18 13 1  F        16364.34
DP   2  18 14 0  F        16975.36
DP   2  18 14 1  F        17367.77
DP   2  18 15 0  F        17499.88
DP   2  18 15 1  F        17454.29
DP   2  18 16 0  F        17368.91
DP   2  18 16 1  F        17342.27
DP   2  18 17 0  F        17260.34
DP   2  18 17 1  F        16980.13
DP   2  18 18 0  F        16455.52
DP   2  18 18 1  F        15754.30
DP   2  18 19 0  F        15302.97
DP   2  18 19 1  F        15443.09
DP   2  18 20 0  F        15817.75
DP   2  18 20 1  F        16007.72
DP   2  18 21 0  F        16042.88
DP   2  18 21 1  F        16031.02
DP   2  18 22 0  F        15942.51
DP   2  18 22 1  F        15735.72
DP   2  18 23 0  F        15458.59
DP   2  18 23 1  F        15181.46
DP   3  18 00 0  F        13632.84
DP   3  18 00 1  F        13382.22
DP   3  18 01 0  F        13151.11
DP   3  18 01 1  F        12954.27
DP   3  18 02 0  F        12787.40
DP   3  18 02 1  F        12641.48
DP   3  18 03 0  F        12507.77
DP   3  18 03 1  F        12384.59
DP   3  18 04 0  F        12298.26
DP   3  18 04 1  F        12255.08
DP   3  18 05 0  F        12153.47
DP   3  18 05 1  F        11907.76
DP   3  18 06 0  F        11603.94
DP   3  18 06 1  F        11369.65
DP   3  18 07 0  F        11327.48
DP   3  18 07 1  F        11553.02
DP   3  18 08 0  F        11938.94
DP   3  18 08 1  F        12347.88
DP   3  18 09 0  F        12705.12
DP   3  18 09 1  F        12966.21
DP   3  18 10 0  F        13145.23
DP   3  18 10 1  F        13270.09
DP   3  18 11 0  F        13365.41
DP   3  18 11 1  F        13438.68
DP   3  18 12 0  F        13431.96
DP   3  18 12 1  F        13315.19
DP   3  18 13 0  F        13235.17
DP   3  18 13 1  F        13330.28
DP   3  18 14 0  F        13528.36
DP   3  18 14 1  F        13717.58
DP   3  18 15 0  F        13837.93
DP   3  18 15 1  F        13858.21
DP   3  18 16 0  F        13810.62
DP   3  18 16 1  F        13714.69
DP   3  18 17 0  F        13475.98
DP   3  18 17 1  F        13054.01
DP   3  18 18 0  F        12737.97
DP   3  18 18 1  F        12786.82
DP   3  18 19 0  F        13008.74
DP   3  18 19 1  F        13153.35
DP   3  18 20 0  F        13186.74
DP   3  18 20 1  F        13155.35
DP   3  18 21 0  F        13210.32
DP   3  18 21 1  F        13459.38
DP   3  18 22 0  F        13731.91
DP   3  18 22 1  F        13845.80
DP   3  18 23 0  F        13851.32
DP   3  18 23 1  F        13856.84
DP   4  18 00 0  F        7591.72
DP   4  18 00 1  F        7540.92
DP   4  18 01 0  F        7478.18
DP   4  18 01 1  F        7397.74
DP   4  18 02 0  F        7318.51
DP   4  18 02 1  F        7257.26
DP   4  18 03 0  F        7197.43
DP   4  18 03 1  F        7121.49
DP   4  18 04 0  F        7041.11
DP   4  18 04 1  F        6973.84
DP   4  18 05 0  F        6931.37
DP   4  18 05 1  F        6910.86
DP   4  18 06 0  F        6857.12
DP   4  18 06 1  F        6730.43
DP   4  18 07 0  F        6605.14
DP   4  18 07 1  F        6565.92
DP   4  18 08 0  F        6624.43
DP   4  18 08 1  F        6764.55
DP   4  18 09 0  F        6931.86
DP   4  18 09 1  F        7071.98
DP   4  18 10 0  F        7168.99
DP   4  18 10 1  F        7222.12
DP   4  18 11 0  F        7252.80
DP   4  18 11 1  F        7277.38
DP   4  18 12 0  F        7269.65
DP   4  18 12 1  F        7214.54
DP   4  18 13 0  F        7183.77
DP   4  18 13 1  F        7246.60
DP   4  18 14 0  F        7375.49
DP   4  18 14 1  F        7519.07
DP   4  18 15 0  F        7627.52
DP   4  18 15 1  F        7665.75
DP   4  18 16 0  F        7656.13
DP   4  18 16 1  F        7623.73
DP   4  18 17 0  F        7547.22
DP   4  18 17 1  F        7408.11
DP   4  18 18 0  F        7245.73
DP   4  18 18 1  F        7114.97
DP   4  18 19 0  F        7075.08
DP   4  18 19 1  F        7156.63
DP   4  18 20 0  F        7270.99
DP   4  18 20 1  F        7329.55
DP   4  18 21 0  F        7362.88
DP   4  18 21 1  F        7418.27
DP   4  18 22 0  F        7490.70
DP   4  18 22 1  F        7565.18
DP   4  18 23 0  F        7639.13
DP   4  18 23 1  F        7713.09
