&   CARGA
&
&   ss  di hi m df hf m Demanda
&X  XX  XX XX X XX XX X XXXXXXXXXX
DP   1  16 00 0  F        48198.19
DP   1  16 00 1  F        46866.00
DP   1  16 01 0  F        45593.77
DP   1  16 01 1  F        44437.87
DP   1  16 02 0  F        43440.36
DP   1  16 02 1  F        42629.98
DP   1  16 03 0  F        41996.30
DP   1  16 03 1  F        41534.28
DP   1  16 04 0  F        41299.28
DP   1  16 04 1  F        41301.93
DP   1  16 05 0  F        41313.33
DP   1  16 05 1  F        41159.86
DP   1  16 06 0  F        41128.52
DP   1  16 06 1  F        41575.46
DP   1  16 07 0  F        42672.84
DP   1  16 07 1  F        44450.35
DP   1  16 08 0  F        46552.00
DP   1  16 08 1  F        48573.64
DP   1  16 09 0  F        50304.29
DP   1  16 09 1  F        51642.24
DP   1  16 10 0  F        52729.72
DP   1  16 10 1  F        53723.77
DP   1  16 11 0  F        54596.97
DP   1  16 11 1  F        55268.58
DP   1  16 12 0  F        55629.37
DP   1  16 12 1  F        55677.98
DP   1  16 13 0  F        55873.26
DP   1  16 13 1  F        56582.34
DP   1  16 14 0  F        57345.32
DP   1  16 14 1  F        57655.48
DP   1  16 15 0  F        57645.93
DP   1  16 15 1  F        57565.13
DP   1  16 16 0  F        57483.08
DP   1  16 16 1  F        57338.70
DP   1  16 17 0  F        56725.08
DP   1  16 17 1  F        55334.82
DP   1  16 18 0  F        53604.62
DP   1  16 18 1  F        52178.49
DP   1  16 19 0  F        51785.78
DP   1  16 19 1  F        52813.83
DP   1  16 20 0  F        54196.69
DP   1  16 20 1  F        54845.37
DP   1  16 21 0  F        55031.84
DP   1  16 21 1  F        55204.75
DP   1  16 22 0  F        55158.27
DP   1  16 22 1  F        54633.63
DP   1  16 23 0  F        53814.60
DP   1  16 23 1  F        52995.56
DP   2  16 00 0  F        16153.33
DP   2  16 00 1  F        15612.02
DP   2  16 01 0  F        15104.82
DP   2  16 01 1  F        14656.43
DP   2  16 02 0  F        14253.95
DP   2  16 02 1  F        13882.79
DP   2  16 03 0  F        13559.14
DP   2  16 03 1  F        13304.60
DP   2  16 04 0  F        13131.69
DP   2  16 04 1  F        13044.67
DP   2  16 05 0  F        13024.11
DP   2  16 05 1  F        13056.47
DP   2  16 06 0  F        13175.69
DP   2  16 06 1  F        13442.06
DP   2  16 07 0  F        13973.82
DP   2  16 07 1  F        14840.79
DP   2  16 08 0  F        15861.16
DP   2  16 08 1  F        16807.57
DP   2  16 09 0  F        17522.05
DP   2  16 09 1  F        17928.75
DP   2  16 10 0  F        18210.94
DP   2  16 10 1  F        18572.26
DP   2  16 11 0  F        19039.03
DP   2  16 11 1  F        19528.72
DP   2  16 12 0  F        19700.95
DP   2  16 12 1  F        19361.01
DP   2  16 13 0  F        19154.70
DP   2  16 13 1  F        19676.34
DP   2  16 14 0  F        20473.86
DP   2  16 14 1  F        20966.94
DP   2  16 15 0  F        21108.70
DP   2  16 15 1  F        20997.22
DP   2  16 16 0  F        20777.21
DP   2  16 16 1  F        20552.45
DP   2  16 17 0  F        20216.53
DP   2  16 17 1  F        19640.14
DP   2  16 18 0  F        18812.56
DP   2  16 18 1  F        17842.86
DP   2  16 19 0  F        17200.81
DP   2  16 19 1  F        17263.67
DP   2  16 20 0  F        17678.08
DP   2  16 20 1  F        18002.72
DP   2  16 21 0  F        18175.10
DP   2  16 21 1  F        18190.88
DP   2  16 22 0  F        17899.66
DP   2  16 22 1  F        17186.83
DP   2  16 23 0  F        16227.04
DP   2  16 23 1  F        15267.24
DP   3  16 00 0  F        14348.73
DP   3  16 00 1  F        14042.66
DP   3  16 01 0  F        13747.54
DP   3  16 01 1  F        13477.63
DP   3  16 02 0  F        13260.38
DP   3  16 02 1  F        13114.58
DP   3  16 03 0  F        13011.16
DP   3  16 03 1  F        12921.09
DP   3  16 04 0  F        12863.43
DP   3  16 04 1  F        12840.24
DP   3  16 05 0  F        12737.52
DP   3  16 05 1  F        12462.70
DP   3  16 06 0  F        12124.87
DP   3  16 06 1  F        11880.74
DP   3  16 07 0  F        11875.71
DP   3  16 07 1  F        12198.54
DP   3  16 08 0  F        12722.64
DP   3  16 08 1  F        13271.01
DP   3  16 09 0  F        13680.31
DP   3  16 09 1  F        13850.44
DP   3  16 10 0  F        13920.65
DP   3  16 10 1  F        14041.36
DP   3  16 11 0  F        14168.43
DP   3  16 11 1  F        14217.20
DP   3  16 12 0  F        14135.65
DP   3  16 12 1  F        13930.79
DP   3  16 13 0  F        13813.19
DP   3  16 13 1  F        13959.11
DP   3  16 14 0  F        14203.96
DP   3  16 14 1  F        14350.40
DP   3  16 15 0  F        14410.87
DP   3  16 15 1  F        14439.37
DP   3  16 16 0  F        14446.46
DP   3  16 16 1  F        14404.95
DP   3  16 17 0  F        14180.39
DP   3  16 17 1  F        13718.01
DP   3  16 18 0  F        13388.97
DP   3  16 18 1  F        13524.51
DP   3  16 19 0  F        13869.96
DP   3  16 19 1  F        14098.35
DP   3  16 20 0  F        14179.40
DP   3  16 20 1  F        14180.72
DP   3  16 21 0  F        14264.87
DP   3  16 21 1  F        14544.34
DP   3  16 22 0  F        14836.22
DP   3  16 22 1  F        14946.92
DP   3  16 23 0  F        14935.47
DP   3  16 23 1  F        14924.02
DP   4  16 00 0  F        7459.15
DP   4  16 00 1  F        7421.14
DP   4  16 01 0  F        7378.45
DP   4  16 01 1  F        7326.41
DP   4  16 02 0  F        7260.52
DP   4  16 02 1  F        7179.92
DP   4  16 03 0  F        7098.22
DP   4  16 03 1  F        7028.95
DP   4  16 04 0  F        6970.82
DP   4  16 04 1  F        6920.78
DP   4  16 05 0  F        6883.43
DP   4  16 05 1  F        6853.68
DP   4  16 06 0  F        6779.70
DP   4  16 06 1  F        6633.41
DP   4  16 07 0  F        6528.29
DP   4  16 07 1  F        6573.20
DP   4  16 08 0  F        6716.98
DP   4  16 08 1  F        6878.71
DP   4  16 09 0  F        7018.50
DP   4  16 09 1  F        7118.18
DP   4  16 10 0  F        7205.43
DP   4  16 10 1  F        7306.80
DP   4  16 11 0  F        7398.40
DP   4  16 11 1  F        7450.53
DP   4  16 12 0  F        7460.54
DP   4  16 12 1  F        7446.13
DP   4  16 13 0  F        7479.23
DP   4  16 13 1  F        7613.53
DP   4  16 14 0  F        7775.64
DP   4  16 14 1  F        7888.07
DP   4  16 15 0  F        7984.15
DP   4  16 15 1  F        8097.37
DP   4  16 16 0  F        8151.07
DP   4  16 16 1  F        8079.00
DP   4  16 17 0  F        7966.57
DP   4  16 17 1  F        7893.99
DP   4  16 18 0  F        7768.92
DP   4  16 18 1  F        7514.67
DP   4  16 19 0  F        7289.64
DP   4  16 19 1  F        7254.75
DP   4  16 20 0  F        7345.78
DP   4  16 20 1  F        7459.20
DP   4  16 21 0  F        7559.26
DP   4  16 21 1  F        7634.02
DP   4  16 22 0  F        7699.14
DP   4  16 22 1  F        7772.30
DP   4  16 23 0  F        7851.90
DP   4  16 23 1  F        7931.50
