&   CARGA
&
&   ss  di hi m df hf m Demanda
&X  XX  XX XX X XX XX X XXXXXXXXXX
DP   1  18 00 0  F        49189.15
DP   1  18 00 1  F        47806.24
DP   1  18 01 0  F        46501.25
DP   1  18 01 1  F        45341.32
DP   1  18 02 0  F        44350.52
DP   1  18 02 1  F        43534.91
DP   1  18 03 0  F        42871.63
DP   1  18 03 1  F        42343.24
DP   1  18 04 0  F        41982.91
DP   1  18 04 1  F        41819.37
DP   1  18 05 0  F        41812.79
DP   1  18 05 1  F        41904.76
DP   1  18 06 0  F        42031.13
DP   1  18 06 1  F        42213.76
DP   1  18 07 0  F        42824.50
DP   1  18 07 1  F        44167.83
DP   1  18 08 0  F        45928.96
DP   1  18 08 1  F        47686.91
DP   1  18 09 0  F        49215.23
DP   1  18 09 1  F        50396.37
DP   1  18 10 0  F        51353.77
DP   1  18 10 1  F        52212.79
DP   1  18 11 0  F        52865.59
DP   1  18 11 1  F        53186.41
DP   1  18 12 0  F        53211.26
DP   1  18 12 1  F        53081.87
DP   1  18 13 0  F        53201.38
DP   1  18 13 1  F        53871.33
DP   1  18 14 0  F        54725.66
DP   1  18 14 1  F        55332.27
DP   1  18 15 0  F        55662.67
DP   1  18 15 1  F        55786.86
DP   1  18 16 0  F        55765.12
DP   1  18 16 1  F        55575.51
DP   1  18 17 0  F        54877.07
DP   1  18 17 1  F        53430.47
DP   1  18 18 0  F        51722.02
DP   1  18 18 1  F        50398.83
DP   1  18 19 0  F        50025.62
DP   1  18 19 1  F        50858.45
DP   1  18 20 0  F        52000.95
DP   1  18 20 1  F        52543.42
DP   1  18 21 0  F        52675.12
DP   1  18 21 1  F        52737.81
DP   1  18 22 0  F        52584.47
DP   1  18 22 1  F        52031.15
DP   1  18 23 0  F        51235.19
DP   1  18 23 1  F        50439.23
DP   2  18 00 0  F        15653.26
DP   2  18 00 1  F        15099.00
DP   2  18 01 0  F        14593.91
DP   2  18 01 1  F        14174.70
DP   2  18 02 0  F        13828.24
DP   2  18 02 1  F        13534.88
DP   2  18 03 0  F        13298.78
DP   2  18 03 1  F        13126.20
DP   2  18 04 0  F        13007.83
DP   2  18 04 1  F        12940.62
DP   2  18 05 0  F        12961.81
DP   2  18 05 1  F        13094.26
DP   2  18 06 0  F        13262.79
DP   2  18 06 1  F        13429.30
DP   2  18 07 0  F        13802.24
DP   2  18 07 1  F        14559.19
DP   2  18 08 0  F        15508.01
DP   2  18 08 1  F        16387.70
DP   2  18 09 0  F        17031.73
DP   2  18 09 1  F        17366.48
DP   2  18 10 0  F        17595.33
DP   2  18 10 1  F        17926.07
DP   2  18 11 0  F        18306.93
DP   2  18 11 1  F        18596.16
DP   2  18 12 0  F        18551.56
DP   2  18 12 1  F        18081.98
DP   2  18 13 0  F        17800.80
DP   2  18 13 1  F        18248.29
DP   2  18 14 0  F        18967.59
DP   2  18 14 1  F        19390.43
DP   2  18 15 0  F        19500.10
DP   2  18 15 1  F        19420.50
DP   2  18 16 0  F        19286.43
DP   2  18 16 1  F        19184.19
DP   2  18 17 0  F        18995.28
DP   2  18 17 1  F        18574.79
DP   2  18 18 0  F        17876.99
DP   2  18 18 1  F        16981.43
DP   2  18 19 0  F        16369.79
DP   2  18 19 1  F        16432.70
DP   2  18 20 0  F        16794.73
DP   2  18 20 1  F        17006.41
DP   2  18 21 0  F        17088.37
DP   2  18 21 1  F        17139.28
DP   2  18 22 0  F        17100.08
DP   2  18 22 1  F        16904.39
DP   2  18 23 0  F        16614.38
DP   2  18 23 1  F        16324.38
DP   3  18 00 0  F        14253.82
DP   3  18 00 1  F        13998.54
DP   3  18 01 0  F        13757.06
DP   3  18 01 1  F        13541.61
DP   3  18 02 0  F        13358.24
DP   3  18 02 1  F        13206.13
DP   3  18 03 0  F        13063.34
DP   3  18 03 1  F        12917.90
DP   3  18 04 0  F        12818.83
DP   3  18 04 1  F        12789.05
DP   3  18 05 0  F        12685.88
DP   3  18 05 1  F        12390.00
DP   3  18 06 0  F        12041.04
DP   3  18 06 1  F        11821.58
DP   3  18 07 0  F        11826.98
DP   3  18 07 1  F        12097.67
DP   3  18 08 0  F        12541.41
DP   3  18 08 1  F        13034.87
DP   3  18 09 0  F        13462.92
DP   3  18 09 1  F        13744.13
DP   3  18 10 0  F        13923.70
DP   3  18 10 1  F        14065.63
DP   3  18 11 0  F        14182.33
DP   3  18 11 1  F        14260.76
DP   3  18 12 0  F        14237.50
DP   3  18 12 1  F        14088.37
DP   3  18 13 0  F        13996.39
DP   3  18 13 1  F        14126.71
DP   3  18 14 0  F        14365.99
DP   3  18 14 1  F        14560.46
DP   3  18 15 0  F        14673.27
DP   3  18 15 1  F        14701.38
DP   3  18 16 0  F        14660.12
DP   3  18 16 1  F        14541.90
DP   3  18 17 0  F        14229.16
DP   3  18 17 1  F        13680.29
DP   3  18 18 0  F        13267.66
DP   3  18 18 1  F        13319.81
DP   3  18 19 0  F        13575.95
DP   3  18 19 1  F        13706.65
DP   3  18 20 0  F        13697.33
DP   3  18 20 1  F        13634.37
DP   3  18 21 0  F        13693.38
DP   3  18 21 1  F        13990.33
DP   3  18 22 0  F        14313.63
DP   3  18 22 1  F        14440.98
DP   3  18 23 0  F        14434.77
DP   3  18 23 1  F        14428.55
DP   4  18 00 0  F        7995.23
DP   4  18 00 1  F        7931.92
DP   4  18 01 0  F        7857.52
DP   4  18 01 1  F        7767.22
DP   4  18 02 0  F        7681.33
DP   4  18 02 1  F        7617.28
DP   4  18 03 0  F        7555.89
DP   4  18 03 1  F        7476.52
DP   4  18 04 0  F        7389.35
DP   4  18 04 1  F        7311.29
DP   4  18 05 0  F        7255.12
DP   4  18 05 1  F        7220.67
DP   4  18 06 0  F        7159.90
DP   4  18 06 1  F        7035.64
DP   4  18 07 0  F        6902.09
DP   4  18 07 1  F        6826.01
DP   4  18 08 0  F        6833.03
DP   4  18 08 1  F        6928.40
DP   4  18 09 0  F        7076.93
DP   4  18 09 1  F        7236.94
DP   4  18 10 0  F        7381.00
DP   4  18 10 1  F        7489.71
DP   4  18 11 0  F        7561.44
DP   4  18 11 1  F        7598.25
DP   4  18 12 0  F        7599.26
DP   4  18 12 1  F        7572.30
DP   4  18 13 0  F        7563.01
DP   4  18 13 1  F        7613.07
DP   4  18 14 0  F        7710.53
DP   4  18 14 1  F        7826.71
DP   4  18 15 0  F        7919.57
DP   4  18 15 1  F        7954.72
DP   4  18 16 0  F        7941.57
DP   4  18 16 1  F        7894.71
DP   4  18 17 0  F        7805.47
DP   4  18 17 1  F        7664.73
DP   4  18 18 0  F        7484.68
DP   4  18 18 1  F        7298.04
DP   4  18 19 0  F        7198.35
DP   4  18 19 1  F        7255.61
DP   4  18 20 0  F        7384.86
DP   4  18 20 1  F        7485.38
DP   4  18 21 0  F        7548.42
DP   4  18 21 1  F        7590.46
DP   4  18 22 0  F        7637.21
DP   4  18 22 1  F        7709.29
DP   4  18 23 0  F        7797.72
DP   4  18 23 1  F        7886.15
DP   1  19 00 0  F        49171.21
DP   1  19 00 1  F        47782.47
DP   1  19 01 0  F        46493.43
DP   1  19 01 1  F        45379.51
DP   1  19 02 0  F        44419.02
DP   1  19 02 1  F        43581.58
DP   1  19 03 0  F        42899.23
DP   1  19 03 1  F        42406.79
DP   1  19 04 0  F        42087.81
DP   1  19 04 1  F        41912.50
DP   1  19 05 0  F        41848.91
DP   1  19 05 1  F        41865.86
DP   1  19 06 0  F        41937.27
DP   1  19 06 1  F        42107.99
DP   1  19 07 0  F        42701.47
DP   1  19 07 1  F        43982.23
DP   1  19 08 0  F        45700.48
DP   1  19 08 1  F        47492.18
DP   1  19 09 0  F        49050.45
DP   1  19 09 1  F        50174.47
DP   1  19 10 0  F        51030.38
DP   1  19 10 1  F        51795.96
DP   1  19 11 0  F        52328.65
DP   1  19 11 1  F        52471.69
DP   1  19 12 0  F        52332.04
DP   1  19 12 1  F        52116.54
DP   1  19 13 0  F        52167.89
DP   1  19 13 1  F        52720.68
DP   1  19 14 0  F        53440.93
DP   1  19 14 1  F        53937.11
DP   1  19 15 0  F        54155.87
DP   1  19 15 1  F        54126.71
DP   1  19 16 0  F        53872.36
DP   1  19 16 1  F        53385.47
DP   1  19 17 0  F        52545.09
DP   1  19 17 1  F        51287.44
DP   1  19 18 0  F        49890.84
DP   1  19 18 1  F        48765.53
DP   1  19 19 0  F        48507.29
DP   1  19 19 1  F        49433.36
DP   1  19 20 0  F        50561.45
DP   1  19 20 1  F        50906.08
DP   1  19 21 0  F        50768.39
DP   1  19 21 1  F        50625.90
DP   1  19 22 0  F        50374.86
DP   1  19 22 1  F        49837.50
DP   1  19 23 0  F        49121.34
DP   1  19 23 1  F        48405.18
DP   2  19 00 0  F        15841.76
DP   2  19 00 1  F        15264.89
DP   2  19 01 0  F        14750.54
DP   2  19 01 1  F        14342.09
DP   2  19 02 0  F        14006.36
DP   2  19 02 1  F        13704.55
DP   2  19 03 0  F        13451.86
DP   2  19 03 1  F        13269.13
DP   2  19 04 0  F        13145.66
DP   2  19 04 1  F        13073.04
DP   2  19 05 0  F        13083.62
DP   2  19 05 1  F        13198.68
DP   2  19 06 0  F        13354.55
DP   2  19 06 1  F        13521.91
DP   2  19 07 0  F        13894.05
DP   2  19 07 1  F        14632.33
DP   2  19 08 0  F        15547.89
DP   2  19 08 1  F        16389.75
DP   2  19 09 0  F        17008.55
DP   2  19 09 1  F        17341.32
DP   2  19 10 0  F        17568.86
DP   2  19 10 1  F        17876.14
DP   2  19 11 0  F        18221.03
DP   2  19 11 1  F        18477.93
DP   2  19 12 0  F        18414.44
DP   2  19 12 1  F        17939.66
DP   2  19 13 0  F        17635.51
DP   2  19 13 1  F        18019.29
DP   2  19 14 0  F        18676.94
DP   2  19 14 1  F        19085.51
DP   2  19 15 0  F        19217.77
DP   2  19 15 1  F        19168.44
DP   2  19 16 0  F        19024.52
DP   2  19 16 1  F        18844.83
DP   2  19 17 0  F        18583.39
DP   2  19 17 1  F        18169.48
DP   2  19 18 0  F        17538.46
DP   2  19 18 1  F        16730.31
DP   2  19 19 0  F        16197.56
DP   2  19 19 1  F        16308.23
DP   2  19 20 0  F        16679.78
DP   2  19 20 1  F        16863.95
DP   2  19 21 0  F        16900.11
DP   2  19 21 1  F        16909.45
DP   2  19 22 0  F        16852.67
DP   2  19 22 1  F        16675.72
DP   2  19 23 0  F        16425.99
DP   2  19 23 1  F        16176.26
DP   3  19 00 0  F        14182.05
DP   3  19 00 1  F        13925.37
DP   3  19 01 0  F        13683.22
DP   3  19 01 1  F        13468.27
DP   3  19 02 0  F        13285.95
DP   3  19 02 1  F        13135.14
DP   3  19 03 0  F        12996.01
DP   3  19 03 1  F        12856.61
DP   3  19 04 0  F        12755.30
DP   3  19 04 1  F        12709.37
DP   3  19 05 0  F        12601.55
DP   3  19 05 1  F        12331.44
DP   3  19 06 0  F        12000.71
DP   3  19 06 1  F        11754.25
DP   3  19 07 0  F        11707.79
DP   3  19 07 1  F        11929.64
DP   3  19 08 0  F        12327.45
DP   3  19 08 1  F        12773.71
DP   3  19 09 0  F        13160.67
DP   3  19 09 1  F        13414.30
DP   3  19 10 0  F        13575.68
DP   3  19 10 1  F        13703.00
DP   3  19 11 0  F        13807.73
DP   3  19 11 1  F        13878.75
DP   3  19 12 0  F        13861.09
DP   3  19 12 1  F        13731.76
DP   3  19 13 0  F        13639.39
DP   3  19 13 1  F        13722.14
DP   3  19 14 0  F        13904.55
DP   3  19 14 1  F        14074.32
DP   3  19 15 0  F        14185.16
DP   3  19 15 1  F        14215.04
DP   3  19 16 0  F        14172.84
DP   3  19 16 1  F        14054.81
DP   3  19 17 0  F        13775.86
DP   3  19 17 1  F        13314.76
DP   3  19 18 0  F        12986.93
DP   3  19 18 1  F        13066.82
DP   3  19 19 0  F        13328.18
DP   3  19 19 1  F        13482.76
DP   3  19 20 0  F        13495.00
DP   3  19 20 1  F        13423.61
DP   3  19 21 0  F        13451.87
DP   3  19 21 1  F        13711.92
DP   3  19 22 0  F        14006.86
DP   3  19 22 1  F        14124.42
DP   3  19 23 0  F        14119.85
DP   3  19 23 1  F        14115.28
DP   4  19 00 0  F        7728.74
DP   4  19 00 1  F        7677.68
DP   4  19 01 0  F        7613.18
DP   4  19 01 1  F        7529.07
DP   4  19 02 0  F        7448.39
DP   4  19 02 1  F        7391.66
DP   4  19 03 0  F        7340.26
DP   4  19 03 1  F        7271.80
DP   4  19 04 0  F        7188.05
DP   4  19 04 1  F        7100.63
DP   4  19 05 0  F        7036.48
DP   4  19 05 1  F        7009.25
DP   4  19 06 0  F        6964.12
DP   4  19 06 1  F        6853.13
DP   4  19 07 0  F        6724.30
DP   4  19 07 1  F        6640.80
DP   4  19 08 0  F        6630.38
DP   4  19 08 1  F        6701.63
DP   4  19 09 0  F        6821.84
DP   4  19 09 1  F        6950.81
DP   4  19 10 0  F        7059.77
DP   4  19 10 1  F        7130.39
DP   4  19 11 0  F        7174.67
DP   4  19 11 1  F        7205.70
DP   4  19 12 0  F        7210.81
DP   4  19 12 1  F        7181.97
DP   4  19 13 0  F        7155.66
DP   4  19 13 1  F        7170.25
DP   4  19 14 0  F        7227.25
DP   4  19 14 1  F        7313.57
DP   4  19 15 0  F        7394.55
DP   4  19 15 1  F        7437.81
DP   4  19 16 0  F        7441.81
DP   4  19 16 1  F        7411.17
DP   4  19 17 0  F        7344.36
DP   4  19 17 1  F        7240.30
DP   4  19 18 0  F        7105.80
DP   4  19 18 1  F        6964.05
DP   4  19 19 0  F        6895.81
DP   4  19 19 1  F        6961.53
DP   4  19 20 0  F        7082.69
DP   4  19 20 1  F        7168.49
DP   4  19 21 0  F        7217.77
DP   4  19 21 1  F        7251.28
DP   4  19 22 0  F        7287.75
DP   4  19 22 1  F        7340.55
DP   4  19 23 0  F        7403.93
DP   4  19 23 1  F        7467.30
DP   1  20 00 0  F        47278.86
DP   1  20 00 1  F        46074.75
DP   1  20 01 0  F        44929.74
DP   1  20 01 1  F        43892.48
DP   1  20 02 0  F        42969.80
DP   1  20 02 1  F        42163.59
DP   1  20 03 0  F        41497.92
DP   1  20 03 1  F        40994.04
DP   1  20 04 0  F        40639.75
DP   1  20 04 1  F        40406.53
DP   1  20 05 0  F        40233.96
DP   1  20 05 1  F        40056.53
DP   1  20 06 0  F        39820.25
DP   1  20 06 1  F        39552.65
DP   1  20 07 0  F        39595.97
DP   1  20 07 1  F        40246.83
DP   1  20 08 0  F        41304.88
DP   1  20 08 1  F        42471.00
DP   1  20 09 0  F        43548.05
DP   1  20 09 1  F        44404.99
DP   1  20 10 0  F        45073.34
DP   1  20 10 1  F        45603.21
DP   1  20 11 0  F        45956.41
DP   1  20 11 1  F        46101.87
DP   1  20 12 0  F        46125.35
DP   1  20 12 1  F        46126.60
DP   1  20 13 0  F        46144.74
DP   1  20 13 1  F        46191.82
DP   1  20 14 0  F        46232.37
DP   1  20 14 1  F        46227.95
DP   1  20 15 0  F        46175.80
DP   1  20 15 1  F        46086.74
DP   1  20 16 0  F        45990.21
DP   1  20 16 1  F        45897.75
DP   1  20 17 0  F        45730.66
DP   1  20 17 1  F        45440.89
DP   1  20 18 0  F        45193.31
DP   1  20 18 1  F        45218.67
DP   1  20 19 0  F        45798.36
DP   1  20 19 1  F        47017.77
DP   1  20 20 0  F        48127.55
DP   1  20 20 1  F        48411.17
DP   1  20 21 0  F        48118.11
DP   1  20 21 1  F        47646.32
DP   1  20 22 0  F        47021.53
DP   1  20 22 1  F        46206.02
DP   1  20 23 0  F        45280.37
DP   1  20 23 1  F        44354.71
DP   2  20 00 0  F        15244.33
DP   2  20 00 1  F        14733.52
DP   2  20 01 0  F        14261.25
DP   2  20 01 1  F        13857.36
DP   2  20 02 0  F        13516.72
DP   2  20 02 1  F        13226.75
DP   2  20 03 0  F        12979.74
DP   2  20 03 1  F        12772.77
DP   2  20 04 0  F        12617.24
DP   2  20 04 1  F        12527.90
DP   2  20 05 0  F        12518.86
DP   2  20 05 1  F        12584.18
DP   2  20 06 0  F        12638.60
DP   2  20 06 1  F        12637.23
DP   2  20 07 0  F        12776.06
DP   2  20 07 1  F        13231.86
DP   2  20 08 0  F        13863.79
DP   2  20 08 1  F        14469.55
DP   2  20 09 0  F        14918.51
DP   2  20 09 1  F        15148.77
DP   2  20 10 0  F        15301.44
DP   2  20 10 1  F        15522.68
DP   2  20 11 0  F        15775.92
DP   2  20 11 1  F        15966.80
DP   2  20 12 0  F        15952.79
DP   2  20 12 1  F        15673.90
DP   2  20 13 0  F        15448.53
DP   2  20 13 1  F        15565.58
DP   2  20 14 0  F        15817.36
DP   2  20 14 1  F        15936.58
DP   2  20 15 0  F        15914.23
DP   2  20 15 1  F        15809.98
DP   2  20 16 0  F        15699.93
DP   2  20 16 1  F        15642.91
DP   2  20 17 0  F        15611.95
DP   2  20 17 1  F        15551.15
DP   2  20 18 0  F        15374.55
DP   2  20 18 1  F        15065.25
DP   2  20 19 0  F        14912.60
DP   2  20 19 1  F        15153.36
DP   2  20 20 0  F        15507.86
DP   2  20 20 1  F        15651.43
DP   2  20 21 0  F        15596.11
DP   2  20 21 1  F        15424.19
DP   2  20 22 0  F        15162.53
DP   2  20 22 1  F        14828.31
DP   2  20 23 0  F        14455.69
DP   2  20 23 1  F        14083.07
DP   3  20 00 0  F        13906.81
DP   3  20 00 1  F        13687.81
DP   3  20 01 0  F        13472.69
DP   3  20 01 1  F        13268.84
DP   3  20 02 0  F        13097.62
DP   3  20 02 1  F        12972.07
DP   3  20 03 0  F        12857.75
DP   3  20 03 1  F        12726.16
DP   3  20 04 0  F        12620.07
DP   3  20 04 1  F        12565.23
DP   3  20 05 0  F        12448.11
DP   3  20 05 1  F        12167.01
DP   3  20 06 0  F        11806.81
DP   3  20 06 1  F        11494.40
DP   3  20 07 0  F        11337.99
DP   3  20 07 1  F        11403.71
DP   3  20 08 0  F        11607.96
DP   3  20 08 1  F        11840.64
DP   3  20 09 0  F        12035.42
DP   3  20 09 1  F        12154.75
DP   3  20 10 0  F        12232.35
DP   3  20 10 1  F        12309.81
DP   3  20 11 0  F        12388.92
DP   3  20 11 1  F        12455.17
DP   3  20 12 0  F        12468.80
DP   3  20 12 1  F        12408.76
DP   3  20 13 0  F        12354.14
DP   3  20 13 1  F        12379.86
DP   3  20 14 0  F        12444.12
DP   3  20 14 1  F        12488.71
DP   3  20 15 0  F        12506.58
DP   3  20 15 1  F        12502.43
DP   3  20 16 0  F        12476.63
DP   3  20 16 1  F        12424.19
DP   3  20 17 0  F        12323.00
DP   3  20 17 1  F        12198.04
DP   3  20 18 0  F        12280.00
DP   3  20 18 1  F        12732.74
DP   3  20 19 0  F        13247.17
DP   3  20 19 1  F        13492.23
DP   3  20 20 0  F        13521.86
DP   3  20 20 1  F        13475.36
DP   3  20 21 0  F        13448.26
DP   3  20 21 1  F        13496.14
DP   3  20 22 0  F        13558.38
DP   3  20 22 1  F        13566.55
DP   3  20 23 0  F        13537.07
DP   3  20 23 1  F        13507.60
DP   4  20 00 0  F        7581.34
DP   4  20 00 1  F        7536.18
DP   4  20 01 0  F        7480.37
DP   4  20 01 1  F        7408.94
DP   4  20 02 0  F        7339.66
DP   4  20 02 1  F        7287.65
DP   4  20 03 0  F        7234.81
DP   4  20 03 1  F        7161.86
DP   4  20 04 0  F        7077.92
DP   4  20 04 1  F        6999.37
DP   4  20 05 0  F        6943.19
DP   4  20 05 1  F        6914.07
DP   4  20 06 0  F        6866.85
DP   4  20 06 1  F        6763.06
DP   4  20 07 0  F        6640.83
DP   4  20 07 1  F        6550.57
DP   4  20 08 0  F        6515.19
DP   4  20 08 1  F        6543.60
DP   4  20 09 0  F        6616.18
DP   4  20 09 1  F        6708.11
DP   4  20 10 0  F        6802.43
DP   4  20 10 1  F        6884.43
DP   4  20 11 0  F        6940.46
DP   4  20 11 1  F        6961.19
DP   4  20 12 0  F        6953.45
DP   4  20 12 1  F        6930.38
DP   4  20 13 0  F        6914.26
DP   4  20 13 1  F        6925.04
DP   4  20 14 0  F        6964.28
DP   4  20 14 1  F        7024.14
DP   4  20 15 0  F        7077.66
DP   4  20 15 1  F        7100.74
DP   4  20 16 0  F        7099.85
DP   4  20 16 1  F        7084.41
DP   4  20 17 0  F        7045.10
DP   4  20 17 1  F        6975.89
DP   4  20 18 0  F        6902.65
DP   4  20 18 1  F        6861.90
DP   4  20 19 0  F        6900.76
DP   4  20 19 1  F        7040.28
DP   4  20 20 0  F        7186.70
DP   4  20 20 1  F        7248.18
DP   4  20 21 0  F        7255.46
DP   4  20 21 1  F        7260.45
DP   4  20 22 0  F        7277.43
DP   4  20 22 1  F        7309.01
DP   4  20 23 0  F        7349.00
DP   4  20 23 1  F        7388.99
DP   1  21 00 0  F        43167.76
DP   1  21 00 1  F        42009.64
DP   1  21 01 0  F        40947.23
DP   1  21 01 1  F        40045.62
DP   1  21 02 0  F        39247.24
DP   1  21 02 1  F        38492.14
DP   1  21 03 0  F        37833.36
DP   1  21 03 1  F        37331.19
DP   1  21 04 0  F        36961.95
DP   1  21 04 1  F        36676.73
DP   1  21 05 0  F        36409.67
DP   1  21 05 1  F        36090.75
DP   1  21 06 0  F        35650.14
DP   1  21 06 1  F        35090.22
DP   1  21 07 0  F        34701.91
DP   1  21 07 1  F        34758.53
DP   1  21 08 0  F        35174.53
DP   1  21 08 1  F        35777.79
DP   1  21 09 0  F        36408.83
DP   1  21 09 1  F        36943.35
DP   1  21 10 0  F        37385.05
DP   1  21 10 1  F        37772.72
DP   1  21 11 0  F        38157.61
DP   1  21 11 1  F        38560.71
DP   1  21 12 0  F        38869.77
DP   1  21 12 1  F        38982.59
DP   1  21 13 0  F        38970.33
DP   1  21 13 1  F        38929.01
DP   1  21 14 0  F        38880.60
DP   1  21 14 1  F        38827.28
DP   1  21 15 0  F        38766.02
DP   1  21 15 1  F        38714.39
DP   1  21 16 0  F        38777.45
DP   1  21 16 1  F        39040.31
DP   1  21 17 0  F        39420.65
DP   1  21 17 1  F        39812.92
DP   1  21 18 0  F        40186.06
DP   1  21 18 1  F        40608.35
DP   1  21 19 0  F        41471.08
DP   1  21 19 1  F        42991.81
DP   1  21 20 0  F        44370.26
DP   1  21 20 1  F        44829.52
DP   1  21 21 0  F        44704.08
DP   1  21 21 1  F        44482.17
DP   1  21 22 0  F        44155.63
DP   1  21 22 1  F        43634.00
DP   1  21 23 0  F        42993.94
DP   1  21 23 1  F        42353.87
DP   2  21 00 0  F        13715.55
DP   2  21 00 1  F        13229.61
DP   2  21 01 0  F        12787.87
DP   2  21 01 1  F        12423.11
DP   2  21 02 0  F        12122.43
DP   2  21 02 1  F        11865.02
DP   2  21 03 0  F        11644.03
DP   2  21 03 1  F        11459.81
DP   2  21 04 0  F        11327.31
DP   2  21 04 1  F        11258.95
DP   2  21 05 0  F        11242.37
DP   2  21 05 1  F        11251.79
DP   2  21 06 0  F        11232.56
DP   2  21 06 1  F        11167.78
DP   2  21 07 0  F        11220.56
DP   2  21 07 1  F        11532.57
DP   2  21 08 0  F        11979.64
DP   2  21 08 1  F        12394.84
DP   2  21 09 0  F        12706.03
DP   2  21 09 1  F        12894.66
DP   2  21 10 0  F        13061.83
DP   2  21 10 1  F        13303.29
DP   2  21 11 0  F        13573.99
DP   2  21 11 1  F        13787.72
DP   2  21 12 0  F        13834.48
DP   2  21 12 1  F        13666.44
DP   2  21 13 0  F        13508.15
DP   2  21 13 1  F        13567.82
DP   2  21 14 0  F        13715.90
DP   2  21 14 1  F        13784.62
DP   2  21 15 0  F        13791.18
DP   2  21 15 1  F        13790.38
DP   2  21 16 0  F        13802.37
DP   2  21 16 1  F        13838.02
DP   2  21 17 0  F        13905.83
DP   2  21 17 1  F        13991.62
DP   2  21 18 0  F        13992.96
DP   2  21 18 1  F        13864.89
DP   2  21 19 0  F        13880.42
DP   2  21 19 1  F        14264.22
DP   2  21 20 0  F        14729.41
DP   2  21 20 1  F        14948.01
DP   2  21 21 0  F        14939.05
DP   2  21 21 1  F        14796.84
DP   2  21 22 0  F        14569.66
DP   2  21 22 1  F        14292.19
DP   2  21 23 0  F        13990.64
DP   2  21 23 1  F        13689.09
DP   3  21 00 0  F        13544.60
DP   3  21 00 1  F        13331.24
DP   3  21 01 0  F        13127.44
DP   3  21 01 1  F        12943.13
DP   3  21 02 0  F        12789.78
DP   3  21 02 1  F        12670.94
DP   3  21 03 0  F        12557.03
DP   3  21 03 1  F        12425.54
DP   3  21 04 0  F        12315.40
DP   3  21 04 1  F        12248.06
DP   3  21 05 0  F        12113.69
DP   3  21 05 1  F        11814.18
DP   3  21 06 0  F        11429.66
DP   3  21 06 1  F        11077.73
DP   3  21 07 0  F        10847.69
DP   3  21 07 1  F        10792.83
DP   3  21 08 0  F        10850.67
DP   3  21 08 1  F        10938.13
DP   3  21 09 0  F        11005.55
DP   3  21 09 1  F        11027.14
DP   3  21 10 0  F        11039.20
DP   3  21 10 1  F        11081.83
DP   3  21 11 0  F        11148.32
DP   3  21 11 1  F        11219.07
DP   3  21 12 0  F        11269.95
DP   3  21 12 1  F        11286.04
DP   3  21 13 0  F        11293.98
DP   3  21 13 1  F        11322.00
DP   3  21 14 0  F        11363.15
DP   3  21 14 1  F        11402.16
DP   3  21 15 0  F        11425.73
DP   3  21 15 1  F        11426.72
DP   3  21 16 0  F        11420.39
DP   3  21 16 1  F        11416.90
DP   3  21 17 0  F        11383.50
DP   3  21 17 1  F        11334.02
DP   3  21 18 0  F        11511.65
DP   3  21 18 1  F        12085.86
DP   3  21 19 0  F        12701.70
DP   3  21 19 1  F        12990.71
DP   3  21 20 0  F        13054.52
DP   3  21 20 1  F        13080.09
DP   3  21 21 0  F        13125.59
DP   3  21 21 1  F        13203.77
DP   3  21 22 0  F        13274.39
DP   3  21 22 1  F        13297.99
DP   3  21 23 0  F        13291.09
DP   3  21 23 1  F        13284.19
DP   4  21 00 0  F        7490.84
DP   4  21 00 1  F        7467.97
DP   4  21 01 0  F        7426.26
DP   4  21 01 1  F        7356.21
DP   4  21 02 0  F        7285.66
DP   4  21 02 1  F        7239.55
DP   4  21 03 0  F        7193.80
DP   4  21 03 1  F        7122.45
DP   4  21 04 0  F        7041.25
DP   4  21 04 1  F        6973.20
DP   4  21 05 0  F        6928.79
DP   4  21 05 1  F        6905.28
DP   4  21 06 0  F        6859.64
DP   4  21 06 1  F        6755.20
DP   4  21 07 0  F        6621.09
DP   4  21 07 1  F        6499.00
DP   4  21 08 0  F        6414.99
DP   4  21 08 1  F        6385.29
DP   4  21 09 0  F        6402.23
DP   4  21 09 1  F        6450.35
DP   4  21 10 0  F        6506.95
DP   4  21 10 1  F        6552.83
DP   4  21 11 0  F        6589.88
DP   4  21 11 1  F        6621.07
DP   4  21 12 0  F        6632.21
DP   4  21 12 1  F        6615.02
DP   4  21 13 0  F        6601.71
DP   4  21 13 1  F        6624.46
DP   4  21 14 0  F        6674.69
DP   4  21 14 1  F        6734.30
DP   4  21 15 0  F        6787.75
DP   4  21 15 1  F        6824.51
DP   4  21 16 0  F        6851.71
DP   4  21 16 1  F        6874.82
DP   4  21 17 0  F        6874.86
DP   4  21 17 1  F        6837.91
DP   4  21 18 0  F        6794.58
DP   4  21 18 1  F        6785.56
DP   4  21 19 0  F        6847.36
DP   4  21 19 1  F        6992.21
DP   4  21 20 0  F        7139.36
DP   4  21 20 1  F        7211.40
DP   4  21 21 0  F        7237.29
DP   4  21 21 1  F        7263.62
DP   4  21 22 0  F        7301.28
DP   4  21 22 1  F        7350.76
DP   4  21 23 0  F        7406.86
DP   4  21 23 1  F        7462.97
DP   1  22 00 0  F        41063.17
DP   1  22 00 1  F        39919.62
DP   1  22 01 0  F        38898.28
DP   1  22 01 1  F        38084.38
DP   1  22 02 0  F        37415.18
DP   1  22 02 1  F        36817.48
DP   1  22 03 0  F        36324.31
DP   1  22 03 1  F        35985.98
DP   1  22 04 0  F        35815.62
DP   1  22 04 1  F        35815.51
DP   1  22 05 0  F        35981.78
DP   1  22 05 1  F        36310.56
DP   1  22 06 0  F        36804.35
DP   1  22 06 1  F        37495.47
DP   1  22 07 0  F        38529.21
DP   1  22 07 1  F        40002.45
DP   1  22 08 0  F        41705.40
DP   1  22 08 1  F        43370.95
DP   1  22 09 0  F        44809.26
DP   1  22 09 1  F        45900.35
DP   1  22 10 0  F        46726.47
DP   1  22 10 1  F        47393.90
DP   1  22 11 0  F        47902.97
DP   1  22 11 1  F        48216.25
DP   1  22 12 0  F        48251.37
DP   1  22 12 1  F        48013.19
DP   1  22 13 0  F        47900.65
DP   1  22 13 1  F        48256.24
DP   1  22 14 0  F        48802.83
DP   1  22 14 1  F        49183.32
DP   1  22 15 0  F        49340.41
DP   1  22 15 1  F        49314.14
DP   1  22 16 0  F        49234.22
DP   1  22 16 1  F        49152.34
DP   1  22 17 0  F        48718.68
DP   1  22 17 1  F        47661.00
DP   1  22 18 0  F        46419.11
DP   1  22 18 1  F        45592.92
DP   1  22 19 0  F        45710.73
DP   1  22 19 1  F        46965.97
DP   1  22 20 0  F        48284.17
DP   1  22 20 1  F        48631.08
DP   1  22 21 0  F        48401.21
DP   1  22 21 1  F        48158.90
DP   1  22 22 0  F        47719.03
DP   1  22 22 1  F        46818.72
DP   1  22 23 0  F        45633.39
DP   1  22 23 1  F        44448.06
DP   2  22 00 0  F        13345.97
DP   2  22 00 1  F        12933.59
DP   2  22 01 0  F        12569.34
DP   2  22 01 1  F        12285.98
DP   2  22 02 0  F        12054.99
DP   2  22 02 1  F        11846.33
DP   2  22 03 0  F        11685.12
DP   2  22 03 1  F        11596.67
DP   2  22 04 0  F        11551.68
DP   2  22 04 1  F        11528.13
DP   2  22 05 0  F        11587.72
DP   2  22 05 1  F        11782.50
DP   2  22 06 0  F        12042.22
DP   2  22 06 1  F        12318.20
DP   2  22 07 0  F        12770.24
DP   2  22 07 1  F        13528.93
DP   2  22 08 0  F        14399.51
DP   2  22 08 1  F        15141.05
DP   2  22 09 0  F        15653.13
DP   2  22 09 1  F        15918.42
DP   2  22 10 0  F        16111.23
DP   2  22 10 1  F        16398.28
DP   2  22 11 0  F        16724.08
DP   2  22 11 1  F        16955.26
DP   2  22 12 0  F        16869.17
DP   2  22 12 1  F        16379.37
DP   2  22 13 0  F        16033.63
DP   2  22 13 1  F        16318.24
DP   2  22 14 0  F        16839.16
DP   2  22 14 1  F        17112.53
DP   2  22 15 0  F        17175.55
DP   2  22 15 1  F        17174.16
DP   2  22 16 0  F        17168.30
DP   2  22 16 1  F        17172.08
DP   2  22 17 0  F        17102.35
DP   2  22 17 1  F        16862.33
DP   2  22 18 0  F        16397.97
DP   2  22 18 1  F        15760.21
DP   2  22 19 0  F        15377.01
DP   2  22 19 1  F        15587.13
DP   2  22 20 0  F        15995.39
DP   2  22 20 1  F        16151.80
DP   2  22 21 0  F        16121.11
DP   2  22 21 1  F        16048.68
DP   2  22 22 0  F        15887.71
DP   2  22 22 1  F        15574.39
DP   2  22 23 0  F        15169.37
DP   2  22 23 1  F        14764.34
DP   3  22 00 0  F        13436.83
DP   3  22 00 1  F        13201.00
DP   3  22 01 0  F        12975.94
DP   3  22 01 1  F        12774.17
DP   3  22 02 0  F        12615.11
DP   3  22 02 1  F        12507.71
DP   3  22 03 0  F        12412.08
DP   3  22 03 1  F        12295.38
DP   3  22 04 0  F        12201.84
DP   3  22 04 1  F        12161.17
DP   3  22 05 0  F        12067.90
DP   3  22 05 1  F        11830.08
DP   3  22 06 0  F        11545.01
DP   3  22 06 1  F        11352.24
DP   3  22 07 0  F        11371.08
DP   3  22 07 1  F        11674.11
DP   3  22 08 0  F        12167.10
DP   3  22 08 1  F        12710.96
DP   3  22 09 0  F        13153.91
DP   3  22 09 1  F        13392.38
DP   3  22 10 0  F        13528.38
DP   3  22 10 1  F        13679.02
DP   3  22 11 0  F        13816.46
DP   3  22 11 1  F        13880.77
DP   3  22 12 0  F        13828.94
DP   3  22 12 1  F        13666.43
DP   3  22 13 0  F        13575.61
DP   3  22 13 1  F        13713.30
DP   3  22 14 0  F        13956.96
DP   3  22 14 1  F        14145.42
DP   3  22 15 0  F        14242.25
DP   3  22 15 1  F        14250.02
DP   3  22 16 0  F        14202.64
DP   3  22 16 1  F        14109.48
DP   3  22 17 0  F        13850.57
DP   3  22 17 1  F        13374.60
DP   3  22 18 0  F        13034.39
DP   3  22 18 1  F        13136.08
DP   3  22 19 0  F        13395.07
DP   3  22 19 1  F        13471.80
DP   3  22 20 0  F        13397.44
DP   3  22 20 1  F        13305.27
DP   3  22 21 0  F        13366.28
DP   3  22 21 1  F        13677.49
DP   3  22 22 0  F        14002.56
DP   3  22 22 1  F        14100.60
DP   3  22 23 0  F        14045.72
DP   3  22 23 1  F        13990.85
DP   4  22 00 0  F        7344.60
DP   4  22 00 1  F        7300.25
DP   4  22 01 0  F        7246.47
DP   4  22 01 1  F        7179.54
DP   4  22 02 0  F        7118.55
DP   4  22 02 1  F        7078.89
DP   4  22 03 0  F        7038.35
DP   4  22 03 1  F        6973.61
DP   4  22 04 0  F        6894.59
DP   4  22 04 1  F        6820.65
DP   4  22 05 0  F        6775.70
DP   4  22 05 1  F        6768.56
DP   4  22 06 0  F        6743.04
DP   4  22 06 1  F        6651.07
DP   4  22 07 0  F        6542.14
DP   4  22 07 1  F        6483.76
DP   4  22 08 0  F        6518.11
DP   4  22 08 1  F        6660.97
DP   4  22 09 0  F        6848.03
DP   4  22 09 1  F        7011.21
DP   4  22 10 0  F        7147.54
DP   4  22 10 1  F        7265.04
DP   4  22 11 0  F        7350.68
DP   4  22 11 1  F        7390.75
DP   4  22 12 0  F        7390.07
DP   4  22 12 1  F        7364.31
DP   4  22 13 0  F        7354.19
DP   4  22 13 1  F        7396.55
DP   4  22 14 0  F        7487.41
DP   4  22 14 1  F        7606.32
DP   4  22 15 0  F        7707.49
DP   4  22 15 1  F        7751.75
DP   4  22 16 0  F        7751.63
DP   4  22 16 1  F        7723.71
DP   4  22 17 0  F        7648.91
DP   4  22 17 1  F        7506.54
DP   4  22 18 0  F        7305.08
DP   4  22 18 1  F        7081.32
DP   4  22 19 0  F        6956.16
DP   4  22 19 1  F        7020.59
DP   4  22 20 0  F        7161.99
DP   4  22 20 1  F        7252.21
DP   4  22 21 0  F        7304.72
DP   4  22 21 1  F        7359.69
DP   4  22 22 0  F        7422.39
DP   4  22 22 1  F        7489.60
DP   4  22 23 0  F        7558.97
DP   4  22 23 1  F        7628.34
DP   1  23 00 0  F        42707.24
DP   1  23 00 1  F        41270.91
DP   1  23 01 0  F        39991.47
DP   1  23 01 1  F        38982.02
DP   1  23 02 0  F        38180.57
DP   1  23 02 1  F        37502.86
DP   1  23 03 0  F        36950.49
DP   1  23 03 1  F        36550.20
DP   1  23 04 0  F        36343.50
DP   1  23 04 1  F        36355.95
DP   1  23 05 0  F        36534.64
DP   1  23 05 1  F        36823.57
DP   1  23 06 0  F        37232.82
DP   1  23 06 1  F        37822.85
DP   1  23 07 0  F        38789.58
DP   1  23 07 1  F        40256.31
DP   1  23 08 0  F        41920.35
DP   1  23 08 1  F        43434.12
DP   1  23 09 0  F        44696.63
DP   1  23 09 1  F        45687.21
DP   1  23 10 0  F        46459.82
DP   1  23 10 1  F        47069.92
DP   1  23 11 0  F        47504.26
DP   1  23 11 1  F        47729.91
DP   1  23 12 0  F        47703.87
DP   1  23 12 1  F        47465.46
DP   1  23 13 0  F        47393.53
DP   1  23 13 1  F        47801.66
DP   1  23 14 0  F        48402.85
DP   1  23 14 1  F        48836.48
DP   1  23 15 0  F        49047.95
DP   1  23 15 1  F        49082.21
DP   1  23 16 0  F        49076.34
DP   1  23 16 1  F        49077.50
DP   1  23 17 0  F        48681.14
DP   1  23 17 1  F        47587.32
DP   1  23 18 0  F        46366.37
DP   1  23 18 1  F        45716.67
DP   1  23 19 0  F        45978.64
DP   1  23 19 1  F        47163.22
DP   1  23 20 0  F        48321.37
DP   1  23 20 1  F        48574.35
DP   1  23 21 0  F        48284.39
DP   1  23 21 1  F        47955.81
DP   1  23 22 0  F        47420.22
DP   1  23 22 1  F        46442.43
DP   1  23 23 0  F        45192.84
DP   1  23 23 1  F        43943.25
DP   2  23 00 0  F        14730.82
DP   2  23 00 1  F        14108.32
DP   2  23 01 0  F        13574.53
DP   2  23 01 1  F        13188.92
DP   2  23 02 0  F        12894.00
DP   2  23 02 1  F        12624.41
DP   2  23 03 0  F        12400.08
DP   2  23 03 1  F        12251.96
DP   2  23 04 0  F        12169.55
DP   2  23 04 1  F        12142.31
DP   2  23 05 0  F        12201.04
DP   2  23 05 1  F        12369.37
DP   2  23 06 0  F        12601.21
DP   2  23 06 1  F        12876.72
DP   2  23 07 0  F        13351.10
DP   2  23 07 1  F        14142.21
DP   2  23 08 0  F        15043.49
DP   2  23 08 1  F        15803.42
DP   2  23 09 0  F        16314.97
DP   2  23 09 1  F        16562.66
DP   2  23 10 0  F        16752.91
DP   2  23 10 1  F        17078.29
DP   2  23 11 0  F        17454.29
DP   2  23 11 1  F        17712.98
DP   2  23 12 0  F        17629.91
DP   2  23 12 1  F        17130.70
DP   2  23 13 0  F        16797.68
DP   2  23 13 1  F        17142.46
DP   2  23 14 0  F        17737.11
DP   2  23 14 1  F        18057.15
DP   2  23 15 0  F        18131.55
DP   2  23 15 1  F        18108.50
DP   2  23 16 0  F        18059.77
DP   2  23 16 1  F        18012.49
DP   2  23 17 0  F        17891.64
DP   2  23 17 1  F        17606.02
DP   2  23 18 0  F        17101.99
DP   2  23 18 1  F        16426.81
DP   2  23 19 0  F        15993.90
DP   2  23 19 1  F        16133.76
DP   2  23 20 0  F        16478.89
DP   2  23 20 1  F        16607.59
DP   2  23 21 0  F        16579.15
DP   2  23 21 1  F        16524.67
DP   2  23 22 0  F        16381.51
DP   2  23 22 1  F        16073.75
DP   2  23 23 0  F        15666.11
DP   2  23 23 1  F        15258.48
DP   3  23 00 0  F        14001.76
DP   3  23 00 1  F        13734.11
DP   3  23 01 0  F        13489.92
DP   3  23 01 1  F        13286.16
DP   3  23 02 0  F        13113.82
DP   3  23 02 1  F        12960.01
DP   3  23 03 0  F        12822.29
DP   3  23 03 1  F        12706.18
DP   3  23 04 0  F        12638.86
DP   3  23 04 1  F        12620.69
DP   3  23 05 0  F        12523.23
DP   3  23 05 1  F        12243.92
DP   3  23 06 0  F        11912.54
DP   3  23 06 1  F        11701.20
DP   3  23 07 0  F        11719.16
DP   3  23 07 1  F        12019.58
DP   3  23 08 0  F        12494.23
DP   3  23 08 1  F        12999.76
DP   3  23 09 0  F        13413.82
DP   3  23 09 1  F        13657.62
DP   3  23 10 0  F        13805.83
DP   3  23 10 1  F        13947.35
DP   3  23 11 0  F        14074.55
DP   3  23 11 1  F        14149.49
DP   3  23 12 0  F        14109.57
DP   3  23 12 1  F        13937.65
DP   3  23 13 0  F        13823.36
DP   3  23 13 1  F        13936.95
DP   3  23 14 0  F        14164.56
DP   3  23 14 1  F        14350.84
DP   3  23 15 0  F        14458.45
DP   3  23 15 1  F        14483.21
DP   3  23 16 0  F        14435.47
DP   3  23 16 1  F        14309.51
DP   3  23 17 0  F        14020.66
DP   3  23 17 1  F        13550.15
DP   3  23 18 0  F        13221.67
DP   3  23 18 1  F        13309.36
DP   3  23 19 0  F        13546.71
DP   3  23 19 1  F        13617.38
DP   3  23 20 0  F        13546.30
DP   3  23 20 1  F        13454.04
DP   3  23 21 0  F        13502.50
DP   3  23 21 1  F        13785.68
DP   3  23 22 0  F        14084.69
DP   3  23 22 1  F        14175.38
DP   3  23 23 0  F        14125.44
DP   3  23 23 1  F        14075.50
DP   4  23 00 0  F        7670.24
DP   4  23 00 1  F        7601.95
DP   4  23 01 0  F        7526.84
DP   4  23 01 1  F        7443.30
DP   4  23 02 0  F        7370.60
DP   4  23 02 1  F        7322.62
DP   4  23 03 0  F        7270.65
DP   4  23 03 1  F        7187.16
DP   4  23 04 0  F        7091.70
DP   4  23 04 1  F        7011.65
DP   4  23 05 0  F        6958.36
DP   4  23 05 1  F        6928.68
DP   4  23 06 0  F        6877.35
DP   4  23 06 1  F        6768.76
DP   4  23 07 0  F        6648.18
DP   4  23 07 1  F        6576.57
DP   4  23 08 0  F        6596.90
DP   4  23 08 1  F        6728.45
DP   4  23 09 0  F        6913.64
DP   4  23 09 1  F        7087.67
DP   4  23 10 0  F        7233.58
DP   4  23 10 1  F        7346.58
DP   4  23 11 0  F        7422.60
DP   4  23 11 1  F        7459.52
DP   4  23 12 0  F        7462.25
DP   4  23 12 1  F        7444.42
DP   4  23 13 0  F        7447.42
DP   4  23 13 1  F        7507.56
DP   4  23 14 0  F        7613.19
DP   4  23 14 1  F        7738.24
DP   4  23 15 0  F        7846.90
DP   4  23 15 1  F        7907.86
DP   4  23 16 0  F        7917.36
DP   4  23 16 1  F        7877.14
DP   4  23 17 0  F        7783.14
DP   4  23 17 1  F        7634.27
DP   4  23 18 0  F        7446.87
DP   4  23 18 1  F        7256.58
DP   4  23 19 0  F        7158.82
DP   4  23 19 1  F        7222.60
DP   4  23 20 0  F        7351.57
DP   4  23 20 1  F        7437.20
DP   4  23 21 0  F        7487.79
DP   4  23 21 1  F        7534.83
DP   4  23 22 0  F        7585.81
DP   4  23 22 1  F        7641.54
DP   4  23 23 0  F        7700.01
DP   4  23 23 1  F        7758.47
DP   1  24 00 0  F        42560.07
DP   1  24 00 1  F        41017.90
DP   1  24 01 0  F        39639.51
DP   1  24 01 1  F        38549.14
DP   1  24 02 0  F        37712.92
DP   1  24 02 1  F        37061.09
DP   1  24 03 0  F        36538.45
DP   1  24 03 1  F        36119.80
DP   1  24 04 0  F        35885.48
DP   1  24 04 1  F        35903.81
DP   1  24 05 0  F        36089.62
DP   1  24 05 1  F        36351.97
DP   1  24 06 0  F        36730.34
DP   1  24 06 1  F        37322.09
DP   1  24 07 0  F        38325.56
DP   1  24 07 1  F        39851.87
DP   1  24 08 0  F        41562.23
DP   1  24 08 1  F        43077.54
DP   1  24 09 0  F        44307.52
DP   1  24 09 1  F        45254.89
DP   1  24 10 0  F        46005.91
DP   1  24 10 1  F        46638.39
DP   1  24 11 0  F        47113.19
DP   1  24 11 1  F        47365.42
DP   1  24 12 0  F        47344.37
DP   1  24 12 1  F        47095.45
DP   1  24 13 0  F        47034.47
DP   1  24 13 1  F        47499.32
DP   1  24 14 0  F        48145.92
DP   1  24 14 1  F        48561.25
DP   1  24 15 0  F        48738.64
DP   1  24 15 1  F        48775.94
DP   1  24 16 0  F        48782.81
DP   1  24 16 1  F        48774.49
DP   1  24 17 0  F        48376.57
DP   1  24 17 1  F        47319.36
DP   1  24 18 0  F        46141.56
DP   1  24 18 1  F        45507.24
DP   1  24 19 0  F        45773.60
DP   1  24 19 1  F        46970.89
DP   1  24 20 0  F        48128.36
DP   1  24 20 1  F        48339.52
DP   1  24 21 0  F        47955.68
DP   1  24 21 1  F        47485.86
DP   1  24 22 0  F        46812.04
DP   1  24 22 1  F        45745.14
DP   1  24 23 0  F        44438.85
DP   1  24 23 1  F        43132.56
DP   2  24 00 0  F        14459.34
DP   2  24 00 1  F        13819.84
DP   2  24 01 0  F        13273.55
DP   2  24 01 1  F        12883.02
DP   2  24 02 0  F        12588.03
DP   2  24 02 1  F        12320.61
DP   2  24 03 0  F        12104.59
DP   2  24 03 1  F        11972.28
DP   2  24 04 0  F        11898.10
DP   2  24 04 1  F        11860.01
DP   2  24 05 0  F        11908.04
DP   2  24 05 1  F        12084.09
DP   2  24 06 0  F        12325.48
DP   2  24 06 1  F        12591.76
DP   2  24 07 0  F        13035.81
DP   2  24 07 1  F        13778.63
DP   2  24 08 0  F        14620.45
DP   2  24 08 1  F        15318.93
DP   2  24 09 0  F        15782.34
DP   2  24 09 1  F        16003.17
DP   2  24 10 0  F        16160.00
DP   2  24 10 1  F        16421.06
DP   2  24 11 0  F        16726.92
DP   2  24 11 1  F        16940.21
DP   2  24 12 0  F        16839.44
DP   2  24 12 1  F        16337.90
DP   2  24 13 0  F        15972.06
DP   2  24 13 1  F        16220.50
DP   2  24 14 0  F        16707.05
DP   2  24 14 1  F        16967.91
DP   2  24 15 0  F        17043.33
DP   2  24 15 1  F        17073.32
DP   2  24 16 0  F        17092.84
DP   2  24 16 1  F        17096.48
DP   2  24 17 0  F        17022.28
DP   2  24 17 1  F        16803.81
DP   2  24 18 0  F        16413.16
DP   2  24 18 1  F        15899.39
DP   2  24 19 0  F        15580.79
DP   2  24 19 1  F        15704.74
DP   2  24 20 0  F        15965.67
DP   2  24 20 1  F        16020.25
DP   2  24 21 0  F        15927.09
DP   2  24 21 1  F        15803.90
DP   2  24 22 0  F        15602.99
DP   2  24 22 1  F        15264.06
DP   2  24 23 0  F        14841.74
DP   2  24 23 1  F        14419.43
DP   3  24 00 0  F        13776.73
DP   3  24 00 1  F        13499.89
DP   3  24 01 0  F        13252.61
DP   3  24 01 1  F        13055.85
DP   3  24 02 0  F        12896.11
DP   3  24 02 1  F        12754.78
DP   3  24 03 0  F        12627.15
DP   3  24 03 1  F        12516.45
DP   3  24 04 0  F        12443.67
DP   3  24 04 1  F        12407.76
DP   3  24 05 0  F        12301.91
DP   3  24 05 1  F        12041.36
DP   3  24 06 0  F        11735.45
DP   3  24 06 1  F        11532.04
DP   3  24 07 0  F        11539.20
DP   3  24 07 1  F        11816.90
DP   3  24 08 0  F        12272.72
DP   3  24 08 1  F        12776.55
DP   3  24 09 0  F        13199.97
DP   3  24 09 1  F        13453.05
DP   3  24 10 0  F        13598.28
DP   3  24 10 1  F        13718.38
DP   3  24 11 0  F        13824.74
DP   3  24 11 1  F        13898.95
DP   3  24 12 0  F        13874.65
DP   3  24 12 1  F        13723.34
DP   3  24 13 0  F        13615.89
DP   3  24 13 1  F        13710.97
DP   3  24 14 0  F        13919.11
DP   3  24 14 1  F        14107.21
DP   3  24 15 0  F        14215.61
DP   3  24 15 1  F        14218.72
DP   3  24 16 0  F        14153.67
DP   3  24 16 1  F        14042.15
DP   3  24 17 0  F        13781.46
DP   3  24 17 1  F        13329.27
DP   3  24 18 0  F        13009.10
DP   3  24 18 1  F        13100.06
DP   3  24 19 0  F        13337.79
DP   3  24 19 1  F        13408.69
DP   3  24 20 0  F        13345.85
DP   3  24 20 1  F        13273.48
DP   3  24 21 0  F        13333.80
DP   3  24 21 1  F        13603.63
DP   3  24 22 0  F        13880.15
DP   3  24 22 1  F        13958.28
DP   3  24 23 0  F        13903.40
DP   3  24 23 1  F        13848.53
DP   4  24 00 0  F        7676.98
DP   4  24 00 1  F        7624.63
DP   4  24 01 0  F        7557.51
DP   4  24 01 1  F        7468.62
DP   4  24 02 0  F        7381.98
DP   4  24 02 1  F        7318.41
DP   4  24 03 0  F        7254.82
DP   4  24 03 1  F        7167.84
DP   4  24 04 0  F        7076.89
DP   4  24 04 1  F        7006.92
DP   4  24 05 0  F        6962.24
DP   4  24 05 1  F        6933.73
DP   4  24 06 0  F        6879.17
DP   4  24 06 1  F        6766.59
DP   4  24 07 0  F        6638.00
DP   4  24 07 1  F        6553.70
DP   4  24 08 0  F        6572.95
DP   4  24 08 1  F        6727.12
DP   4  24 09 0  F        6936.98
DP   4  24 09 1  F        7115.34
DP   4  24 10 0  F        7253.88
DP   4  24 10 1  F        7362.80
DP   4  24 11 0  F        7447.53
DP   4  24 11 1  F        7507.61
DP   4  24 12 0  F        7523.81
DP   4  24 12 1  F        7490.59
DP   4  24 13 0  F        7475.99
DP   4  24 13 1  F        7544.04
DP   4  24 14 0  F        7669.13
DP   4  24 14 1  F        7804.81
DP   4  24 15 0  F        7911.10
DP   4  24 15 1  F        7958.93
DP   4  24 16 0  F        7956.51
DP   4  24 16 1  F        7915.58
DP   4  24 17 0  F        7824.70
DP   4  24 17 1  F        7675.05
DP   4  24 18 0  F        7491.39
DP   4  24 18 1  F        7317.65
DP   4  24 19 0  F        7240.84
DP   4  24 19 1  F        7319.16
DP   4  24 20 0  F        7452.37
DP   4  24 20 1  F        7531.40
DP   4  24 21 0  F        7570.34
DP   4  24 21 1  F        7606.87
DP   4  24 22 0  F        7649.80
DP   4  24 22 1  F        7699.82
DP   4  24 23 0  F        7753.84
DP   4  24 23 1  F        7807.87
